The number of jobs:
300

The number of machines:
20


The power of each machine at differnt speed levers:
(where rows denote machines: 1 to 20 and columns denote speeds levels: v1 to v4)


5,15,37,45
8,19,38,45
10,16,34,43
12,17,34,44
13,29,37,45
19,27,37,45
16,24,30,44
15,30,37,45
12,27,36,44
19,29,38,45
14,20,38,45
9,20,37,45
14,29,38,45
14,26,34,43
11,21,31,38
16,28,38,45
20,28,37,45
10,28,38,45
7,11,27,45
16,22,36,44

The basic processing time of jobs processed on different machines:
(where rows denote machines: 1 to 20 and columns denote jobs: 1 to 300)
22,12,38,20,31,26,16,39,38,38,31,44,29,10,44,15,15,47,31,38,23,35,12,35,30,40,18,49,41,35,15,17,35,12,39,43,43,24,40,38,48,41,22,33,18,23,31,34,45,18,39,26,21,47,23,37,22,39,47,18,23,48,32,41,18,39,14,41,45,48,31,44,49,47,17,23,44,16,45,15,11,19,11,42,31,14,36,13,39,40,30,49,16,20,36,11,21,19,21,20,29,21,48,31,49,18,31,48,49,41,17,25,32,30,27,44,42,43,13,23,28,35,36,41,22,38,29,14,22,47,45,15,31,39,16,34,42,15,10,34,10,16,17,29,40,24,11,27,46,25,25,11,23,14,13,28,14,25,21,34,30,33,37,36,11,22,43,48,48,25,37,12,34,40,33,10,38,43,33,22,11,21,35,35,11,18,42,47,42,31,16,14,38,15,36,34,47,48,15,21,41,44,44,12,17,28,16,24,22,48,19,22,30,31,45,41,22,42,15,24,42,19,18,42,36,20,18,28,42,26,32,39,18,29,39,30,22,25,25,29,16,49,31,17,19,28,16,19,29,28,15,13,41,38,31,47,45,24,20,28,28,16,42,42,27,36,30,24,15,36,16,25,24,38,25,21,12,32,13,15,34,32,12,42,35,20,16,27,13,17,34,22,28,14,45,17,25,20,42,24
48,44,15,12,37,16,16,36,17,14,27,19,32,33,23,23,31,34,17,23,16,20,21,31,46,11,39,42,24,25,38,47,24,47,40,32,48,20,44,42,25,36,50,12,49,34,46,18,34,47,13,25,24,23,24,42,29,30,12,34,35,27,11,38,34,20,43,32,27,29,25,47,33,49,35,48,15,17,36,36,37,37,30,21,27,29,31,30,37,27,22,33,28,44,32,17,32,40,18,29,26,26,45,11,41,36,43,29,41,44,18,32,13,24,12,20,18,26,25,33,28,45,46,39,33,25,48,41,25,47,39,45,20,21,24,42,24,48,29,40,28,37,46,30,38,14,13,41,17,45,41,19,23,17,29,13,33,44,50,37,26,12,14,37,21,33,15,21,27,22,15,39,47,25,13,33,35,29,38,34,11,38,49,31,35,48,41,32,26,29,48,42,11,23,11,30,22,12,41,11,21,44,35,18,34,24,11,35,49,32,25,46,33,50,47,37,43,35,35,28,20,46,41,47,47,27,25,34,41,46,29,17,46,26,35,27,27,13,11,49,22,48,42,11,41,16,14,36,26,25,48,29,50,35,25,50,39,13,27,15,26,27,46,18,17,11,21,50,38,20,20,17,39,23,17,50,15,29,11,24,17,32,12,49,26,35,34,26,36,30,12,40,22,42,44,18,16,42,43,31
38,40,32,12,45,35,30,47,13,49,13,35,20,10,42,23,37,18,22,11,28,27,28,34,39,25,41,17,38,25,42,45,43,18,30,45,13,11,25,47,29,46,16,44,13,37,28,43,22,25,27,26,31,18,44,20,45,40,42,38,38,11,33,43,12,31,19,18,12,44,23,24,15,29,24,22,45,22,21,17,49,45,47,39,40,24,30,44,38,29,11,36,19,22,30,12,34,18,25,45,17,46,21,14,33,44,44,48,18,16,20,30,20,25,46,35,12,42,40,43,16,37,30,50,20,20,25,18,21,49,32,43,20,33,29,32,15,32,40,34,34,17,33,38,49,27,26,32,13,45,20,46,26,35,31,12,16,19,23,49,31,29,41,15,36,38,38,14,23,35,46,48,12,16,39,37,49,29,42,17,37,18,23,15,29,44,13,14,15,20,15,21,34,46,39,39,11,20,11,16,47,49,47,11,24,27,17,48,19,23,20,30,31,22,30,27,34,30,29,11,36,21,10,17,34,44,11,50,42,21,15,27,19,24,19,33,40,35,45,18,24,31,21,23,43,18,42,34,46,25,34,43,11,43,33,40,46,41,31,21,28,47,25,28,37,33,23,17,42,41,21,20,16,36,16,37,42,40,24,43,39,20,50,17,31,47,35,35,28,47,35,21,16,21,41,46,46,37,16,19
18,19,46,47,36,23,21,48,33,26,42,43,47,16,26,29,27,21,36,18,37,21,34,31,35,21,27,20,26,27,20,26,25,35,22,33,38,46,13,35,19,42,17,18,43,35,25,13,33,40,39,45,26,43,28,35,39,42,29,11,49,14,12,17,23,37,36,26,37,14,25,48,11,26,32,36,14,18,10,15,46,32,12,12,29,17,36,25,50,33,45,44,48,44,14,48,28,27,32,17,28,32,24,49,37,45,25,27,13,15,49,46,50,44,31,41,43,46,45,37,44,25,26,40,12,45,43,15,44,18,24,33,17,20,46,25,38,41,12,47,23,42,27,15,33,30,35,24,23,27,34,41,41,12,32,35,14,36,38,46,21,25,20,37,34,50,48,14,32,25,35,24,29,20,28,35,16,39,25,33,46,27,47,34,46,30,26,17,14,45,31,10,38,34,23,35,31,15,13,25,12,37,28,26,16,25,38,47,17,38,39,31,29,23,30,25,45,25,23,46,42,22,11,36,35,43,43,34,12,31,35,37,35,30,32,36,37,46,36,48,40,25,26,41,25,18,44,17,25,41,36,30,40,14,10,37,48,45,36,19,31,25,21,21,25,36,32,46,37,34,39,50,21,43,24,45,27,40,15,37,35,24,23,19,36,33,26,39,20,20,24,31,45,23,49,45,25,24,10,17
43,21,33,45,44,33,24,34,34,40,48,27,16,39,42,16,27,26,29,11,24,21,24,48,35,37,42,26,31,46,41,47,26,28,18,47,34,21,48,36,46,25,45,48,42,30,43,49,26,20,43,32,37,23,42,39,44,27,11,21,44,32,12,43,19,31,12,35,21,13,43,18,29,32,24,46,26,13,14,43,42,23,32,41,50,41,47,24,16,35,36,48,47,45,43,12,14,33,33,25,23,15,35,14,35,32,49,14,48,22,41,15,43,16,26,32,14,41,20,36,15,42,13,43,26,38,18,18,21,44,31,42,21,42,24,44,46,47,33,46,32,36,48,48,15,49,17,21,32,17,43,39,13,45,35,24,25,30,33,45,25,13,44,45,35,26,49,44,10,49,18,40,30,11,38,41,41,28,21,16,14,26,25,47,13,15,36,29,40,19,46,32,12,48,47,29,32,39,35,15,13,20,26,16,23,22,40,43,28,28,13,34,25,14,44,30,33,33,24,23,25,22,12,27,43,21,27,46,43,12,44,38,39,13,37,23,50,44,41,33,40,36,41,47,32,23,31,24,33,21,40,20,37,34,45,29,47,32,31,27,44,15,34,40,35,30,36,23,35,38,46,28,12,21,19,17,16,14,25,35,26,24,31,32,12,16,37,23,13,11,31,37,23,36,38,30,25,20,35,23
26,47,26,32,12,50,40,29,13,29,15,13,18,39,21,42,20,42,21,23,42,26,33,37,19,17,34,26,42,46,13,25,42,19,18,29,47,42,20,18,44,24,47,10,33,19,29,48,16,41,30,29,37,15,34,35,36,10,41,16,15,27,42,45,16,39,31,50,28,31,24,16,19,45,46,30,48,49,38,16,22,21,37,33,36,33,23,18,15,23,43,10,27,36,30,15,18,46,46,20,46,17,16,33,13,33,37,43,14,42,18,26,10,39,32,25,22,20,13,40,38,27,26,16,28,32,40,22,46,46,37,31,25,36,17,37,11,14,48,38,14,40,13,34,36,30,45,44,41,26,11,20,24,25,16,28,29,27,48,34,22,48,43,32,16,44,15,17,39,45,32,48,47,32,37,46,38,29,17,11,47,40,27,46,41,27,18,49,23,37,10,48,18,41,39,42,48,45,29,47,31,17,47,23,16,14,37,20,43,20,46,14,33,14,33,20,13,41,24,13,46,29,28,20,24,28,24,42,44,17,23,21,10,24,47,38,28,19,33,30,27,47,18,41,25,28,43,28,38,17,23,27,28,49,17,33,34,22,12,29,33,31,32,18,33,14,31,28,13,14,13,18,14,50,21,41,19,13,36,49,25,34,28,14,48,41,42,47,27,37,15,22,50,26,37,42,47,29,22,31
20,41,47,41,26,29,30,19,18,33,12,38,33,37,20,19,29,33,29,36,41,47,16,34,45,42,45,14,48,40,44,26,16,26,32,45,26,26,13,43,27,48,30,47,13,42,20,20,13,31,42,39,17,27,27,28,24,32,26,20,30,28,12,46,25,30,40,27,21,48,18,14,40,18,37,37,28,14,42,47,46,35,40,12,40,17,45,13,11,15,29,21,42,44,45,32,46,32,47,33,36,13,29,41,13,29,14,20,14,16,39,40,25,16,19,32,26,39,28,13,27,29,50,46,40,46,23,35,21,12,27,10,23,29,17,39,14,26,28,27,40,31,47,33,39,19,36,29,42,30,48,10,36,34,11,35,23,44,15,14,33,26,31,14,25,20,34,49,47,48,30,26,27,15,14,38,33,42,22,40,44,33,43,32,43,36,21,28,37,44,45,11,19,46,33,22,12,14,35,12,11,33,44,29,18,26,38,15,35,18,29,48,24,14,20,31,18,31,46,33,28,43,34,11,34,25,19,39,18,50,28,49,22,17,30,22,12,39,36,30,32,39,14,42,28,13,40,37,28,16,48,46,40,28,14,19,23,42,39,32,14,10,32,50,45,18,31,12,12,29,43,15,24,13,45,44,24,38,41,17,11,12,39,22,29,29,25,15,21,21,14,16,11,20,24,32,13,12,13,12
48,49,22,49,28,34,16,37,36,48,43,14,18,30,39,26,33,34,17,20,15,47,19,22,17,48,29,15,29,19,27,36,19,11,38,15,42,44,23,33,36,41,24,46,32,49,35,49,32,13,13,39,13,22,40,32,43,25,12,17,28,21,47,49,37,43,40,49,48,37,39,21,33,17,43,36,22,15,28,47,49,18,11,36,23,17,13,17,34,42,18,13,12,39,23,35,37,34,38,12,23,44,11,31,22,34,30,37,10,45,31,22,41,40,19,42,15,19,16,45,43,13,41,22,41,32,23,19,17,43,26,23,15,46,12,17,44,24,48,25,39,37,31,28,22,11,24,41,47,23,17,18,12,41,32,38,11,28,14,19,42,20,36,30,24,16,34,32,37,22,13,31,47,31,12,17,34,49,23,46,24,48,46,20,11,36,43,45,32,13,18,27,29,12,32,23,14,36,32,24,39,48,29,44,39,14,19,36,24,24,47,27,19,26,41,48,36,29,50,13,35,50,32,15,27,31,13,22,36,21,19,31,47,44,31,16,12,48,31,42,33,38,17,33,11,19,45,42,35,46,48,26,46,19,44,21,33,41,34,32,46,18,35,41,26,30,38,33,37,24,42,43,36,20,16,44,37,11,32,45,13,29,22,27,19,14,21,24,23,41,19,26,32,10,31,33,27,40,25,10
50,38,13,22,40,47,28,11,15,27,23,39,40,32,45,50,32,31,33,30,34,29,21,22,44,24,39,47,10,50,28,23,32,16,48,49,39,46,10,26,18,27,36,36,22,29,21,36,46,41,45,21,48,11,43,43,36,30,28,29,44,33,24,20,27,35,35,17,49,16,20,19,38,13,30,34,34,13,19,12,36,13,11,40,26,40,38,21,34,28,49,18,48,40,12,41,33,10,48,46,44,49,42,48,24,22,27,37,43,50,28,49,38,39,18,42,33,40,33,18,37,16,27,41,37,46,22,35,13,18,40,43,37,35,14,20,26,27,48,28,22,48,23,47,39,26,37,19,17,48,44,39,13,26,31,10,48,12,13,20,20,45,22,28,41,50,24,45,43,38,39,42,21,10,37,28,36,27,47,48,44,27,45,15,17,35,26,30,36,44,50,23,32,24,29,48,22,29,31,37,16,41,42,25,13,26,14,50,46,22,23,36,23,24,41,31,17,21,23,24,20,45,32,15,31,19,33,19,11,39,35,42,13,10,16,27,48,29,40,45,11,12,36,13,20,47,40,23,20,48,19,33,50,29,50,48,47,34,48,31,34,11,24,39,23,13,40,31,28,36,36,20,39,17,26,30,34,44,42,21,34,44,36,29,12,34,48,25,30,11,17,42,33,44,20,12,18,26,27,18
37,41,43,49,23,36,44,48,48,31,23,47,33,40,18,30,18,35,26,40,48,48,33,27,15,36,34,40,13,21,47,12,47,23,46,11,40,12,32,33,49,35,16,47,27,34,36,30,50,23,47,13,24,47,36,44,48,38,49,40,33,12,14,30,39,37,38,38,30,44,45,18,13,44,20,29,11,10,24,39,22,19,16,26,13,28,48,42,22,46,43,38,15,17,36,44,30,44,47,18,40,29,43,34,11,40,25,15,32,24,32,37,38,37,44,41,30,32,27,24,38,22,47,47,37,16,35,32,23,33,36,43,26,42,31,38,29,49,29,25,42,48,25,39,49,34,36,25,12,23,40,48,26,28,42,29,43,49,34,30,13,32,34,41,35,28,22,33,20,31,40,24,24,38,33,23,30,12,48,17,29,30,30,12,44,38,22,32,39,19,13,39,43,25,40,20,38,29,46,25,12,14,48,17,13,49,34,47,31,33,39,18,45,47,11,11,15,13,16,12,17,31,13,17,29,31,29,23,13,46,17,41,13,49,13,23,30,25,34,48,25,38,45,46,17,39,29,31,35,18,22,23,31,21,43,23,47,40,48,39,38,22,24,21,47,40,29,34,14,43,35,26,27,48,20,48,19,44,19,47,42,46,37,48,16,12,21,49,15,31,35,12,46,33,28,22,36,25,46,49
37,34,50,32,46,26,44,36,42,30,49,25,25,26,31,39,24,47,44,25,26,19,49,19,10,10,16,36,31,37,46,14,27,13,24,13,36,42,47,21,25,24,16,43,23,35,43,43,38,43,14,29,23,16,41,16,30,14,17,14,41,26,21,30,14,21,28,41,16,10,45,11,20,41,38,43,34,41,35,43,24,21,26,35,21,27,48,20,38,27,49,45,24,10,14,24,35,26,39,28,18,10,24,27,30,16,22,16,19,40,34,25,10,23,22,24,48,48,42,33,50,32,46,19,31,38,19,24,48,34,26,26,29,27,14,30,12,29,15,18,12,20,23,21,25,19,49,21,41,21,50,12,46,32,40,28,48,19,43,13,29,48,33,38,18,34,11,21,34,46,18,30,36,22,17,40,26,12,35,38,29,24,16,11,13,47,17,41,33,38,36,30,34,17,50,39,40,31,39,41,43,26,32,43,35,29,17,48,22,31,19,32,32,37,29,34,23,14,19,16,19,22,29,35,44,41,33,23,33,44,11,50,43,11,16,41,33,29,41,47,31,16,40,21,19,25,31,35,28,19,46,11,50,21,36,28,12,48,31,31,37,47,13,10,13,17,15,35,47,40,29,30,24,33,25,26,30,29,42,34,32,28,50,22,28,34,41,37,44,50,41,17,34,17,31,33,40,17,14,49
28,16,39,11,16,32,37,48,42,29,21,45,38,17,14,17,13,42,19,25,19,46,19,44,39,49,20,38,39,11,18,14,22,49,39,23,39,11,45,48,28,11,44,47,28,29,23,24,27,41,39,21,11,21,32,33,29,12,23,49,18,11,25,20,33,45,45,41,19,27,33,40,41,14,46,17,39,19,37,40,20,15,15,11,12,39,30,17,25,13,29,16,14,23,39,40,30,49,34,43,11,42,49,14,49,46,29,38,49,44,43,15,26,29,16,45,36,39,12,18,42,14,19,44,47,13,40,43,40,25,49,29,37,11,34,34,28,30,27,41,50,48,30,34,26,49,44,32,13,37,29,34,24,40,34,34,21,20,33,46,49,23,50,23,16,46,18,45,29,35,13,35,47,14,39,25,43,33,19,39,35,46,35,37,23,26,35,24,28,44,40,34,24,39,16,40,32,17,10,24,19,21,41,34,47,49,17,37,46,48,41,47,40,49,20,29,45,31,15,44,14,30,22,20,15,28,26,40,45,20,25,48,32,29,16,35,49,40,35,37,32,22,37,21,39,48,22,15,15,43,13,33,12,40,43,17,47,14,23,14,19,44,46,45,47,48,17,50,40,20,47,42,11,11,17,41,27,38,27,42,11,42,15,16,39,11,25,19,38,41,14,13,47,32,42,32,15,35,42,40
27,33,39,28,30,44,10,25,46,31,19,24,26,11,31,38,47,32,19,40,31,23,36,16,21,33,48,28,20,29,23,46,44,44,40,23,25,42,22,13,34,18,40,47,30,32,30,15,39,46,11,13,12,21,47,48,39,33,42,19,25,25,14,35,37,35,44,20,42,41,10,37,29,49,43,20,12,29,39,42,11,42,19,47,22,28,23,36,14,14,24,25,27,38,41,40,29,19,21,13,41,12,44,40,24,24,35,30,47,27,34,23,23,45,13,36,19,17,39,21,11,40,22,45,35,43,37,20,32,30,33,50,50,19,37,45,36,27,43,35,35,12,39,25,29,38,29,41,29,46,18,42,11,18,35,35,18,20,36,21,26,10,12,22,46,28,31,14,15,13,21,13,50,47,28,44,45,15,19,24,38,24,32,50,30,39,28,30,13,20,37,44,41,49,14,38,31,21,17,22,39,47,28,39,17,25,49,30,12,46,15,37,31,38,39,19,42,36,25,30,50,12,12,20,15,20,20,16,36,30,21,15,17,26,36,38,48,43,34,11,43,30,36,25,48,25,21,47,46,36,38,33,43,39,14,49,11,39,34,29,43,33,14,31,11,18,46,29,25,19,15,41,30,40,43,27,18,41,24,19,36,46,30,13,34,18,24,19,48,18,38,47,21,18,17,10,24,39,33,32
27,24,41,22,35,45,39,35,47,14,14,38,34,24,47,15,11,34,35,46,30,44,21,41,28,26,11,46,25,27,33,50,28,30,34,14,17,22,37,14,36,21,38,24,33,35,15,29,39,27,46,34,20,49,41,11,18,30,46,39,35,16,45,11,17,43,41,19,16,25,34,12,22,21,38,39,37,38,15,15,13,12,37,19,28,15,16,13,18,14,37,33,32,26,49,45,43,32,45,15,16,20,29,25,17,30,49,29,37,18,20,22,12,34,31,40,24,23,14,33,21,32,30,37,39,50,36,31,41,15,45,47,17,30,16,33,35,11,42,28,34,39,14,25,47,11,30,18,40,19,27,16,17,25,29,50,28,22,40,43,29,35,39,40,22,26,39,47,42,43,19,43,12,35,49,42,17,18,16,36,25,49,22,30,30,11,44,41,25,30,14,48,32,14,27,11,39,37,29,46,49,21,22,42,31,17,48,18,18,23,43,19,18,46,22,12,13,50,33,41,28,27,36,14,34,26,37,34,24,47,23,18,27,20,18,15,35,38,20,46,47,23,15,30,20,32,36,11,39,39,49,39,40,29,29,33,15,13,14,10,38,48,28,35,36,50,17,49,30,25,33,28,42,20,45,26,47,14,42,20,27,12,25,23,34,22,12,34,29,17,21,26,38,42,33,35,42,32,26,22
17,23,41,42,22,25,21,24,29,40,26,42,26,38,28,13,30,33,14,19,26,15,14,27,13,45,20,47,43,43,15,21,42,27,49,47,19,41,46,14,47,23,17,45,13,48,14,28,22,12,44,24,12,42,23,13,44,47,36,20,40,41,30,42,37,18,30,21,36,26,36,48,11,34,33,33,48,26,24,19,46,25,11,26,19,43,11,17,17,23,22,39,15,37,32,46,44,24,35,33,38,23,27,35,29,12,23,42,26,30,35,25,32,11,47,12,35,42,38,32,32,44,11,22,35,32,43,24,29,11,25,36,16,50,45,35,21,18,18,39,22,48,11,28,22,27,26,35,34,12,46,49,39,21,19,39,29,29,31,14,46,17,28,17,14,28,30,23,37,27,26,11,32,42,45,38,23,45,19,17,12,37,49,13,28,38,21,50,10,29,36,41,35,12,23,36,15,44,23,40,41,44,37,31,21,11,48,14,23,30,17,45,20,30,37,29,17,28,22,19,49,24,11,45,46,40,21,14,46,39,50,41,32,41,20,46,26,17,45,21,29,36,49,22,32,31,49,14,15,18,39,47,18,29,13,21,14,33,27,27,44,43,19,27,38,43,42,43,42,45,24,13,34,10,29,41,27,49,30,29,16,26,36,48,49,29,28,46,17,21,32,48,49,46,36,22,21,41,14,40
36,47,47,22,45,16,15,39,17,22,17,37,18,44,40,18,16,44,30,47,30,30,13,50,35,19,32,36,26,10,19,25,18,32,39,36,50,33,31,28,30,24,26,11,39,22,34,24,46,21,31,48,43,16,24,17,27,33,41,43,30,44,17,27,47,31,22,23,12,25,16,35,29,16,28,28,15,14,28,28,31,37,14,31,48,25,46,18,44,38,31,18,38,42,30,38,15,48,24,36,47,12,14,48,43,44,39,20,45,23,43,29,31,26,27,50,38,49,47,30,32,17,28,46,27,22,43,25,11,39,31,28,22,22,11,47,16,48,16,42,19,44,17,43,40,47,34,27,23,24,38,49,34,25,17,29,30,46,19,47,17,34,29,27,32,48,41,48,33,16,11,23,12,28,28,43,38,15,30,37,47,33,25,18,48,28,39,23,36,45,47,19,49,49,13,23,37,39,37,10,35,34,21,37,19,38,15,46,32,19,11,48,31,13,34,43,29,50,16,17,20,17,23,10,49,43,16,49,49,48,11,41,33,49,35,37,20,27,10,14,43,44,27,23,28,45,36,38,19,32,28,35,36,20,30,36,26,15,23,44,21,41,34,48,17,30,49,12,48,21,17,45,25,20,42,31,38,49,14,37,12,11,34,49,45,22,20,40,15,48,14,49,38,34,19,14,34,35,28,46
24,15,26,19,27,40,10,36,12,30,35,48,11,24,45,49,39,17,43,27,34,22,33,49,22,46,28,28,20,37,30,49,10,34,36,22,11,31,39,31,40,13,26,46,22,44,36,31,27,35,34,21,24,17,22,50,21,24,48,49,21,33,28,15,44,49,42,35,50,38,26,21,43,17,11,29,21,24,31,18,12,48,20,17,49,43,26,28,49,34,42,29,46,27,19,43,32,14,39,39,28,10,41,18,34,46,11,40,25,43,27,25,24,27,20,15,41,36,30,16,38,14,21,17,43,12,50,49,15,43,49,37,48,22,32,20,45,39,13,46,29,43,11,35,28,23,28,30,15,22,26,15,14,15,39,17,31,37,47,39,16,39,14,36,34,41,17,44,46,11,41,44,21,37,23,36,29,19,42,27,33,43,43,28,12,25,40,20,11,11,31,24,23,29,38,47,46,35,30,20,37,50,28,29,31,35,25,37,18,15,19,34,48,41,12,19,39,49,41,46,38,31,31,46,45,30,15,35,42,30,21,34,20,16,26,33,16,44,28,25,24,40,30,10,20,29,25,35,32,44,46,43,47,26,37,16,18,49,49,35,40,47,44,13,16,11,34,39,28,39,17,26,39,22,28,47,15,23,19,15,33,22,34,30,26,18,28,26,36,19,33,45,20,48,16,19,39,36,15,42
29,25,42,40,12,28,31,15,31,19,41,48,32,19,14,33,40,43,13,42,13,30,49,15,20,49,39,12,40,14,19,16,31,33,22,23,18,47,22,22,12,15,12,39,27,20,43,22,46,16,15,15,44,34,28,15,30,45,47,42,15,41,30,22,24,40,20,27,14,43,48,35,38,47,36,20,25,36,12,13,47,15,29,46,17,10,48,32,10,24,16,46,33,10,18,38,46,26,30,22,47,22,22,45,15,39,25,14,10,43,33,28,41,16,43,37,32,38,49,33,18,47,45,21,25,40,34,41,46,39,35,17,13,43,33,21,49,30,22,19,45,24,43,15,30,23,16,28,40,41,26,41,21,30,50,34,23,34,31,45,18,35,47,15,13,37,37,20,27,41,48,21,40,31,50,11,23,50,27,18,49,44,12,30,25,11,34,23,32,47,27,14,20,34,47,33,20,22,15,14,11,31,45,19,30,50,49,42,29,41,48,30,15,49,30,36,37,40,22,12,46,10,18,35,14,14,23,16,37,45,35,41,25,26,30,31,42,11,23,15,20,31,48,45,24,45,21,10,39,37,48,23,28,34,10,40,37,35,35,21,13,40,45,40,31,23,16,22,46,17,23,29,27,18,29,35,31,25,13,34,28,16,50,13,42,40,26,15,36,16,21,34,44,41,12,44,11,48,33,25
48,15,37,19,49,15,21,47,26,18,35,12,15,25,43,35,42,49,12,20,50,39,13,23,30,49,48,19,44,39,45,24,24,45,30,36,32,17,40,43,16,35,49,49,20,39,28,48,40,44,23,44,41,34,37,48,45,43,49,48,43,14,18,31,27,18,39,24,23,48,12,11,49,30,15,25,42,43,23,31,41,26,50,24,29,24,26,42,45,18,14,31,33,42,13,49,14,35,13,12,21,32,24,46,38,27,31,19,13,29,39,12,17,30,28,24,45,22,21,29,16,48,29,45,24,42,24,32,39,40,43,28,19,16,32,45,25,22,36,38,18,23,28,41,43,12,21,13,44,32,24,33,43,43,27,49,28,29,31,24,20,32,26,47,30,21,48,40,24,31,12,43,17,29,40,27,35,24,24,46,17,19,35,42,16,25,14,44,39,36,19,16,38,11,46,38,27,43,28,42,43,37,37,11,49,12,10,41,20,48,42,26,40,46,38,32,31,23,40,22,21,35,34,15,39,26,40,26,47,18,22,36,43,24,50,34,26,35,15,32,20,47,24,25,41,32,35,29,29,29,34,27,41,39,31,29,33,40,45,47,17,15,22,42,38,33,42,22,22,30,16,27,47,23,33,17,12,19,15,11,38,41,11,19,50,47,30,22,13,22,38,44,50,28,32,43,40,20,47,13
23,30,29,47,19,30,27,50,13,20,41,38,37,34,42,29,46,23,11,30,39,24,38,13,21,42,14,10,32,14,18,11,46,27,23,17,46,26,34,18,15,45,17,22,39,16,24,36,13,12,49,16,28,44,11,22,29,33,16,19,20,48,26,38,39,18,13,26,15,19,40,45,46,17,30,43,30,44,27,50,39,45,15,16,16,29,44,17,50,47,12,39,41,22,12,15,19,11,14,13,49,35,40,12,29,47,24,16,37,16,25,36,38,24,29,45,19,14,29,24,48,28,41,26,46,16,41,35,45,26,23,40,45,42,44,47,24,49,41,14,30,40,39,20,23,22,50,35,41,37,20,23,31,45,38,36,37,31,26,24,34,20,25,28,10,32,29,49,39,22,36,41,17,15,17,40,34,31,49,14,39,37,17,43,35,12,18,11,25,33,12,11,41,27,17,32,43,23,37,14,22,27,25,26,50,26,32,28,40,25,20,29,18,18,18,12,29,45,11,41,21,43,44,37,37,24,26,41,26,30,43,33,24,14,26,40,49,35,29,45,32,35,31,21,16,32,50,26,12,31,14,45,17,35,16,30,18,38,15,18,41,15,37,26,49,46,48,18,46,35,39,50,44,14,32,41,18,35,29,44,46,49,49,33,17,11,35,46,23,29,47,46,26,33,39,47,24,17,34,20
