The number of jobs:
1000

The number of machines:
20


The power of each machine at differnt speed levers:

(where rows denote machines: 1 to 20 and columns denote speeds levels: v1 to v4)


8,11,37,45
19,25,32,42
14,28,37,45
16,28,36,44
5,13,26,34
12,29,38,45
9,24,34,45
14,26,33,40
17,28,37,45
12,20,31,39
12,29,38,45
15,27,36,44
20,27,34,43
19,26,36,45
6,14,26,42
6,13,33,44
8,26,34,45
20,28,38,45
17,24,31,45
20,29,37,45

The basic processing time of jobs processed on different machines:
(where rows denote machines: 1 to 20 and columns denote jobs: 1 to 1000)
32,48,21,11,33,37,29,17,37,18,34,33,20,23,20,49,46,21,42,47,34,44,28,28,22,37,41,40,38,46,38,38,44,31,39,26,36,40,19,35,26,45,22,25,43,17,45,49,39,41,26,23,29,25,45,46,19,24,42,41,47,44,10,27,22,34,24,15,36,50,25,36,36,12,23,31,18,15,18,14,11,24,24,35,17,19,17,39,31,13,32,10,48,29,25,17,31,35,38,45,17,21,24,45,46,39,46,29,25,48,45,11,32,30,29,33,13,36,28,17,25,31,44,22,12,36,36,16,39,49,23,45,17,32,11,49,11,14,21,19,36,18,30,39,16,37,22,26,31,29,42,41,47,17,35,19,28,10,36,28,30,39,47,27,34,14,30,22,20,13,14,27,16,37,11,23,21,36,24,25,40,12,24,33,38,27,42,10,22,34,24,29,28,35,46,42,19,11,25,36,22,11,15,40,43,42,26,14,48,11,11,47,15,27,39,37,43,42,45,29,12,27,49,24,37,14,29,49,21,13,43,42,23,41,46,36,28,13,15,42,22,11,47,44,40,15,16,35,12,28,16,11,32,27,16,47,43,36,44,31,22,36,33,28,26,37,21,44,37,13,22,21,21,38,12,30,22,49,48,17,24,41,30,22,37,32,37,21,15,17,39,16,42,23,21,19,25,19,39,14,11,33,23,24,13,12,35,24,23,14,33,33,25,19,18,35,41,45,14,43,50,50,32,23,33,23,43,15,45,12,31,41,21,29,43,35,26,30,28,11,10,40,10,34,18,28,23,21,29,31,27,15,11,15,27,45,24,35,29,18,13,44,36,35,41,11,13,10,13,48,45,47,26,32,26,45,44,12,15,33,48,16,41,11,40,23,39,39,27,26,18,35,34,41,13,42,48,13,25,44,37,20,33,49,23,28,40,44,38,34,36,12,41,49,49,41,44,41,22,26,47,32,15,43,30,10,23,36,34,35,39,31,24,17,19,20,36,22,46,31,12,25,40,44,37,26,33,18,12,14,20,22,16,32,49,37,37,16,13,27,33,39,25,44,37,25,25,33,35,13,26,48,40,24,43,19,34,35,36,40,13,24,13,41,17,15,20,23,19,28,29,39,15,15,22,48,17,43,21,20,45,45,18,12,41,10,25,39,48,19,40,29,19,28,40,38,12,32,14,36,27,40,36,18,38,44,32,12,29,12,15,19,36,16,16,26,21,21,38,48,12,16,27,36,21,24,13,35,16,41,31,49,34,40,43,25,48,12,14,31,45,47,28,48,42,47,25,44,26,31,48,26,10,31,32,25,31,43,49,38,50,13,25,10,42,43,31,41,25,32,10,47,43,11,15,27,28,39,28,32,18,30,34,48,44,46,27,24,31,34,46,42,31,36,34,28,41,27,28,43,19,23,48,14,31,13,24,44,46,37,12,29,27,38,24,12,12,27,18,41,14,46,35,18,16,18,27,33,29,23,10,21,32,18,35,11,16,48,49,29,34,19,28,40,22,15,45,12,32,26,40,16,26,36,44,18,31,25,33,16,30,34,44,33,49,45,11,11,33,11,31,46,45,35,14,20,17,36,11,15,44,49,13,27,49,12,13,17,13,29,15,13,30,17,34,39,41,45,38,12,34,41,16,12,32,34,27,26,41,36,17,32,42,20,41,24,17,35,39,20,47,19,42,24,43,27,49,32,18,28,37,26,34,15,13,43,46,25,31,31,32,34,32,17,22,30,20,26,38,22,23,47,35,49,43,12,20,17,31,33,41,17,36,21,30,44,43,15,35,31,42,44,16,37,29,31,14,17,47,42,25,12,46,22,35,12,44,19,23,10,33,11,23,22,17,47,32,44,35,29,44,38,20,25,38,42,50,29,39,26,23,30,47,40,12,38,48,12,26,37,16,33,29,27,41,19,11,25,28,25,49,24,29,26,46,49,43,35,22,47,40,42,21,38,48,16,26,41,40,27,48,23,17,49,17,38,32,11,23,29,46,43,36,50,47,19,12,17,41,41,33,29,27,42,47,15,43,32,48,21,44,47,40,36,36,22,40,45,38,44,42,46,32,22,21,23,30,17,28,15,23,36,28,29,30,10,47,19,21,38,36,50,21,46,19,45,24,14,34,27,14,27,43,10,37,34,50,35,28,49,38,30,22,20,50,14,14,12,16,13,38,27,11,35,27,50,42,35,48,25,27,34,39,15,35,39,23,24,38,28,37,40,43,36,30,24,50,34,14,34,33,17,12,25,50,27,14,39,36,34
46,16,31,36,22,38,29,40,35,37,36,25,24,21,47,25,37,38,46,34,27,47,23,27,24,37,47,27,15,11,17,46,22,50,50,47,41,39,26,43,14,47,43,42,40,33,15,49,12,32,19,26,12,40,33,25,18,38,43,36,44,44,13,11,24,35,13,36,38,35,42,18,23,14,11,43,32,23,13,22,47,34,42,50,19,32,18,38,32,14,43,19,22,40,17,20,18,45,23,22,41,39,23,40,35,16,48,38,37,19,17,19,21,36,26,38,38,28,11,23,44,24,30,20,18,12,34,27,31,27,30,37,25,36,47,49,41,28,12,12,21,18,21,36,42,24,23,16,41,18,43,25,49,37,49,15,49,45,32,24,40,19,37,34,32,30,22,16,38,11,33,18,45,31,33,42,29,16,20,43,33,24,36,14,28,21,16,26,16,10,15,11,34,34,34,35,40,32,19,33,19,44,40,40,14,24,22,26,42,43,38,44,38,49,17,23,13,47,24,12,34,41,32,19,18,14,42,16,38,25,37,23,27,29,30,38,30,24,15,26,17,28,19,18,13,37,46,11,49,25,14,21,12,38,46,41,44,17,28,22,48,49,43,31,11,14,31,23,20,36,17,28,31,41,25,39,46,32,26,46,44,30,33,45,42,22,48,39,11,33,20,25,16,14,45,12,12,48,23,30,17,11,37,14,14,24,40,33,27,50,50,33,19,48,48,40,44,36,15,26,29,29,43,34,29,16,34,46,29,27,20,14,46,17,48,39,39,20,43,23,44,31,22,36,28,24,41,24,31,46,25,33,26,23,22,28,26,27,45,13,47,31,26,36,33,11,20,28,30,31,49,47,35,41,30,20,16,47,50,42,40,38,48,14,32,45,36,45,37,19,17,25,22,47,37,19,22,31,25,40,24,13,15,36,30,11,11,27,13,36,48,14,42,43,40,11,35,35,26,20,28,47,29,46,40,21,46,15,29,37,38,29,43,13,22,40,13,37,15,33,19,28,12,27,27,29,13,21,18,19,49,32,20,26,35,43,18,43,42,45,10,45,28,20,42,33,24,26,28,30,34,19,20,11,48,18,10,21,28,20,35,30,13,44,49,19,49,48,27,34,48,50,23,11,38,21,30,35,34,45,17,39,37,40,19,39,24,41,49,21,44,12,25,17,43,47,24,48,34,36,46,39,36,33,38,29,28,20,13,11,41,42,17,27,32,46,34,15,13,16,47,37,34,33,45,29,41,29,37,26,38,28,18,31,28,15,33,25,16,21,15,38,38,43,11,46,48,40,22,34,29,15,44,30,47,22,39,33,36,34,40,14,43,41,41,17,41,26,16,16,27,39,37,48,21,28,16,12,45,42,46,26,14,32,29,18,38,30,23,44,25,38,15,24,32,14,35,39,46,42,31,30,15,48,39,36,43,26,34,43,48,21,48,47,26,36,12,47,47,15,24,14,45,45,50,29,16,20,42,32,45,26,20,47,43,18,17,23,47,49,23,48,30,33,43,17,16,22,42,45,50,27,39,36,45,27,45,38,40,27,17,12,27,31,41,31,16,19,45,44,35,25,37,15,36,24,23,14,30,12,47,11,27,34,18,30,41,22,48,18,36,46,48,15,44,35,23,48,13,49,27,24,28,12,45,32,19,22,10,47,30,19,30,24,21,49,11,47,12,42,19,47,47,15,44,16,12,25,45,16,21,42,29,34,27,19,32,50,40,47,24,20,11,33,46,40,46,33,47,16,45,44,25,33,10,28,16,48,34,48,43,35,45,11,38,16,43,18,27,24,28,27,10,15,16,33,18,40,37,16,16,18,24,24,43,25,42,15,30,44,10,29,45,27,41,49,42,18,37,14,39,39,23,11,40,37,15,40,18,14,12,28,22,24,14,30,22,43,29,12,46,47,15,20,23,38,18,50,15,11,11,41,38,30,46,30,27,49,28,31,11,38,13,18,28,42,41,24,26,29,35,43,29,32,40,17,47,28,29,49,28,44,47,35,13,34,32,19,16,16,21,21,10,12,39,42,13,11,43,25,15,29,22,49,27,37,28,34,29,16,24,21,16,43,28,41,32,47,45,18,43,15,39,33,24,18,15,30,28,33,43,48,22,17,12,43,25,24,38,11,16,24,26,11,44,49,20,12,13,44,29,28,12,28,15,19,18,19,31,13,37,25,29,23,18,39,24,11,38,22,43,46,15,28,35,20,35,14,23,12,26,36,29,47,13,20,45,18,25,11,15,39,46,35,42,35,23,42,49,27
46,35,10,29,29,22,43,39,33,16,22,48,12,41,42,13,34,24,23,11,18,43,38,33,41,45,28,42,21,16,45,42,17,33,34,33,44,31,47,12,38,25,42,16,30,18,47,35,15,10,25,13,47,41,39,48,12,33,13,24,31,35,47,28,42,48,29,23,35,39,46,15,34,18,11,45,48,33,13,30,19,23,50,49,46,45,37,23,48,14,46,37,23,40,26,46,13,37,49,48,15,18,21,44,11,50,35,29,26,24,50,34,35,37,42,47,42,20,30,34,18,31,28,44,41,45,48,19,13,17,13,34,30,28,40,34,33,40,36,24,46,34,46,15,48,42,46,30,49,15,36,36,43,24,28,36,22,28,22,32,37,11,45,13,18,34,22,36,22,35,18,39,49,20,24,16,32,31,19,37,14,25,26,34,45,41,33,10,33,14,49,47,11,36,29,20,16,37,33,18,15,20,22,22,13,41,43,29,46,22,33,13,48,11,15,49,26,37,18,33,14,20,32,25,39,35,31,40,23,38,37,41,16,34,16,28,43,33,31,24,21,10,29,45,46,28,19,46,12,28,29,46,36,12,46,30,19,24,41,21,24,38,22,25,31,39,37,17,50,14,50,23,50,33,44,28,24,49,31,37,12,24,20,45,32,24,49,46,31,16,49,34,45,22,42,33,24,33,25,38,27,24,34,36,45,30,14,42,47,15,31,35,17,36,26,43,10,17,22,41,47,25,47,25,20,23,33,13,14,14,43,20,33,16,22,47,32,41,45,29,14,10,11,16,24,42,29,24,19,47,44,17,42,41,13,47,19,25,37,31,34,32,15,26,20,24,46,35,31,42,25,35,11,49,44,25,45,30,22,46,24,32,26,24,13,28,42,29,21,24,17,37,31,26,31,24,22,33,11,26,17,13,46,38,32,36,29,50,19,41,35,34,30,30,22,40,17,32,12,21,12,10,18,23,43,49,25,15,31,17,11,49,41,12,23,42,36,10,48,43,46,35,42,21,43,45,25,22,22,36,31,10,11,25,43,38,24,34,25,12,20,26,15,23,21,34,44,18,47,27,44,46,30,18,36,17,40,35,34,36,29,28,28,49,16,43,28,32,41,15,18,34,15,19,31,50,40,22,31,10,29,41,47,31,45,31,29,43,33,39,24,20,28,47,46,35,11,29,27,33,45,40,30,47,13,20,40,14,30,29,36,11,28,22,19,35,23,20,28,27,35,13,39,45,31,12,29,32,25,30,29,25,25,21,18,23,33,14,11,34,12,17,33,33,22,24,33,41,49,47,12,44,10,23,32,50,16,26,13,31,40,20,30,45,18,37,34,37,23,31,37,21,27,48,18,43,34,16,41,10,13,11,18,33,25,25,33,11,23,29,35,11,13,40,17,28,50,27,30,11,23,12,15,18,42,47,25,16,19,38,36,18,25,44,17,34,28,24,16,20,29,40,45,37,21,40,31,21,41,11,46,13,31,19,13,41,30,30,13,14,14,23,36,18,45,35,50,23,31,12,35,26,30,10,14,20,45,36,11,34,28,41,26,50,43,42,21,13,18,45,11,26,11,17,40,28,13,34,42,13,18,30,37,14,24,38,39,45,43,25,34,28,45,34,50,14,42,29,20,36,10,44,46,11,41,47,19,15,23,22,16,37,38,22,49,19,27,26,43,15,19,49,38,37,36,37,33,27,36,34,29,28,41,50,47,13,23,27,13,33,36,20,40,33,37,47,20,11,23,38,38,39,22,42,48,32,11,15,37,37,32,35,40,37,49,15,38,14,13,26,20,26,40,37,37,43,29,18,14,12,29,38,18,11,33,33,25,21,17,28,30,43,49,36,46,24,25,21,13,12,49,20,47,45,43,46,45,16,19,15,25,33,32,46,37,43,35,40,48,24,40,29,38,41,34,35,38,34,22,34,37,14,45,50,49,17,25,27,36,15,46,47,47,12,48,39,35,25,11,31,11,43,22,47,12,21,42,49,23,12,16,37,32,26,17,48,27,29,19,38,14,20,47,15,14,23,17,44,27,29,49,13,42,20,38,47,49,24,36,43,46,46,23,12,37,10,46,38,41,31,10,23,43,27,15,49,37,16,33,22,19,33,17,18,13,27,23,31,39,19,34,13,13,19,43,39,36,47,40,35,19,30,33,42,45,11,14,32,17,35,17,47,39,36,10,30,12,44,19,49,32,30,49,21,12,31,30,43,33,22,14,28,23,29,38,14,38,35,31,21,37,41,15,11,16,45,36,20,41,20
10,16,16,13,47,38,16,44,22,36,41,42,45,26,21,46,43,20,21,24,19,20,42,19,26,34,36,25,16,45,33,20,10,30,34,28,41,32,49,25,27,15,11,19,37,39,49,20,29,21,44,19,42,24,14,32,31,42,35,22,20,18,21,23,45,37,19,26,25,41,16,44,44,42,45,24,41,20,12,47,15,15,41,36,49,47,39,27,35,47,22,43,48,18,18,21,16,30,48,22,26,10,35,43,31,23,33,43,45,44,42,29,16,38,33,48,37,35,15,34,46,31,44,14,20,37,42,24,43,31,46,21,50,45,40,41,48,17,20,20,30,26,46,25,12,37,24,34,41,41,30,24,41,42,16,40,49,46,46,44,45,35,38,45,28,25,19,49,28,48,50,15,22,48,12,23,36,26,15,46,40,12,15,26,34,12,46,46,16,37,49,41,21,44,16,32,34,48,34,34,21,43,29,19,20,16,34,24,20,32,35,13,49,39,29,39,13,19,47,38,12,26,46,21,12,31,17,18,28,17,16,16,37,17,23,12,46,25,34,44,11,24,47,38,35,42,29,43,19,49,20,12,14,16,25,41,15,34,34,15,48,35,33,24,35,18,27,13,17,19,28,38,43,11,23,19,16,11,17,18,49,33,21,31,44,23,20,12,12,36,50,13,13,13,32,26,41,45,15,33,13,44,36,20,26,34,30,25,29,30,36,10,16,44,27,19,13,44,13,30,39,17,26,23,12,48,49,31,26,18,42,36,12,13,47,12,14,13,28,27,39,35,40,18,47,16,49,15,49,19,30,18,43,22,28,20,50,22,26,41,44,20,35,35,41,46,35,40,15,37,16,50,17,19,14,42,16,11,34,27,38,42,12,22,39,49,16,28,38,14,29,17,21,10,16,19,16,19,33,49,19,22,19,12,37,23,14,34,26,30,21,20,49,13,20,19,34,12,44,15,36,46,17,31,21,20,29,19,21,46,11,21,47,42,12,41,32,50,49,24,25,50,32,28,40,41,11,35,22,26,23,23,30,48,24,49,31,32,12,45,35,32,37,41,24,45,41,41,36,23,45,14,20,16,23,17,38,18,12,17,34,44,22,12,49,27,31,28,50,26,26,48,45,16,30,25,19,38,39,16,44,23,20,31,28,11,22,18,23,47,31,20,23,13,21,14,18,16,27,28,18,35,22,36,46,24,35,13,46,14,21,48,40,26,37,47,39,45,11,33,29,11,16,26,32,40,16,34,11,31,41,14,45,39,47,16,12,34,40,22,21,42,22,12,48,43,30,44,43,50,25,13,46,45,27,18,44,44,39,27,11,43,28,45,33,11,17,17,36,44,24,24,44,21,29,15,47,30,21,17,37,41,11,37,32,20,14,28,37,32,22,19,40,15,48,13,23,32,28,20,19,36,36,24,37,19,11,23,42,18,32,18,21,20,23,35,20,40,16,10,15,18,35,24,49,34,15,34,45,24,28,35,33,22,15,31,32,43,33,32,24,47,12,12,19,28,31,14,36,34,32,41,12,36,38,34,23,20,12,25,35,20,33,49,13,21,36,10,48,34,17,39,24,32,49,32,49,25,47,17,30,19,24,27,46,23,47,45,22,24,16,34,17,38,25,11,27,10,27,14,47,36,48,17,20,35,20,11,29,14,43,26,35,37,16,15,45,49,36,22,32,20,36,32,29,35,42,48,45,41,19,11,13,30,10,31,44,33,37,39,12,38,26,37,23,28,47,32,18,25,50,41,21,28,41,47,20,31,23,43,11,41,36,39,46,28,28,34,32,33,34,43,34,50,10,27,31,25,24,13,15,50,21,11,31,43,42,41,18,38,29,23,21,46,33,24,28,44,21,43,22,12,27,24,33,37,33,13,15,22,23,27,36,22,26,10,43,32,47,25,15,39,39,38,43,14,36,39,50,33,45,29,35,33,37,40,23,10,35,27,16,41,24,18,16,32,37,15,32,19,15,45,15,43,42,45,27,45,34,24,37,10,42,43,42,34,45,36,32,19,34,24,28,49,19,43,19,41,31,21,20,21,24,25,33,32,49,40,50,32,29,46,18,44,47,46,50,27,32,34,11,36,15,16,27,22,27,36,15,26,29,44,23,41,46,17,30,22,34,29,37,12,36,45,20,48,24,36,28,20,29,38,44,42,29,43,23,31,26,23,34,47,38,13,14,13,41,41,16,22,18,40,11,38,50,12,17,34,15,27,36,38,31,23,15,15,32,16,19,48,29,29,49,48,12,35,39,43,17,41
34,28,43,23,42,11,25,23,22,45,33,35,32,41,32,20,25,21,35,27,34,17,35,38,23,30,17,13,25,38,27,33,29,34,47,20,29,45,25,34,28,14,48,49,39,46,25,44,20,37,50,46,49,40,44,30,41,35,25,26,27,39,28,15,48,44,19,23,49,29,22,24,40,33,33,46,12,39,48,23,27,42,26,42,41,50,18,11,29,13,46,10,36,36,22,28,33,43,24,22,50,35,23,17,48,13,33,37,17,31,20,18,28,47,13,10,22,46,36,21,48,34,29,24,27,32,16,27,42,38,40,41,17,46,42,45,29,34,42,47,25,16,18,21,44,15,39,16,44,10,46,37,27,11,41,47,37,47,39,31,18,32,19,43,30,13,45,15,47,15,35,46,21,44,47,22,22,34,41,28,39,23,16,42,17,14,33,39,13,35,46,42,15,23,12,31,22,16,30,10,33,34,27,15,21,32,17,48,46,26,29,26,47,26,15,18,26,15,26,25,32,11,39,49,26,29,18,19,48,45,21,45,37,29,41,36,32,34,33,17,37,12,13,29,44,32,38,24,44,36,29,14,39,14,49,42,25,20,38,29,19,37,47,28,20,28,13,25,46,48,48,23,33,29,16,35,41,27,35,36,22,36,47,39,20,37,39,32,29,37,46,20,33,12,32,36,23,42,18,17,42,39,31,16,13,16,15,18,26,24,43,11,45,43,30,47,49,14,30,12,49,32,12,44,34,10,40,47,41,11,48,34,26,47,36,29,44,39,13,26,27,30,36,19,46,39,39,42,32,19,45,38,14,43,10,45,26,15,34,49,14,22,14,29,42,43,22,34,26,11,14,32,31,20,18,47,18,20,32,28,25,15,43,27,24,17,10,41,35,11,39,35,32,43,12,22,26,36,18,15,29,19,33,47,28,18,40,22,24,32,17,26,34,48,22,44,14,40,22,50,26,22,33,20,19,13,26,25,28,34,47,16,44,49,19,42,43,15,11,47,47,27,26,46,48,47,27,26,45,22,25,12,18,15,20,46,34,32,15,21,48,37,36,42,44,30,35,21,23,17,14,46,38,30,33,33,18,42,46,12,14,49,36,30,22,14,22,37,33,19,16,46,21,27,46,27,48,24,36,10,38,23,17,38,41,14,40,37,16,27,41,15,25,30,41,10,21,25,12,29,49,20,25,25,38,22,29,48,21,15,35,28,37,14,45,46,36,38,32,44,41,31,31,33,23,15,13,38,28,27,48,31,48,12,25,48,30,24,33,41,38,18,33,41,18,23,44,15,20,13,27,35,17,32,29,28,38,36,19,13,43,34,28,39,35,34,30,44,48,29,35,12,14,16,26,16,44,31,35,47,34,22,38,35,49,15,17,43,44,23,23,48,42,36,41,13,22,39,22,19,38,15,27,20,49,12,41,35,14,26,40,38,47,14,48,47,24,25,12,12,26,19,24,28,12,26,48,46,26,26,11,18,39,26,13,17,31,16,49,50,40,27,44,25,47,30,44,49,23,36,31,22,42,21,12,47,29,11,34,39,45,35,47,40,18,17,15,39,38,45,40,14,30,47,30,40,42,41,34,40,17,13,24,45,47,35,16,45,17,35,43,21,31,23,36,27,43,28,30,16,39,34,11,23,27,35,23,44,50,24,18,35,40,38,16,25,18,11,47,32,32,11,32,30,45,28,31,26,39,12,17,40,16,33,18,34,41,47,26,48,28,25,23,24,39,10,25,45,17,29,38,28,34,16,39,48,39,23,43,28,11,35,27,20,37,43,36,14,12,15,13,35,25,46,24,44,34,44,49,32,39,44,48,22,20,40,19,19,13,37,23,23,31,48,49,45,35,28,47,17,42,37,19,17,43,44,12,15,24,11,26,43,38,47,19,15,50,42,18,44,22,33,43,11,26,25,21,34,45,13,47,43,40,41,25,42,47,18,45,32,37,46,12,13,19,48,28,32,42,11,36,37,18,20,42,50,36,18,26,33,48,35,40,26,16,14,33,28,35,47,46,45,46,27,39,20,14,13,19,44,34,14,35,14,40,48,43,14,29,13,15,46,31,12,24,29,21,48,20,18,24,37,36,38,20,18,36,11,24,32,46,25,45,33,27,50,11,12,10,23,20,49,32,35,33,13,46,14,22,37,48,36,39,13,20,41,47,23,40,45,15,35,36,37,38,15,23,35,47,40,42,19,47,25,38,14,21,15,21,17,35,18,23,48,11,34,30,11,43,26,41,27,49,29,13,23,16,48,25,37
28,43,20,22,36,17,27,14,48,16,45,48,26,25,35,43,15,21,33,32,11,44,26,22,34,33,36,26,49,47,28,32,49,42,23,25,46,29,14,49,33,39,27,34,14,31,48,24,20,12,33,14,25,18,40,47,30,24,35,16,10,36,29,50,25,46,29,40,34,38,14,31,17,38,14,39,29,41,38,37,34,33,34,45,49,46,13,26,34,25,30,40,35,41,40,27,27,45,34,35,49,42,29,49,50,15,26,16,20,30,26,44,35,48,24,29,43,40,33,14,21,28,13,10,49,11,37,34,19,34,44,35,43,46,34,34,28,40,25,45,45,16,13,46,45,14,25,20,38,26,38,27,34,22,30,26,16,50,21,28,40,25,43,31,27,42,17,13,41,21,37,44,28,20,30,14,42,21,24,32,30,24,42,31,41,20,11,34,44,32,20,30,30,19,26,15,37,21,45,44,10,46,15,12,48,30,14,39,33,20,22,25,12,33,28,32,12,13,46,47,32,31,46,39,11,16,14,22,11,16,49,24,38,37,47,16,40,21,35,32,24,44,41,16,17,32,29,31,12,14,33,43,11,33,31,15,13,21,38,42,26,37,30,40,17,22,19,23,27,47,37,12,13,12,27,12,46,16,45,34,37,46,38,27,48,49,30,41,37,30,44,38,11,18,47,16,14,21,46,23,13,26,44,11,21,17,11,26,21,19,22,12,35,22,15,34,21,34,35,14,14,41,35,38,29,37,44,17,37,41,43,43,33,13,43,38,42,25,12,29,21,42,25,33,27,39,47,11,11,44,24,12,31,22,21,48,20,34,13,21,25,34,24,16,41,48,11,24,42,38,27,41,44,39,32,49,16,44,33,45,21,48,33,18,29,20,11,24,18,11,10,30,17,16,41,47,34,43,23,31,35,30,47,31,29,29,45,46,42,29,38,30,43,16,40,19,23,50,13,45,22,34,34,32,36,42,45,20,19,48,11,35,26,43,12,45,12,23,31,47,44,15,23,29,14,20,42,34,49,10,35,14,21,27,10,47,46,43,33,21,32,11,28,21,12,10,48,35,30,34,18,32,27,14,29,49,43,25,10,34,33,48,12,37,21,49,24,12,10,18,27,36,43,17,14,29,22,27,15,10,22,45,12,19,19,13,34,44,19,24,19,32,26,10,31,36,22,44,47,33,28,10,18,14,26,11,28,19,38,40,19,33,31,14,38,27,35,33,32,12,19,31,28,49,33,25,25,31,36,38,44,29,28,49,35,48,44,40,34,21,23,25,32,25,49,24,47,25,41,11,47,43,28,24,42,38,29,25,11,50,22,50,42,19,50,23,35,21,42,16,24,42,33,17,12,32,17,44,37,30,44,26,33,24,42,11,43,13,13,33,32,10,40,14,49,20,37,30,11,26,20,20,31,22,38,27,25,19,20,20,34,46,23,47,12,44,24,11,25,24,11,26,25,41,46,11,26,47,33,34,45,18,16,13,22,11,38,42,14,27,33,39,26,26,50,49,28,29,14,28,41,14,32,24,31,42,46,17,19,32,29,30,45,17,35,27,46,14,26,13,44,25,46,44,14,20,44,24,27,27,16,11,37,41,15,17,38,49,33,24,43,11,50,17,25,39,29,31,47,46,15,49,14,45,49,43,41,44,43,18,30,48,48,35,50,23,20,47,34,32,32,46,49,47,42,43,24,42,47,26,48,32,11,19,42,31,32,34,27,48,43,50,24,40,41,33,14,27,31,26,41,40,43,40,34,34,31,32,19,20,36,10,34,11,13,43,42,32,26,15,31,37,25,30,14,45,21,44,30,15,43,50,25,40,15,24,48,26,37,12,13,46,28,37,23,40,24,43,10,21,25,24,34,19,18,34,26,50,20,22,43,29,18,46,26,41,11,21,43,30,19,11,10,40,30,29,34,36,29,12,35,14,47,13,47,44,26,31,49,20,24,13,17,46,30,27,27,38,24,41,21,33,32,48,20,19,40,45,13,49,44,30,19,42,18,11,14,13,37,47,16,28,19,35,40,15,46,49,37,26,19,50,36,12,20,15,24,10,20,15,22,29,28,49,23,48,26,40,28,10,39,22,40,45,20,37,31,25,37,17,32,47,21,34,30,45,40,22,22,34,48,43,18,30,34,47,33,26,47,32,46,31,35,23,18,40,25,12,12,30,40,25,11,18,14,40,13,16,47,19,16,25,48,36,34,30,43,23,29,21,24,15,36,13,27,46,40,30,47,21,19,24,18,30,41,23,23,25,18,20
17,40,11,48,32,39,30,32,40,42,18,33,32,31,34,15,45,40,50,18,41,14,38,48,24,22,27,31,28,17,24,30,12,24,33,34,33,40,20,48,20,16,24,22,15,23,37,12,34,11,27,38,35,33,43,47,18,13,19,47,48,23,28,12,45,38,48,15,21,49,25,32,42,47,16,22,11,19,38,24,25,43,29,37,44,34,36,32,23,49,45,35,36,24,20,16,39,12,37,39,25,41,37,18,49,15,18,31,48,22,36,17,32,15,10,22,13,32,47,30,42,27,31,47,30,13,37,38,34,25,28,30,32,36,35,49,33,32,45,24,18,23,50,17,10,48,37,14,44,12,17,13,24,47,21,23,31,11,38,31,31,29,14,25,36,17,21,19,40,25,36,18,40,20,24,40,30,41,50,38,33,48,18,46,36,11,24,31,33,28,43,33,14,29,30,39,43,44,14,17,45,33,46,42,42,16,44,33,23,38,21,13,31,47,34,38,25,42,19,19,31,18,20,15,41,28,42,19,42,32,16,30,21,33,43,19,47,14,13,48,40,23,26,26,35,47,31,20,16,30,21,40,50,13,22,43,46,33,34,21,25,43,39,38,47,45,27,43,25,17,49,36,18,22,12,30,28,21,24,38,19,42,16,13,14,19,39,19,24,20,16,14,14,49,35,20,30,41,39,23,12,17,44,34,34,43,40,12,42,35,18,37,29,45,30,33,45,40,22,37,34,14,25,47,37,12,24,44,44,17,27,42,11,14,49,47,36,23,17,34,47,17,31,49,48,18,19,21,23,43,27,15,14,21,32,29,24,44,23,18,49,10,26,26,25,15,20,31,40,33,37,49,23,15,33,34,32,22,24,21,24,28,46,34,13,38,50,13,36,36,33,47,15,12,30,36,33,30,20,18,35,17,26,33,26,34,24,14,38,29,15,23,16,27,16,41,14,18,40,22,29,36,41,46,40,48,25,44,12,29,36,45,25,16,32,18,46,41,31,28,43,32,23,42,34,18,26,48,28,40,13,14,11,46,44,36,46,36,20,49,16,26,17,30,12,44,12,14,10,47,17,16,25,30,47,25,11,39,46,49,39,34,12,37,26,45,36,22,45,43,41,33,12,27,19,29,48,20,14,10,36,47,49,23,20,16,19,26,46,15,37,17,15,41,47,50,46,48,47,50,24,27,16,37,47,22,21,39,43,19,46,14,40,20,41,32,13,42,29,16,28,21,45,14,41,44,24,45,47,44,13,30,47,24,10,33,36,14,18,37,39,16,22,21,16,29,19,38,31,28,19,34,35,19,44,32,30,28,42,36,19,18,15,44,12,44,43,35,34,49,25,33,40,11,28,14,29,28,22,20,44,24,18,24,16,22,22,41,44,42,12,43,16,17,38,35,32,23,48,27,34,49,30,46,42,26,15,23,34,17,19,47,24,35,18,29,48,33,23,44,16,45,15,20,17,25,12,30,16,35,34,48,28,25,39,37,16,15,29,49,18,35,21,37,18,37,42,26,23,45,24,16,50,30,30,12,48,13,37,30,35,30,12,35,45,22,47,39,41,23,24,15,24,30,24,16,33,43,14,16,32,34,41,14,32,27,28,27,33,49,43,12,37,28,25,32,29,15,40,30,48,12,14,25,16,46,29,21,13,44,31,20,27,14,43,13,33,26,32,24,44,25,11,17,15,17,36,23,32,12,32,14,39,20,11,45,17,43,27,24,21,48,39,12,15,34,32,40,37,29,40,42,38,34,22,22,32,22,30,18,47,30,27,36,29,28,29,15,50,44,16,33,14,45,31,43,18,20,49,28,39,33,38,40,46,12,29,45,45,12,39,40,12,49,44,27,38,26,16,12,21,42,31,33,26,22,14,29,38,31,24,12,23,50,22,15,38,29,44,12,47,40,15,14,33,42,44,42,31,36,26,26,32,14,34,12,31,42,32,43,31,39,36,10,17,49,20,47,49,37,18,44,21,50,27,48,33,18,38,20,28,23,23,26,49,49,19,12,32,11,18,13,41,36,34,39,13,16,45,44,45,39,48,18,18,26,48,31,39,37,36,41,31,36,12,42,11,13,16,13,33,13,42,42,14,25,22,46,35,13,26,19,19,23,49,20,45,23,12,25,47,30,43,28,22,23,11,15,21,28,20,28,43,25,31,39,29,43,11,38,26,25,34,26,48,49,13,29,42,18,24,48,11,34,21,45,14,44,14,49,27,17,27,29,13,12,22,28,12,38,20,23,49,14,37,31,22,27,29,38
28,17,33,35,29,21,49,22,38,15,21,29,37,17,28,20,39,36,20,42,43,17,12,19,21,45,44,36,34,14,12,47,45,35,40,29,38,31,23,45,42,25,17,38,44,40,13,38,16,47,42,40,35,21,26,14,49,37,17,34,45,47,25,37,46,44,36,28,49,14,25,29,27,31,29,40,13,11,48,24,28,46,45,16,30,40,38,22,29,21,32,20,38,44,27,21,34,32,45,20,44,18,50,35,43,49,28,37,47,22,39,23,42,47,30,42,35,18,35,13,33,36,21,33,30,27,45,28,49,49,34,12,38,26,30,28,34,43,46,37,13,49,30,24,46,15,49,32,49,36,45,22,13,11,26,18,23,18,21,20,45,38,28,31,12,42,43,46,36,33,47,25,11,37,38,41,33,21,32,44,14,43,49,29,14,33,49,10,27,25,40,40,46,44,14,27,49,11,15,29,45,15,29,20,48,20,24,44,33,15,11,11,37,40,13,33,25,19,20,25,33,49,20,47,12,19,36,29,35,10,35,23,49,17,37,13,43,34,41,10,20,16,49,21,44,25,49,14,27,13,47,39,32,40,24,47,33,46,11,19,22,38,50,34,14,24,40,36,14,46,24,31,39,12,14,49,32,16,21,41,34,26,42,21,25,27,35,19,32,13,44,50,49,38,45,38,35,48,28,48,13,39,13,28,13,25,21,15,33,46,20,19,39,19,34,26,48,22,27,27,32,45,35,11,12,48,49,47,24,49,24,48,14,32,16,30,40,28,43,14,37,35,20,40,16,37,44,12,18,24,23,32,38,29,20,29,32,16,35,12,32,42,41,35,45,44,29,44,47,23,29,11,20,45,43,12,15,28,36,43,20,30,43,32,28,43,45,38,44,21,25,11,46,19,16,12,26,50,29,29,32,29,29,41,44,14,28,40,41,39,23,40,39,28,42,34,36,34,19,19,28,22,28,19,31,42,35,16,23,16,22,14,14,29,43,16,29,23,31,31,49,18,38,34,27,42,42,24,47,40,18,29,21,21,34,36,25,31,30,44,15,38,22,19,15,14,42,27,32,16,25,35,49,19,40,25,17,42,47,20,13,48,22,17,42,49,36,38,47,29,31,30,24,39,25,47,23,13,18,28,30,38,15,46,15,17,41,33,13,21,43,23,11,15,44,25,16,34,49,17,41,38,24,37,29,15,22,31,17,11,34,13,24,37,50,23,19,38,44,25,36,48,34,27,16,21,32,19,11,28,45,16,32,28,19,14,19,26,18,35,33,38,12,12,16,17,45,37,19,46,19,37,37,45,14,48,27,26,35,16,22,30,29,29,15,40,48,26,18,44,48,22,48,38,25,46,45,30,44,29,37,33,32,24,32,33,35,36,45,48,38,17,22,34,19,22,29,20,45,46,48,11,43,29,36,15,12,43,48,45,37,17,15,39,24,20,37,11,45,16,15,49,10,33,18,30,44,42,38,25,42,49,49,41,41,48,40,18,30,47,31,24,41,24,36,21,36,17,17,19,28,44,19,46,29,40,22,40,17,35,43,27,40,45,13,15,14,25,19,44,36,46,32,45,40,40,48,26,17,12,42,45,43,36,44,12,22,33,20,23,18,28,49,34,12,24,24,34,21,43,44,44,48,24,40,48,12,49,33,12,21,15,34,36,36,19,44,48,30,32,32,45,43,43,43,46,41,43,14,27,29,40,42,24,14,45,23,19,21,41,22,42,31,16,25,42,21,30,27,39,18,15,29,41,20,40,13,33,28,22,49,28,17,14,43,15,16,24,16,40,45,17,23,41,11,11,22,39,13,11,34,36,30,43,48,34,24,39,12,18,19,49,23,50,37,24,20,35,40,47,48,29,32,45,49,37,30,15,18,47,36,20,40,21,20,14,41,35,46,46,30,21,18,45,27,22,12,43,49,18,46,22,21,47,41,32,37,49,22,46,16,18,23,31,12,28,35,32,15,47,23,23,27,36,30,38,34,22,47,10,30,19,25,21,39,31,28,30,22,11,13,29,12,12,34,48,10,46,24,36,29,10,41,34,18,50,27,47,40,31,46,35,15,10,22,27,28,19,21,32,40,16,36,36,43,32,37,49,21,39,21,34,40,14,35,26,26,19,31,28,30,34,15,25,44,29,12,11,29,15,38,48,14,49,14,12,18,22,28,18,34,30,21,23,29,38,47,18,38,22,29,15,46,33,24,49,45,40,11,28,46,14,42,41,30,32,12,17,34,12,34,39,37,29,32,35,32,46,29,25
39,10,23,43,27,21,20,25,14,23,18,38,32,27,26,19,34,47,29,24,21,21,10,33,45,14,16,15,14,26,38,27,37,41,13,47,46,28,12,24,23,31,28,37,26,20,47,14,24,22,33,26,21,46,38,33,11,32,37,33,20,33,35,27,34,37,39,11,16,39,48,12,23,37,21,44,37,42,42,38,37,38,33,34,32,29,29,49,28,40,29,30,47,36,27,28,22,36,38,25,38,31,23,24,48,49,22,18,18,32,43,28,36,19,14,13,43,31,33,24,38,40,24,40,16,36,14,19,41,10,23,13,31,50,35,27,16,50,12,39,27,43,43,41,36,45,21,36,19,48,49,22,11,36,30,46,44,44,27,48,24,33,26,42,23,11,14,39,21,38,18,15,23,46,17,11,22,45,19,42,46,35,34,46,29,25,12,35,25,30,45,49,10,24,49,33,25,25,29,40,49,39,29,49,49,11,42,32,39,37,42,34,47,27,14,40,27,43,45,20,40,23,29,37,48,18,34,28,18,25,45,24,29,20,24,16,15,37,41,32,36,16,23,29,48,23,45,21,47,38,11,23,48,26,46,26,34,20,33,35,48,36,12,22,41,44,42,19,19,13,37,27,28,17,27,40,15,24,37,20,45,35,40,35,22,44,47,15,44,27,40,32,38,40,24,18,17,15,41,36,37,38,15,32,25,21,14,43,27,32,23,44,19,27,18,16,19,38,49,17,38,22,19,45,15,33,38,21,16,41,37,46,36,36,48,26,36,35,25,23,31,11,33,28,35,31,34,23,34,39,40,27,26,40,28,37,43,43,21,47,42,43,15,20,28,45,22,25,41,16,39,31,30,10,14,11,38,41,49,43,14,49,42,26,28,48,30,26,31,48,42,44,28,28,24,39,45,14,31,32,19,35,25,17,32,46,23,24,47,32,46,16,24,20,19,16,47,43,35,43,46,44,19,25,42,30,13,31,18,24,10,44,29,20,28,10,36,44,20,31,49,13,26,15,28,29,44,34,41,45,29,32,12,23,20,18,25,14,22,17,17,26,26,45,32,11,30,27,46,13,45,12,40,25,25,27,13,10,23,32,14,34,22,44,46,26,39,36,38,47,26,45,15,31,43,11,32,28,35,37,13,35,20,38,14,49,49,16,26,15,17,21,44,46,16,11,41,35,33,47,32,44,16,37,35,48,18,20,15,40,41,28,21,47,42,26,33,40,48,36,12,25,40,28,32,11,41,32,34,40,41,44,21,45,33,25,49,34,49,42,46,12,12,35,47,49,37,44,28,41,46,26,19,29,42,34,10,13,11,12,14,21,36,27,25,16,45,20,19,14,23,12,48,50,34,13,33,47,44,36,12,10,11,49,32,34,23,46,34,16,31,47,35,44,24,47,22,45,41,13,37,41,38,32,27,37,38,16,28,21,30,41,44,25,45,36,11,47,33,14,16,25,34,45,28,47,20,45,48,16,29,33,24,47,47,41,41,27,18,17,21,27,29,34,15,43,29,28,33,48,36,39,48,21,18,40,49,26,50,29,24,32,32,19,29,47,42,35,30,27,38,45,28,30,24,33,41,44,33,28,46,22,34,40,30,42,17,27,23,39,16,18,12,31,19,22,44,41,26,29,47,26,28,18,13,21,37,14,20,37,21,17,23,27,31,49,14,19,40,43,41,33,38,33,36,26,31,11,13,17,37,30,17,16,15,12,25,29,32,27,28,47,34,27,31,37,18,13,48,50,33,40,13,17,30,32,23,47,47,22,13,19,22,15,13,16,42,14,22,41,25,50,30,16,34,31,14,12,10,16,16,45,43,40,27,11,26,21,24,35,31,31,50,19,43,32,17,45,43,29,21,12,38,40,34,15,46,22,37,44,32,42,29,25,43,45,23,37,46,35,28,21,35,16,14,37,18,21,36,28,47,50,15,36,31,21,34,31,39,44,44,12,15,12,48,37,36,19,18,16,12,45,32,22,12,21,44,13,31,48,16,49,44,22,31,24,37,41,36,20,33,17,29,14,45,26,20,16,13,29,34,28,24,17,36,38,26,50,28,10,20,49,47,45,15,17,28,27,38,25,49,38,33,26,14,23,47,23,16,35,37,47,16,40,45,50,44,21,11,25,11,25,27,13,36,10,11,29,47,10,16,19,37,39,15,44,15,26,37,48,30,27,36,35,15,44,46,46,18,40,22,18,33,30,17,32,45,19,31,25,17,47,43,32,34,25,19,15,47,43,46,28,23,44,33,44,32,38,22,49
27,42,47,49,12,23,40,49,44,15,45,22,34,12,43,46,21,47,31,48,47,43,19,12,28,21,19,27,48,22,20,22,25,14,17,15,14,41,44,27,44,17,12,30,18,39,30,44,17,14,25,23,25,21,13,14,46,46,20,14,44,33,23,29,36,35,13,18,23,13,26,35,47,45,26,49,47,33,34,28,20,32,50,48,18,44,19,32,25,17,41,14,49,34,38,25,29,43,14,48,17,40,50,23,18,43,44,13,26,15,39,28,43,29,20,22,22,13,16,42,34,18,47,11,43,26,22,50,41,41,39,39,19,49,17,31,45,49,40,34,31,38,36,18,28,27,27,25,17,17,49,15,32,46,13,39,27,41,33,25,46,22,27,24,39,31,25,24,39,29,30,28,13,29,23,16,50,14,41,42,23,41,42,23,46,49,40,31,41,28,32,11,21,30,25,13,14,13,19,20,40,18,43,42,48,32,24,27,50,23,26,17,23,29,26,42,48,37,38,36,23,41,23,45,17,22,47,49,21,49,21,42,17,45,31,17,21,16,44,35,42,32,24,31,21,37,49,14,40,29,27,50,31,37,17,27,45,37,19,15,31,49,34,34,48,14,15,49,41,21,16,16,31,41,26,11,14,22,11,19,24,21,17,18,49,50,22,43,33,42,37,27,17,31,36,44,10,21,41,11,44,36,30,45,44,37,41,41,50,28,46,25,24,39,38,32,19,20,38,26,19,34,26,15,40,16,28,31,36,43,41,42,39,33,27,23,14,47,15,31,48,28,17,42,39,31,25,10,12,41,22,40,47,27,36,31,20,38,32,47,34,13,20,32,32,38,32,24,34,40,34,46,32,31,25,13,29,22,13,16,37,21,40,46,38,39,16,13,19,28,29,41,46,12,28,31,32,37,23,36,44,27,12,37,23,25,30,13,24,35,47,35,50,35,17,42,12,50,32,47,21,50,23,42,16,25,38,30,16,31,15,13,33,16,18,44,36,41,19,22,43,49,18,45,24,25,15,28,28,27,48,18,10,16,46,19,36,42,49,15,47,19,21,19,44,46,15,30,41,32,35,31,21,28,34,36,29,46,13,26,47,43,34,29,29,48,26,33,16,19,47,17,15,21,18,14,24,27,24,13,16,30,31,21,22,22,36,12,20,38,40,48,25,20,23,17,36,19,45,24,28,36,17,39,39,38,38,29,46,14,49,22,49,31,45,30,13,27,39,11,38,44,20,45,27,35,49,39,38,11,43,39,41,23,14,43,39,32,14,21,22,26,47,37,33,35,31,25,15,18,28,41,30,18,32,38,49,10,20,20,42,41,13,38,24,36,43,38,48,43,38,23,20,14,22,46,23,22,24,32,39,25,38,27,17,32,42,27,47,17,46,28,33,45,16,13,33,20,13,17,33,18,36,33,14,31,18,46,23,37,16,26,43,25,18,26,18,49,32,43,37,28,16,50,47,17,30,40,45,13,17,43,34,18,36,12,14,30,25,21,16,43,45,14,44,36,40,29,40,13,37,43,32,16,34,17,18,38,34,40,28,30,47,37,17,41,12,20,28,48,50,13,21,32,17,17,26,18,28,14,29,46,29,13,31,18,39,36,32,46,23,40,38,48,36,14,38,37,26,50,31,30,44,47,22,47,37,22,28,25,44,40,45,26,20,21,12,47,37,32,30,36,46,49,11,32,39,39,45,10,37,39,22,18,11,17,14,31,15,47,25,19,42,49,50,16,33,47,43,38,24,26,25,14,16,46,40,24,30,13,21,19,22,49,20,26,38,25,36,37,49,45,23,10,30,34,27,28,13,36,41,41,26,19,49,28,34,49,28,15,34,29,12,30,22,21,14,31,28,16,40,48,25,49,20,44,19,25,47,35,31,18,30,40,36,50,16,39,43,41,29,42,42,24,31,14,27,46,33,12,17,50,19,18,46,35,33,13,29,35,22,39,38,14,25,26,23,26,34,20,49,32,39,43,26,17,39,18,31,34,19,11,25,37,11,30,36,45,37,44,19,23,12,27,12,46,25,17,22,35,22,44,31,47,39,19,40,29,39,39,25,16,20,12,47,31,31,40,29,22,10,39,20,15,49,39,14,39,42,18,35,28,32,30,46,46,24,49,42,32,35,33,19,39,27,40,43,10,28,36,16,38,47,14,23,38,46,36,32,36,44,26,19,42,31,49,13,43,13,40,39,34,12,10,29,15,24,25,41,48,29,30,12,11,17,16,17,45,35,43,43,24,32,29,28,42,22,49,32,34
32,13,41,37,17,19,13,25,38,40,38,27,36,37,24,22,27,28,11,40,34,41,13,31,34,15,34,22,24,47,27,12,23,19,15,34,42,26,21,30,35,42,31,33,34,22,22,37,35,29,17,27,19,23,44,32,45,14,46,34,26,20,11,32,27,47,48,29,20,30,15,31,23,32,32,14,46,12,22,15,50,13,19,44,16,14,14,14,49,25,49,31,10,20,39,12,27,39,21,15,11,41,11,47,10,31,17,48,37,14,46,39,18,14,20,34,11,25,11,31,32,49,21,11,13,13,20,39,11,46,18,38,45,18,47,47,21,49,24,36,29,34,38,47,41,42,48,14,26,37,15,29,36,24,34,47,22,16,48,27,27,36,12,18,48,38,27,19,25,20,16,37,24,35,29,31,45,25,30,14,18,24,33,50,32,30,42,20,21,17,16,32,29,20,35,18,39,24,22,32,24,20,31,21,20,33,43,33,46,36,11,16,44,50,41,40,33,46,24,27,11,15,23,25,45,13,41,34,45,22,37,25,29,13,50,18,32,40,43,43,23,43,22,33,44,19,14,12,23,14,34,33,49,43,32,15,29,32,44,27,46,39,19,24,22,18,20,39,44,21,40,42,50,40,29,25,29,36,35,17,21,48,39,31,30,11,45,28,40,26,31,23,36,45,45,42,49,21,48,27,36,30,13,21,42,31,49,40,36,42,22,25,40,36,26,22,35,32,35,48,26,18,45,27,44,49,32,38,50,13,37,50,26,48,28,42,13,43,29,14,21,35,46,40,42,42,24,44,41,25,18,49,14,19,18,24,39,33,11,48,46,14,25,18,30,28,32,31,26,18,43,31,19,23,31,41,25,22,39,28,13,22,20,41,26,36,11,35,37,23,29,41,20,24,38,14,43,34,12,17,38,25,22,26,24,18,20,14,19,47,39,35,37,37,24,46,22,23,16,32,28,44,16,37,30,35,34,19,41,21,18,13,39,34,13,24,44,39,47,48,11,21,19,48,32,37,15,21,49,45,26,28,34,19,18,30,44,46,48,38,18,33,44,31,43,27,45,40,46,45,16,13,16,21,43,41,28,21,49,46,49,46,12,48,38,48,44,48,16,44,18,33,18,31,36,27,19,18,11,28,32,41,32,25,30,36,46,28,49,29,48,38,22,14,24,41,35,44,36,41,33,18,37,47,41,32,11,20,27,31,20,29,19,47,29,11,12,34,36,26,46,28,48,16,42,41,19,39,28,28,49,21,36,11,43,32,27,25,21,31,24,31,15,39,16,35,18,48,39,25,47,26,31,48,14,37,23,45,32,13,13,47,35,41,28,41,14,36,35,12,21,15,33,19,16,18,14,42,27,21,17,42,18,16,18,42,47,48,23,24,29,36,25,27,40,45,33,20,23,11,41,24,41,16,31,27,38,21,13,36,11,33,49,14,22,37,12,11,25,11,34,50,45,34,23,41,47,12,23,33,49,45,41,41,48,15,50,20,33,22,10,32,33,18,18,41,47,42,35,10,31,36,13,33,48,47,48,31,45,28,41,19,16,27,37,48,11,41,25,26,33,46,49,18,31,38,45,48,36,39,38,37,17,43,31,38,21,35,22,17,45,26,15,40,39,22,31,34,14,34,44,45,16,27,39,18,23,49,42,28,49,42,27,41,40,35,15,49,17,28,34,36,43,17,15,32,49,25,42,35,28,35,36,37,13,17,48,17,27,17,17,37,45,27,28,37,16,13,21,27,11,16,18,48,31,14,10,49,22,14,23,17,13,10,13,23,32,41,40,49,31,15,50,13,32,26,32,21,38,22,32,13,44,23,24,46,34,20,23,36,42,40,25,12,38,45,24,17,27,27,14,14,42,47,16,48,49,50,33,11,17,15,19,10,22,14,26,17,33,45,42,16,48,15,50,27,33,34,44,34,12,47,16,50,47,16,10,28,29,28,25,21,38,37,28,18,29,23,29,41,25,17,35,11,16,37,46,11,22,14,36,29,18,23,28,11,22,20,39,49,12,48,26,48,31,11,22,38,15,25,36,19,43,24,42,47,31,23,27,49,20,19,30,17,15,38,17,45,45,19,33,33,49,17,26,39,46,21,29,30,49,43,44,46,34,33,31,17,19,33,38,21,38,17,15,44,49,28,17,22,20,43,20,14,17,50,11,27,22,46,17,30,36,26,29,39,28,48,11,33,17,49,18,49,25,12,49,42,17,42,17,16,36,43,17,25,38,12,34,22,45,42,28,38,24,49,12,32,46,24
24,49,26,38,33,18,39,34,43,39,42,22,15,11,45,10,29,46,22,39,22,46,31,19,26,35,50,31,16,47,46,40,42,48,19,27,37,27,28,46,26,18,33,49,27,28,16,17,50,30,25,18,44,42,21,14,47,14,11,24,40,33,39,43,21,35,43,27,19,43,31,24,19,40,43,42,24,46,16,45,25,35,32,38,33,38,18,39,35,37,30,49,43,50,21,38,38,49,33,15,11,31,43,30,34,12,47,32,43,43,29,19,26,35,23,18,32,38,21,42,25,20,18,14,49,45,27,49,48,40,32,12,13,15,29,11,25,23,26,15,47,20,26,12,29,23,24,44,13,26,39,34,46,33,40,13,22,26,38,47,15,25,47,41,12,35,16,21,20,17,50,15,45,17,42,44,18,23,44,28,42,19,21,33,43,39,34,37,23,34,43,35,23,32,19,33,19,36,23,35,48,37,19,15,27,36,41,19,27,17,21,37,35,32,48,11,35,15,21,40,29,49,23,25,10,44,13,48,39,15,12,26,32,32,49,23,44,30,38,20,26,38,24,23,22,18,26,12,42,28,23,25,23,34,28,32,17,38,21,47,31,47,27,18,16,36,21,14,25,21,30,21,16,39,44,31,23,44,45,48,14,40,16,49,28,19,46,39,29,39,13,20,46,25,15,13,45,39,36,45,14,47,19,44,22,41,26,29,40,25,30,35,15,26,49,35,14,29,40,50,38,34,32,27,35,22,46,17,28,17,49,47,15,32,30,29,43,29,18,26,27,26,20,33,22,17,39,16,44,39,25,24,16,30,42,13,41,20,26,34,32,47,46,21,17,42,37,34,29,28,35,39,34,12,47,24,28,20,49,39,27,44,42,14,35,44,48,43,36,44,31,35,14,30,23,20,17,39,37,45,12,13,32,32,14,11,14,42,45,15,27,22,46,29,42,17,49,47,44,44,47,27,28,32,16,45,12,13,13,48,21,25,36,14,34,30,19,38,14,20,19,42,12,34,33,10,40,26,31,16,36,19,48,25,11,39,10,12,24,49,46,39,24,39,25,45,16,19,19,20,18,39,40,45,37,23,47,43,35,37,43,29,10,21,15,15,45,46,46,39,22,19,31,37,31,21,13,49,25,44,28,42,43,17,18,45,32,47,13,44,38,21,23,43,29,43,13,20,31,19,14,13,22,39,36,24,25,46,41,39,28,20,46,27,30,14,21,41,40,42,31,45,28,32,50,28,18,15,27,40,44,29,46,43,41,44,46,29,25,36,25,16,19,40,12,33,28,23,26,32,49,20,50,41,28,41,45,23,33,49,11,47,28,24,45,46,48,20,21,19,44,11,23,11,16,28,30,38,46,33,12,13,42,42,32,43,34,32,40,11,23,23,18,48,46,40,38,28,17,48,13,15,18,28,48,48,24,12,35,10,29,16,24,26,32,12,18,43,17,26,41,50,22,37,37,42,18,18,35,40,33,28,21,26,20,12,26,26,22,28,46,12,23,31,49,24,15,38,15,17,42,49,13,12,18,40,30,28,36,36,18,19,41,24,23,36,24,40,48,31,39,42,22,39,36,29,21,45,11,17,28,37,16,41,16,48,29,31,26,49,48,26,27,32,38,32,27,29,15,39,42,10,16,48,19,47,25,36,11,25,40,19,23,18,24,10,20,45,15,42,20,15,15,29,41,23,14,35,23,46,22,50,20,12,37,27,46,43,28,19,27,47,22,20,14,18,43,29,17,24,34,16,26,13,39,18,44,25,14,27,46,49,26,42,49,26,34,31,28,39,31,24,39,47,13,43,23,29,41,46,47,34,41,34,39,50,37,23,18,44,10,43,13,44,48,31,41,36,17,44,38,48,19,46,18,14,25,32,12,34,35,33,20,36,11,49,12,22,11,30,44,39,46,34,35,40,42,39,13,34,31,19,18,14,39,42,16,32,20,18,27,42,28,47,45,29,11,30,22,28,25,14,22,32,26,22,44,21,47,13,13,22,13,39,38,45,41,22,20,13,31,31,46,46,26,45,16,37,20,13,15,46,25,28,35,47,11,42,43,11,36,49,40,41,22,27,40,46,29,19,28,23,34,30,36,14,25,21,37,33,36,11,16,27,35,11,43,39,50,21,24,17,47,44,25,40,49,33,17,50,26,40,39,15,43,40,41,21,15,16,25,46,37,24,14,13,10,32,32,31,47,24,37,44,36,37,35,29,49,35,12,36,45,34,19,31,32,45,49,30,15,38,20,13,34,38,15,49,13,35
47,25,30,39,26,45,32,39,23,36,18,24,21,28,12,39,29,16,36,44,23,47,37,15,46,20,31,17,37,43,42,30,14,46,16,29,41,42,49,26,47,15,18,23,26,15,11,48,33,46,42,35,44,10,31,12,42,26,20,19,38,29,36,47,43,43,15,42,21,49,22,19,30,45,35,18,28,34,36,29,30,27,20,16,50,25,13,24,30,28,39,31,44,25,31,28,10,38,32,48,48,19,37,46,19,45,38,23,12,38,34,47,40,32,13,49,39,38,10,19,40,33,50,37,34,26,31,33,23,50,35,38,29,34,17,22,32,44,48,24,32,23,22,42,45,49,18,31,21,49,25,43,10,37,48,14,33,40,35,14,47,35,23,44,18,35,21,37,49,16,40,31,48,48,13,47,35,31,49,48,20,19,30,27,21,32,48,49,37,48,35,44,35,23,11,24,26,26,28,49,20,46,37,39,25,35,25,40,22,38,14,42,26,12,14,11,19,37,47,22,35,45,31,37,17,25,22,45,10,23,31,50,40,25,31,31,15,47,28,33,33,49,43,15,30,49,16,40,20,41,30,14,27,18,50,32,26,25,20,19,39,31,29,16,49,50,13,44,33,37,37,28,19,21,36,46,14,29,11,29,50,14,46,18,27,38,38,12,26,27,41,29,14,33,36,15,33,28,49,12,18,23,47,27,24,11,20,40,17,35,34,13,48,30,38,16,23,17,43,42,45,12,10,26,22,22,38,28,29,41,49,12,32,50,46,42,22,25,37,42,14,43,42,17,26,38,23,35,17,16,44,37,24,14,30,17,35,29,39,41,20,29,30,23,19,18,12,28,25,11,45,45,14,11,46,12,49,33,25,33,21,33,25,19,14,30,35,46,29,16,11,12,14,17,45,26,41,18,22,26,16,37,27,39,17,32,45,46,38,13,42,27,23,45,12,20,38,17,42,39,40,48,14,43,38,45,29,21,45,14,20,50,22,47,48,26,16,40,40,48,48,44,43,20,11,23,26,26,41,38,13,41,48,40,45,39,22,32,21,31,27,48,48,12,20,42,18,46,35,36,42,26,46,49,35,49,36,37,48,18,25,14,45,36,40,32,11,37,41,44,22,41,43,27,18,12,24,15,41,28,44,21,29,12,47,18,24,18,45,20,13,49,15,25,36,35,39,43,22,42,31,26,46,15,28,10,26,43,39,40,34,38,23,36,15,35,40,11,45,49,47,11,36,34,46,23,33,26,10,27,30,16,24,11,11,36,20,11,17,28,17,18,46,36,36,33,24,18,42,29,27,18,23,47,13,49,30,33,17,19,12,41,49,39,45,26,27,40,49,43,36,26,13,44,39,21,16,19,43,41,25,49,47,48,44,11,18,15,36,48,29,32,45,47,17,27,24,35,47,43,28,26,22,30,48,31,42,32,36,34,38,18,15,13,42,25,37,23,31,36,33,15,43,35,20,14,50,19,22,21,19,20,34,23,12,28,13,14,25,11,45,18,38,32,44,26,33,42,46,30,12,32,39,35,21,28,28,28,17,38,20,16,14,44,10,15,34,18,42,26,28,21,36,23,41,33,46,37,40,47,32,45,36,16,14,34,16,22,39,34,28,29,26,12,38,16,38,15,25,16,14,20,42,16,11,21,24,45,28,25,38,49,38,19,41,10,33,49,16,50,20,24,18,43,34,24,12,48,20,30,25,17,43,13,14,26,38,14,39,14,30,23,35,31,11,27,39,23,46,34,50,34,47,46,30,44,19,11,23,15,35,45,14,40,14,34,16,25,45,25,36,18,21,31,30,27,40,18,25,49,31,33,37,35,27,50,24,27,50,40,16,46,33,15,41,27,17,28,28,39,36,14,11,41,28,12,43,48,14,45,42,37,37,31,33,38,14,41,23,44,13,31,11,33,45,15,14,26,38,44,45,26,45,13,42,32,25,42,16,11,31,25,13,31,28,17,45,12,20,41,16,46,25,34,13,26,44,25,35,28,44,23,45,43,18,42,32,11,43,40,27,46,26,20,15,39,20,49,23,20,49,36,46,50,14,11,43,27,27,28,23,15,27,35,34,31,25,39,22,28,28,36,11,47,44,23,42,23,43,38,18,18,33,17,29,20,29,18,22,18,12,12,42,11,45,46,12,40,18,42,12,26,42,41,21,26,11,35,40,33,24,32,17,20,47,38,29,48,20,48,32,34,35,39,25,11,49,16,46,26,19,19,41,29,44,10,29,37,30,20,44,43,40,43,26,16,39,49,14,25
36,17,20,27,12,29,35,38,37,49,22,38,21,21,44,44,20,18,26,38,47,17,23,49,46,48,10,38,34,40,16,17,28,47,47,12,24,18,36,49,45,10,35,16,29,47,45,46,25,29,21,27,45,15,13,40,45,46,25,41,40,36,32,11,13,14,24,35,17,32,28,43,16,47,24,33,23,10,19,21,40,20,43,16,11,15,30,38,28,27,50,27,14,15,32,23,22,37,14,16,11,16,38,45,15,25,40,16,23,22,26,50,10,37,32,20,38,37,24,20,25,25,39,43,45,12,26,29,17,50,13,14,27,26,31,11,42,38,44,32,36,18,26,36,22,44,27,47,31,48,18,27,38,17,26,47,12,30,34,30,34,47,36,41,13,35,12,41,17,11,22,15,17,25,33,40,27,14,45,31,26,23,23,14,26,37,19,20,25,20,17,45,27,20,36,25,34,19,22,39,49,24,43,15,23,21,22,30,40,21,20,12,31,11,42,24,11,48,18,44,21,34,14,49,18,31,37,48,31,24,23,40,18,36,13,42,37,21,47,12,29,16,16,20,41,39,33,28,29,13,49,34,24,36,16,31,37,11,15,36,34,24,17,33,40,38,49,39,42,37,37,27,45,37,20,49,41,45,47,43,20,15,17,13,33,18,14,13,32,39,26,49,42,29,30,44,34,20,40,27,30,18,48,36,46,34,31,32,35,27,11,39,47,39,41,25,10,26,32,19,23,30,41,37,11,34,13,28,47,32,37,30,38,44,28,37,45,25,42,20,23,29,32,40,42,13,32,35,13,41,37,42,20,27,40,41,46,15,12,33,45,19,29,40,29,37,13,49,19,14,37,40,35,21,13,30,19,23,43,40,14,27,23,40,24,40,38,29,27,23,38,43,27,40,27,36,22,37,15,19,30,42,45,36,42,24,47,37,10,23,18,22,44,23,37,27,14,20,24,19,24,26,18,47,18,41,14,42,25,24,41,20,16,30,36,33,16,43,28,46,22,30,43,11,28,49,43,21,43,37,35,15,33,28,13,24,26,23,31,48,50,46,12,41,40,35,33,20,47,47,20,29,40,24,16,12,32,50,43,46,49,29,26,17,24,13,19,18,50,45,33,10,46,43,20,33,27,37,31,34,14,39,24,27,19,14,49,24,21,15,24,18,33,32,48,15,21,25,17,21,50,40,17,39,40,21,18,42,45,14,39,41,31,14,23,27,50,35,46,47,35,31,50,41,12,30,47,26,45,18,45,19,11,29,16,40,46,40,50,15,20,31,10,23,45,45,16,37,38,45,20,14,41,27,26,18,41,46,17,15,37,41,38,14,50,26,24,31,31,42,18,45,20,25,39,27,15,20,22,29,46,37,18,40,29,44,23,20,24,10,31,24,37,15,49,37,43,33,25,43,39,17,10,18,29,48,25,44,16,38,27,16,24,11,47,30,13,23,17,50,42,11,46,46,12,15,12,13,43,36,48,24,45,48,17,30,16,37,40,13,23,47,41,49,11,34,35,13,31,42,37,28,26,50,45,33,17,34,39,47,13,39,49,49,35,26,22,38,27,31,39,49,49,16,18,41,15,43,25,17,27,50,30,29,25,14,48,39,24,47,37,42,40,50,14,18,50,11,25,21,35,17,24,46,21,41,29,47,11,25,30,36,26,31,49,15,47,34,24,23,13,10,35,41,22,35,23,21,38,40,23,49,27,34,28,46,13,19,34,37,30,36,37,24,10,20,12,49,34,19,42,46,44,18,13,21,34,27,19,40,30,49,27,29,31,42,27,35,27,17,12,35,20,21,19,46,37,50,17,30,25,49,40,12,29,25,28,23,19,37,23,14,48,42,11,31,42,33,14,32,42,40,34,14,46,39,37,10,50,18,35,13,44,20,48,22,26,31,14,36,45,16,29,11,27,13,18,25,45,16,47,24,46,19,10,43,12,45,12,48,36,16,24,47,38,23,17,17,34,31,46,38,29,37,41,23,30,34,35,32,31,33,29,20,49,25,29,44,21,28,35,14,34,36,24,18,19,23,22,44,15,29,39,19,22,46,20,46,27,29,46,30,12,50,45,50,29,23,43,23,49,22,46,30,15,15,37,31,19,38,23,50,21,26,26,15,15,32,11,43,30,23,14,17,14,36,19,48,29,13,26,33,37,31,42,37,14,36,27,22,46,46,45,34,13,26,12,29,13,17,31,24,47,34,15,33,26,37,46,33,33,32,34,29,26,40,22,17,23,42,22,24,15,15,39,25,23,26,29,39
48,44,30,21,49,15,14,29,15,15,41,37,12,22,29,13,38,50,41,30,43,17,19,10,11,41,48,21,42,25,48,35,38,32,23,47,31,18,39,40,15,17,33,15,23,49,39,14,10,20,49,36,47,30,22,47,43,31,22,33,20,20,40,26,29,11,48,13,15,15,18,28,44,21,13,44,13,44,20,11,12,39,12,20,42,38,20,44,28,10,36,34,35,46,35,39,31,47,23,30,19,20,41,42,45,23,45,23,11,20,39,37,50,19,31,22,29,30,38,27,24,44,37,50,47,38,29,43,36,21,39,17,47,35,31,25,13,43,29,20,40,28,24,36,27,24,32,30,13,23,18,38,23,44,39,11,34,17,16,17,49,45,31,17,14,15,15,44,34,22,44,41,10,42,41,23,14,26,19,34,30,17,37,46,29,13,22,37,32,50,10,28,14,48,12,43,35,12,25,26,38,24,44,40,10,42,30,43,25,45,35,31,44,34,11,49,15,43,43,42,34,48,14,27,44,45,17,16,12,50,34,26,28,50,28,18,37,13,48,29,34,13,19,38,12,14,17,33,28,31,33,17,33,43,34,15,20,21,30,29,47,22,23,34,39,40,38,32,35,11,31,45,26,36,33,28,26,39,48,13,42,19,21,39,29,48,21,37,41,48,39,19,36,23,46,22,17,10,10,26,12,23,37,19,27,17,27,43,25,11,13,44,34,11,46,34,28,42,16,35,35,20,37,42,34,19,41,48,26,41,38,48,49,29,32,32,25,39,12,28,50,39,49,33,13,42,37,38,16,18,26,44,47,23,33,38,47,50,32,11,25,44,17,44,45,40,49,22,21,24,13,33,22,32,15,49,26,34,27,42,15,26,47,32,33,26,31,24,17,23,28,30,25,32,37,12,28,39,35,47,32,36,35,23,28,29,12,47,31,45,38,26,33,17,37,35,36,12,21,14,50,31,10,11,23,28,28,32,23,48,49,34,45,44,38,19,34,19,50,45,29,21,20,22,32,43,49,32,13,49,42,28,37,22,44,47,15,31,49,18,23,18,27,15,23,35,18,39,39,33,30,42,10,36,24,29,25,44,13,41,49,35,33,38,39,21,42,46,15,41,11,35,42,33,29,26,29,25,17,32,29,37,47,23,40,12,33,22,41,12,18,15,39,27,13,24,38,16,29,11,48,24,41,24,30,23,44,25,46,22,31,10,45,48,39,24,43,10,11,48,33,48,47,27,38,38,23,20,24,14,34,12,50,27,43,14,13,12,43,13,22,46,33,24,46,31,23,48,37,45,28,21,20,21,18,30,40,34,41,32,22,49,36,10,40,19,38,46,39,33,36,24,17,50,21,34,40,50,34,37,45,48,35,28,27,33,18,27,38,30,25,48,22,15,33,19,21,14,36,22,37,13,27,11,39,23,18,45,10,15,19,13,40,46,14,27,12,23,42,38,34,23,40,22,15,28,26,24,47,26,15,46,18,19,42,47,13,50,18,12,22,16,45,15,49,38,25,29,20,45,46,18,34,22,31,39,48,15,18,47,20,17,24,45,33,12,13,31,30,30,24,39,19,17,47,42,50,12,31,47,25,31,18,13,20,19,33,30,18,42,18,43,28,50,16,32,12,12,17,39,49,41,16,26,38,48,48,17,13,49,28,21,29,22,12,43,41,27,45,25,22,27,29,17,28,39,16,41,24,14,14,28,17,24,40,36,44,46,23,23,49,34,41,28,15,28,48,19,29,37,22,32,28,15,25,47,19,23,30,10,35,43,14,32,34,31,22,10,28,40,12,34,32,33,15,20,41,15,41,14,27,46,47,20,42,33,50,41,46,38,29,45,47,11,17,39,22,44,14,35,41,46,45,44,32,40,32,28,36,39,27,40,19,35,35,31,41,23,48,31,22,19,19,21,24,37,14,22,39,31,14,19,36,39,32,26,43,17,24,49,14,47,17,32,39,43,24,50,18,22,22,42,46,35,28,26,38,33,35,34,24,23,30,23,45,48,26,47,35,13,28,46,11,50,43,49,50,39,34,34,45,11,11,34,22,47,12,38,29,46,19,37,37,40,47,43,40,15,24,42,19,18,27,19,17,21,37,50,18,27,17,12,25,32,39,14,31,15,14,40,17,42,40,21,41,34,16,36,12,27,13,49,37,39,27,27,19,37,41,40,37,13,34,27,26,22,21,36,23,39,24,39,43,32,35,21,45,47,25,49,43,28,49,44,19,18,33,42,25,34,40,23,14,31,46,40,25,28,11,48
50,47,16,11,33,11,37,35,31,18,34,17,39,12,36,33,27,30,31,33,20,35,18,44,44,32,25,37,41,13,18,32,23,33,25,30,39,24,12,28,11,48,12,20,19,13,45,34,34,20,11,10,25,28,23,26,17,21,22,11,32,18,10,38,24,17,46,15,48,19,21,15,44,30,22,30,45,46,15,20,40,23,28,24,49,13,33,42,14,50,44,24,14,11,29,45,12,18,19,20,18,37,19,25,45,11,24,36,15,21,30,18,25,36,34,43,30,29,47,46,44,27,17,23,20,33,46,39,18,25,49,15,44,41,37,14,11,26,29,40,15,28,25,24,34,19,18,35,45,26,39,12,44,39,29,40,26,21,16,32,47,41,11,27,40,35,17,29,49,32,34,29,25,11,36,12,43,20,45,14,39,44,48,25,14,43,24,31,44,11,45,27,45,34,17,24,18,16,39,40,49,29,10,40,25,12,40,49,12,36,14,47,18,37,23,23,13,38,30,46,18,48,42,29,24,45,41,45,27,34,39,24,20,14,28,38,14,43,41,41,20,24,35,31,37,36,23,46,16,43,15,26,38,43,26,27,38,19,43,19,46,45,29,30,14,18,46,33,35,21,33,26,39,17,12,10,35,26,27,35,12,37,37,17,37,38,11,14,41,25,13,11,46,46,49,38,10,24,29,37,31,25,35,20,36,16,45,19,38,45,45,48,46,46,17,28,32,27,45,49,20,47,12,43,32,30,11,14,18,45,12,13,42,41,27,12,23,37,45,24,48,47,26,31,20,41,11,20,17,47,17,14,45,23,24,17,22,24,38,38,29,41,41,44,21,44,23,19,28,45,41,23,49,28,42,21,17,47,41,28,38,26,11,31,19,23,49,24,49,39,16,39,39,29,21,22,20,42,35,33,44,36,22,26,48,30,40,35,31,42,35,47,33,12,35,29,18,23,16,42,50,14,36,12,48,37,23,41,33,35,48,18,15,11,18,47,36,43,33,46,41,24,10,43,10,30,49,40,49,43,25,31,19,39,13,15,18,27,29,25,49,38,24,36,45,44,48,20,12,41,17,23,32,37,32,27,25,47,42,17,17,43,41,21,31,32,14,37,13,44,16,10,37,39,24,19,15,39,48,44,50,44,30,26,40,48,44,18,25,41,14,19,26,24,30,22,21,33,19,16,19,18,19,16,43,20,37,14,13,17,32,10,22,22,20,12,27,30,20,24,36,48,21,16,13,43,14,47,48,36,13,17,38,21,39,25,22,17,17,27,41,33,12,48,16,28,35,37,49,20,29,50,47,30,46,39,49,34,11,50,47,28,32,41,24,33,38,19,30,36,21,38,18,40,19,25,21,39,16,44,34,43,22,17,30,23,40,29,36,23,31,39,23,29,20,27,33,33,15,47,30,38,25,46,15,32,19,19,41,28,46,36,37,38,21,43,41,47,29,12,14,26,40,21,24,42,22,18,41,25,49,39,49,25,42,24,44,14,17,18,42,16,21,43,44,45,42,17,25,43,17,42,24,50,17,31,23,41,19,29,30,17,16,21,25,33,17,30,21,34,34,16,16,40,11,36,28,43,49,28,37,11,36,17,26,27,15,42,37,46,39,35,15,23,35,29,27,25,26,47,46,21,23,38,32,36,36,12,33,41,38,32,16,15,32,18,41,22,36,16,49,32,24,43,50,43,44,32,19,49,20,35,10,43,50,34,24,50,44,39,10,48,48,33,24,43,12,45,19,18,32,40,31,19,36,19,47,48,16,18,17,16,38,48,39,10,31,40,26,19,23,14,17,15,49,41,31,49,16,27,15,17,20,42,27,24,41,12,16,13,13,31,12,45,31,30,39,29,44,47,20,18,18,14,45,47,26,43,19,44,26,25,44,25,37,47,45,40,28,47,24,42,11,32,33,25,41,33,26,12,26,20,47,17,41,14,23,15,20,19,37,14,17,44,43,14,37,44,35,31,36,31,27,16,14,39,20,17,19,15,48,10,29,42,32,17,12,32,13,32,28,45,26,17,23,28,26,41,48,31,42,14,31,31,26,16,46,37,36,18,35,13,38,11,43,24,23,16,14,23,48,49,18,38,31,46,36,32,40,45,12,26,21,43,50,21,47,34,19,24,16,42,25,20,36,41,39,15,14,12,30,41,37,27,19,26,40,43,48,26,12,14,12,34,24,13,40,32,13,29,27,46,32,23,44,26,48,13,19,40,44,13,35,30,30,19,38,28,38,20,37,40,46,28,34,32,28,26,27,47
44,24,24,36,31,19,26,27,14,33,38,37,18,12,48,45,22,31,34,29,13,41,11,13,39,34,29,26,41,44,47,37,12,43,44,38,27,13,12,45,31,14,35,43,47,13,49,12,43,25,35,25,46,49,29,32,38,38,27,42,25,15,11,14,15,48,34,13,40,34,25,27,32,35,41,17,31,30,17,49,39,43,27,40,40,37,40,47,36,45,31,12,13,47,33,34,46,24,23,21,18,32,24,46,41,13,16,44,16,35,23,30,34,36,24,30,34,37,10,25,17,28,11,36,43,18,13,21,15,32,25,28,17,27,40,25,20,41,41,24,40,35,29,37,40,45,40,35,22,48,38,22,42,21,41,50,39,16,19,23,15,44,33,36,20,28,36,19,47,10,38,49,47,46,46,23,41,18,25,39,43,41,12,17,17,25,17,49,29,43,37,23,35,42,15,16,14,44,40,10,42,19,35,17,44,37,14,42,36,12,38,42,37,14,14,42,42,17,17,39,40,34,41,25,15,34,23,18,26,29,39,39,35,33,28,48,20,14,26,42,23,15,45,43,42,21,34,41,28,15,13,17,29,24,46,41,35,11,45,18,46,19,13,12,20,18,50,12,38,23,39,20,13,25,40,10,33,30,42,39,36,46,16,27,37,19,46,32,18,11,19,22,37,36,25,13,37,30,50,31,47,10,26,15,46,50,45,33,13,10,19,34,28,28,25,47,26,13,14,12,26,29,17,47,44,28,38,34,47,41,24,11,19,13,18,35,28,35,44,25,35,38,40,17,18,44,13,21,34,35,38,30,14,22,21,14,20,48,47,42,11,45,45,34,38,15,29,33,45,46,19,29,37,39,13,41,46,19,31,18,20,37,45,38,20,13,12,42,40,43,37,32,49,35,21,18,43,35,20,11,25,39,44,36,37,40,13,44,30,21,47,33,11,45,34,27,15,38,44,44,14,20,29,18,37,11,19,10,43,39,41,32,35,28,16,44,19,44,36,42,47,46,18,21,46,38,46,24,47,21,15,23,32,24,39,10,26,19,11,46,40,18,22,41,11,37,24,22,19,33,40,44,38,35,10,39,46,35,43,11,12,46,46,23,21,30,17,31,24,28,37,25,12,47,17,23,35,41,31,34,45,27,33,31,34,31,44,12,49,37,19,18,33,10,13,30,29,31,48,23,49,34,32,11,39,38,27,46,30,19,33,45,29,33,17,35,30,28,12,23,15,22,15,22,11,32,40,45,12,27,12,14,45,24,28,26,32,32,38,26,27,20,47,15,25,49,19,14,46,49,33,11,35,14,33,45,29,34,34,15,33,50,44,18,27,49,12,49,13,46,33,45,28,23,47,12,49,24,35,18,27,23,40,32,43,23,41,12,36,24,48,32,26,17,31,18,42,39,20,19,42,19,12,16,46,32,32,35,20,30,29,47,47,38,43,32,49,17,25,16,18,47,29,11,30,29,26,37,30,45,15,15,13,40,26,31,45,41,49,33,33,42,11,48,46,20,41,41,26,44,22,19,45,18,18,46,17,48,27,37,45,17,22,33,20,14,26,29,42,45,19,47,31,39,49,48,40,46,29,49,17,20,27,22,37,30,32,36,33,49,26,24,45,33,26,39,17,17,44,41,37,28,14,17,12,41,44,48,49,25,41,43,41,40,22,48,27,44,44,18,15,15,22,42,36,27,42,11,28,42,29,24,12,15,12,47,27,44,32,41,17,48,44,24,28,38,25,21,46,24,33,29,38,12,14,50,36,21,12,21,27,42,21,16,36,29,31,29,10,44,15,35,41,14,24,13,19,32,13,31,24,39,38,35,11,35,23,15,42,43,11,25,35,34,10,27,27,35,43,45,48,13,18,28,25,16,31,44,24,32,21,45,42,48,38,12,24,15,36,13,43,20,28,21,12,41,34,17,30,16,39,43,42,31,29,37,10,36,38,19,28,48,25,14,38,29,36,31,44,41,46,34,40,43,31,19,24,24,10,50,30,44,36,32,49,20,47,35,34,12,26,21,32,34,29,25,37,22,26,45,46,21,27,41,38,21,34,33,45,21,43,33,20,49,15,33,44,28,50,22,39,25,27,42,18,43,13,27,23,28,15,23,39,39,38,39,27,39,14,43,26,44,16,42,33,23,48,48,35,18,32,12,34,30,19,21,26,38,37,25,24,39,22,50,21,27,32,12,40,32,43,18,36,40,13,28,33,32,18,18,36,30,14,13,41,18,27,22,50,31,34,27,13,31,15,40,44,48,47,31
14,44,23,27,48,18,38,45,18,12,25,14,19,28,18,45,43,24,35,16,16,35,33,12,39,33,27,41,11,17,11,23,47,14,10,27,18,23,31,21,34,19,41,35,12,16,14,38,41,17,43,42,47,39,34,43,34,14,21,42,36,48,42,40,26,44,28,24,19,16,46,41,44,20,34,34,25,22,48,49,46,45,21,28,13,22,22,27,39,42,39,10,42,35,26,42,43,49,15,47,45,11,37,19,28,43,21,40,42,13,45,47,15,23,13,25,30,44,10,15,24,10,11,26,39,12,40,16,22,12,38,48,50,39,20,31,21,24,33,27,25,46,29,23,30,29,19,22,20,11,42,35,44,10,47,45,22,15,26,23,31,25,15,27,38,22,39,22,37,40,13,32,16,42,39,30,31,44,34,48,23,17,18,37,13,18,20,49,28,37,36,47,16,31,44,31,20,42,14,48,14,41,20,36,19,11,35,42,21,11,40,23,30,46,26,30,30,37,12,40,49,17,32,33,27,25,23,40,33,43,43,17,16,43,10,33,41,12,22,32,19,47,32,23,22,21,25,24,18,32,30,45,18,22,23,18,34,27,19,25,36,25,27,25,38,37,43,50,36,20,49,27,27,46,12,49,17,28,39,34,17,12,36,26,36,34,36,48,32,26,11,13,32,33,23,31,47,39,28,31,41,49,14,45,21,48,36,13,44,20,40,20,42,35,17,28,15,32,29,47,47,31,37,37,21,32,38,30,44,38,23,45,45,46,10,35,24,39,41,42,40,36,31,27,44,34,29,25,44,24,44,43,26,11,28,36,12,25,15,23,15,21,43,12,24,36,32,24,11,12,44,42,41,48,24,20,25,41,20,38,18,37,25,46,38,26,15,30,33,33,43,12,24,12,28,35,18,21,35,33,27,33,16,22,44,11,48,45,41,35,46,11,25,35,44,15,27,11,27,38,30,10,27,22,48,28,28,34,19,50,37,26,33,30,14,29,40,46,25,15,39,39,48,12,19,37,23,18,35,43,45,30,35,41,29,33,14,20,35,11,11,18,41,16,25,19,32,42,45,38,16,41,26,21,19,45,49,11,37,50,20,43,15,47,44,19,18,40,23,16,18,15,20,16,14,29,18,35,47,37,16,49,18,48,20,38,17,22,29,27,42,27,13,15,35,45,34,44,49,16,47,34,33,39,31,36,24,44,21,36,44,11,43,32,25,12,11,36,27,44,45,12,48,28,48,46,21,36,45,17,19,43,32,29,24,36,29,33,22,17,25,13,43,32,16,37,30,29,28,41,23,42,22,17,37,10,11,36,25,38,39,46,31,24,35,22,46,22,20,37,35,22,14,35,20,11,21,14,34,23,35,26,14,13,17,16,42,18,37,20,28,15,33,39,21,34,19,48,50,19,40,10,17,23,39,13,18,26,41,41,10,22,37,39,18,38,31,16,28,29,14,12,36,24,12,48,24,18,34,43,48,49,42,15,32,45,38,24,48,15,29,48,14,32,27,19,35,11,44,14,35,26,13,28,20,17,48,39,44,48,15,33,44,49,29,40,42,46,32,14,27,23,17,27,47,17,13,38,13,49,48,12,42,25,26,13,38,39,19,16,30,25,29,39,31,16,48,44,16,44,14,37,28,19,43,15,23,28,17,39,48,23,41,24,11,24,47,49,14,49,18,11,46,20,17,25,27,50,25,49,11,30,39,33,39,30,46,22,34,12,31,29,26,25,50,42,21,11,32,11,29,41,44,46,43,49,37,11,23,36,39,12,17,10,34,36,13,23,27,49,22,27,34,48,26,31,27,39,19,29,18,18,15,25,33,15,48,16,29,47,16,35,25,12,40,43,36,22,49,48,16,13,38,30,20,14,19,26,16,14,33,20,17,31,29,45,27,16,32,24,28,43,42,38,45,34,38,26,37,35,35,40,20,22,36,33,16,28,35,22,35,40,36,38,32,42,23,44,47,28,25,44,43,33,44,48,25,12,28,17,39,18,16,49,16,25,28,29,41,47,13,36,21,50,12,19,36,48,20,37,31,25,41,43,31,23,49,38,34,48,29,26,34,30,26,42,45,32,21,11,44,34,32,15,30,12,11,50,47,32,17,49,35,28,30,40,17,14,18,39,35,47,42,46,27,45,43,40,45,25,38,20,16,41,23,20,23,29,35,28,26,31,44,46,19,20,27,13,30,24,30,30,23,32,35,42,19,15,38,21,14,34,44,46,49,45,30,21,21,37,39,22,12,14,14,13,14,37,15,27
31,21,38,12,26,35,32,20,35,29,21,22,21,40,18,13,44,45,38,44,26,13,19,12,17,17,37,22,22,43,17,42,30,22,16,24,20,45,39,48,42,24,34,36,45,17,13,37,11,20,47,44,24,23,44,31,18,16,46,34,31,29,47,12,40,35,25,39,25,31,32,11,15,12,49,17,48,48,25,30,31,26,26,31,33,33,35,47,39,20,12,31,16,28,28,37,47,43,28,19,30,31,11,13,41,14,28,11,48,44,13,13,12,21,29,28,46,32,13,37,48,32,30,21,50,43,32,13,49,18,24,12,32,24,37,27,48,37,23,37,34,11,21,33,37,40,38,29,14,41,13,22,42,25,26,37,49,33,10,19,37,40,33,50,16,23,15,22,41,21,40,46,29,44,49,22,31,12,11,15,33,41,29,25,23,33,49,39,34,19,39,20,33,12,13,25,19,49,28,14,49,44,25,15,13,41,29,24,44,29,15,18,16,38,46,41,28,45,46,11,24,25,44,27,12,25,40,47,11,40,38,22,20,43,44,36,36,45,43,34,23,26,35,20,31,43,30,19,45,17,34,48,19,37,30,16,13,48,46,45,35,20,31,35,12,40,14,30,11,22,21,36,49,24,29,47,41,12,29,40,32,19,25,24,23,21,32,49,22,18,13,47,29,10,28,23,48,49,35,10,36,17,15,26,45,31,37,32,35,17,12,49,10,33,45,30,37,27,36,42,14,48,40,26,33,39,31,23,35,44,31,41,29,31,45,11,28,49,12,22,36,23,20,46,36,12,24,41,23,25,28,12,24,47,36,33,28,49,41,32,13,29,49,17,18,36,25,10,27,28,27,35,21,28,44,24,36,18,37,37,12,25,43,21,15,34,34,27,49,28,14,40,25,39,39,13,45,42,44,33,12,14,22,42,21,41,41,43,35,12,16,27,45,43,35,42,32,22,27,34,22,29,13,48,13,19,33,46,35,40,36,30,37,25,18,19,43,43,24,34,28,31,35,11,25,19,11,22,25,14,30,34,11,35,14,48,31,33,19,42,24,11,49,42,42,11,16,10,17,49,11,45,49,24,32,30,27,17,18,11,45,17,35,11,35,18,49,18,45,33,33,46,16,41,45,16,25,42,42,39,38,40,41,31,22,32,31,11,32,29,38,18,26,30,25,31,46,29,43,12,46,45,13,19,46,45,38,49,23,47,25,37,44,35,18,14,17,20,32,20,17,45,38,37,34,16,33,21,22,28,14,14,49,31,38,43,15,13,29,17,18,38,35,44,44,21,16,18,15,33,14,50,40,37,26,45,26,17,23,16,33,49,38,14,17,33,28,34,35,17,41,17,31,32,38,43,49,48,45,18,34,21,15,28,46,26,30,10,41,11,46,35,46,47,36,21,25,30,26,26,30,34,31,24,38,35,44,11,47,10,38,17,17,22,35,22,37,28,34,26,31,13,38,28,49,19,36,33,27,49,18,38,34,38,31,36,18,25,17,25,16,27,46,33,42,43,13,17,30,35,36,12,37,30,50,41,38,31,22,46,25,19,21,21,26,32,18,18,50,46,30,10,22,27,16,15,40,40,41,23,32,41,32,25,34,43,19,41,50,20,47,48,40,41,20,26,42,45,17,35,10,19,21,19,37,39,11,11,27,36,17,23,20,11,33,23,37,18,21,19,12,36,21,30,39,33,36,24,32,21,26,28,22,45,39,49,49,50,29,37,27,38,41,17,35,20,39,11,19,22,34,27,11,24,19,28,38,26,39,31,27,44,16,14,32,13,17,46,46,20,46,29,32,20,49,20,42,15,25,41,40,30,35,17,14,13,25,15,45,48,49,14,28,12,13,30,23,18,19,43,25,34,40,40,43,43,46,15,46,34,15,41,30,47,24,32,49,39,48,36,39,41,20,24,42,11,49,44,18,18,37,49,48,29,32,40,49,21,37,11,43,21,40,48,47,38,31,12,44,23,40,24,42,10,22,29,20,25,24,20,19,40,30,47,36,41,40,13,49,11,40,35,28,34,14,18,40,39,40,28,41,20,46,26,50,19,49,48,34,42,34,31,49,46,21,36,48,14,27,22,44,31,39,23,34,42,27,31,46,17,26,38,33,19,33,24,43,25,41,27,46,35,35,22,48,15,16,18,26,32,38,42,43,46,26,46,44,50,43,14,16,38,33,16,29,19,19,20,12,27,33,29,41,42,38,30,33,35,10,49,23,25,29,23,48,29,11,26,49,47,44,32,45,37,43,15,42,18,27,37
40,33,21,32,39,23,38,26,12,27,26,43,45,43,15,46,46,40,43,50,18,36,39,47,25,22,26,14,17,24,50,24,11,24,44,38,27,24,46,45,15,27,35,13,15,47,11,31,35,45,11,23,17,21,20,35,14,13,24,29,32,22,29,27,49,28,22,27,36,44,40,31,17,18,28,32,17,21,28,14,37,39,28,22,12,37,19,37,26,12,19,27,15,39,44,29,29,32,24,28,19,13,50,49,47,45,16,31,33,16,39,21,23,11,50,34,47,30,25,38,26,37,12,47,14,35,16,11,21,15,37,13,22,26,15,12,16,24,42,14,18,31,40,41,22,19,30,42,28,30,16,24,44,42,24,14,16,18,28,22,24,25,22,26,16,19,22,36,25,44,32,46,44,11,32,21,38,24,10,44,32,10,16,12,33,12,10,31,11,42,48,11,43,14,48,10,28,17,34,27,18,42,23,10,29,19,41,39,28,21,49,49,22,35,30,45,32,48,49,12,45,34,33,17,17,34,22,44,13,39,30,11,12,30,12,24,49,23,11,22,14,42,17,39,32,36,50,31,11,22,24,11,19,14,11,16,22,21,26,32,22,36,47,10,13,16,13,12,25,10,23,11,35,35,29,28,39,47,38,21,23,45,49,43,25,44,38,47,19,13,44,28,19,38,19,47,33,45,36,27,37,25,23,41,11,14,30,14,34,37,23,22,48,11,49,16,22,27,18,12,16,16,47,39,38,50,43,49,43,15,38,12,12,33,17,19,33,21,39,40,25,20,23,35,40,37,24,29,14,31,31,26,35,14,45,43,29,47,42,13,41,45,34,26,23,35,31,12,15,31,16,30,42,38,11,11,37,22,21,35,11,45,48,45,14,25,50,16,20,49,40,25,33,44,39,29,38,35,26,26,24,25,21,14,11,29,24,43,31,15,42,45,41,10,30,48,27,21,41,20,14,41,19,29,17,15,43,16,36,20,10,28,13,24,33,35,17,47,49,31,35,23,22,37,19,42,47,46,24,40,36,35,46,47,25,12,26,30,27,30,26,30,49,12,30,46,36,45,22,34,48,41,46,12,39,17,26,43,12,20,32,19,36,34,29,29,15,21,14,27,30,24,16,38,34,44,35,45,44,10,40,28,30,24,34,20,13,22,40,50,47,48,12,28,12,33,49,28,21,49,39,28,36,15,48,11,23,24,28,31,25,40,33,28,16,41,47,26,16,23,40,44,16,28,22,28,19,30,20,21,42,10,14,40,46,39,34,16,43,27,40,13,12,36,23,45,18,14,12,44,28,35,36,45,49,31,47,12,10,17,43,17,48,19,33,48,47,39,28,30,26,17,26,28,14,17,40,29,35,27,11,19,41,44,35,21,39,31,23,49,33,19,35,30,26,47,17,38,27,40,40,42,24,35,31,48,44,43,15,42,26,32,11,42,42,38,18,43,49,26,13,23,14,29,11,39,40,40,25,19,38,38,35,43,46,11,14,13,23,17,40,42,41,43,17,41,20,18,41,24,49,38,19,10,24,50,24,25,28,35,25,34,23,13,16,50,41,12,39,10,42,19,36,41,24,45,47,26,44,42,46,17,17,15,44,37,49,49,11,33,44,12,40,28,32,46,21,17,30,25,49,30,35,10,31,37,35,26,15,23,47,49,40,14,19,32,47,15,49,30,48,19,19,14,42,45,48,12,41,44,23,32,26,46,13,41,46,50,26,27,24,13,18,43,36,12,48,19,13,27,21,37,18,37,28,22,11,45,37,42,41,20,33,16,14,11,12,16,44,20,29,40,50,25,26,16,18,23,18,19,33,36,30,33,50,28,38,12,48,31,19,10,16,40,31,13,38,43,31,16,33,44,35,42,48,18,42,33,23,13,41,10,38,13,14,48,18,34,42,20,25,20,28,13,40,28,48,17,20,48,12,30,39,29,36,14,43,35,18,32,14,20,50,26,19,42,44,34,32,35,14,29,35,17,22,18,11,30,24,14,32,39,24,18,31,31,43,42,27,48,30,16,15,33,47,13,44,27,27,18,39,44,20,41,14,20,13,34,44,18,12,10,13,33,31,41,41,40,18,43,16,20,19,47,29,32,37,42,48,21,34,42,36,24,22,40,13,24,40,47,39,36,44,48,21,32,38,39,12,43,13,38,46,29,45,23,32,23,25,17,22,36,37,30,31,41,23,23,33,29,37,37,12,11,28,27,34,31,38,13,48,32,37,15,39,34,44,26,21,36,13,14,28,29,38,45,28,46,13,31
