The number of jobs:
2000

The number of machines:
10


The power of each machine at differnt speed levers:
(where rows denote machines: 1 to 10 and columns denote speeds levels: v1 to v4)


7,18,25,31
16,22,30,39
15,30,37,45
6,18,29,40
6,11,22,40
14,20,38,45
17,26,38,45
9,17,31,45
18,25,38,45
6,16,27,45

The basic processing time of jobs processed on different machines:
(where rows denote machines: 1 to 10 and columns denote jobs: 1 to 2000)
10,18,11,42,24,50,11,14,31,31,11,42,49,29,25,48,24,11,19,44,11,29,36,16,42,46,41,18,18,22,45,26,25,27,40,31,48,40,33,21,24,36,46,33,19,31,30,10,47,49,44,19,44,19,38,41,49,28,19,41,17,19,29,47,43,24,43,37,20,15,13,27,32,49,43,17,33,25,39,22,48,29,28,38,27,36,47,26,10,28,13,37,38,30,34,28,42,45,22,38,19,27,11,37,25,37,45,39,13,48,19,34,47,31,48,19,22,49,18,14,16,17,17,21,21,35,40,16,48,30,31,13,11,44,22,38,44,11,42,31,45,27,22,13,15,45,31,48,37,28,39,15,18,24,11,35,29,24,43,27,45,24,20,21,23,26,32,48,24,46,41,49,47,20,33,38,39,42,32,18,38,14,14,15,47,29,12,14,10,24,21,49,32,13,38,31,22,39,26,27,25,49,50,11,49,35,42,38,14,47,20,14,28,12,44,19,30,18,20,23,32,47,47,26,45,46,38,17,16,19,18,23,10,50,34,42,36,19,16,14,20,25,21,15,34,11,20,41,30,24,35,50,23,18,30,28,32,37,24,26,20,36,48,31,20,24,35,24,27,39,21,46,31,47,42,36,40,50,14,24,34,23,13,14,48,41,25,48,17,45,45,16,23,33,20,18,42,22,29,45,20,38,11,43,35,43,26,23,48,23,24,28,33,42,42,30,29,38,33,41,36,21,18,22,18,15,37,35,40,11,30,38,50,50,47,19,41,17,48,17,14,24,39,15,15,43,32,42,29,43,45,12,22,29,31,49,36,19,14,29,30,28,39,16,34,11,48,10,44,19,21,43,39,16,49,40,29,23,41,47,11,26,11,12,21,46,45,45,13,45,21,39,50,30,33,35,34,16,20,12,41,49,20,23,14,37,40,10,42,16,13,13,46,19,41,11,24,20,28,13,49,27,32,45,28,45,34,33,27,27,32,35,12,32,24,19,14,10,36,12,19,42,42,41,15,15,30,47,18,23,16,26,50,48,49,22,24,41,10,48,17,42,42,50,19,34,10,37,10,50,20,47,21,24,16,46,31,29,12,32,48,39,41,38,13,46,48,41,38,44,21,21,40,12,38,28,38,39,34,18,35,25,25,36,19,38,15,20,46,35,16,13,35,43,24,12,32,44,38,41,20,26,29,47,34,21,31,28,40,40,41,45,38,35,21,38,37,43,14,34,10,42,41,32,13,35,46,12,38,41,41,28,49,38,46,44,22,16,43,26,43,18,46,42,41,21,24,11,16,30,11,29,43,37,42,40,19,44,31,14,12,20,25,50,23,32,48,42,43,28,32,33,33,23,13,37,32,39,36,16,43,27,39,33,21,11,45,41,11,39,36,29,26,14,24,28,27,23,35,23,17,32,45,15,31,45,48,26,44,21,24,31,48,29,18,21,48,27,26,35,18,41,30,24,13,49,36,44,37,38,27,41,50,32,19,20,21,49,25,17,35,13,17,41,28,19,49,42,17,20,47,23,45,28,46,23,43,41,19,20,39,21,27,29,49,34,34,36,37,44,49,34,18,28,24,27,29,50,37,28,35,40,34,12,45,17,39,36,47,20,17,27,28,16,45,48,20,31,25,14,34,14,19,23,13,42,33,33,30,21,42,41,36,10,43,26,43,42,16,41,45,33,36,18,21,41,13,21,47,17,26,21,44,26,32,33,21,13,10,24,22,21,18,11,17,38,37,35,43,44,31,26,23,45,44,31,13,24,21,43,13,16,21,46,25,13,23,10,50,45,15,17,44,43,48,45,32,27,33,23,39,45,26,11,18,40,39,21,14,32,17,17,32,22,49,25,21,14,36,27,22,37,10,49,49,26,32,43,13,36,21,43,41,20,16,35,40,30,28,37,44,12,48,22,31,11,43,37,15,21,10,46,12,17,10,25,35,31,42,11,21,10,37,14,14,37,44,46,35,16,44,11,49,36,14,43,27,12,35,31,11,17,12,13,20,46,29,20,26,27,37,32,20,38,39,31,36,36,17,44,21,28,36,11,20,24,23,30,38,26,45,42,19,34,11,28,45,42,37,30,16,37,30,16,35,23,41,14,41,26,34,29,36,29,39,19,45,36,36,36,48,42,17,29,24,11,46,13,14,22,28,24,29,42,15,25,18,11,23,19,50,26,33,30,42,16,10,22,16,27,39,35,37,48,42,11,17,33,15,34,34,10,34,22,39,49,18,48,35,17,18,47,34,33,43,17,16,16,37,47,28,26,33,24,40,19,32,46,50,21,31,35,20,47,45,22,19,22,41,45,22,35,22,22,26,36,17,46,30,40,18,47,37,47,46,12,48,27,11,37,45,26,43,16,28,28,48,19,11,47,24,32,46,18,31,35,26,48,19,31,27,18,19,15,15,47,36,34,41,10,25,35,12,24,30,29,44,43,29,41,38,50,11,30,43,24,21,34,24,11,45,19,12,40,14,15,46,18,10,22,33,32,16,23,18,29,42,20,12,19,49,19,38,47,28,29,38,23,20,42,35,36,50,48,29,19,48,25,44,26,28,20,49,45,20,19,18,19,48,16,29,44,45,40,19,40,35,22,11,27,29,47,40,28,30,30,28,39,29,48,19,23,33,28,31,49,13,50,20,35,28,46,36,44,30,31,15,39,40,37,47,13,43,35,47,26,38,26,44,36,25,40,12,22,28,29,20,25,28,21,48,14,47,40,12,21,33,18,38,36,45,26,38,48,11,33,30,39,24,23,26,24,20,28,24,14,14,42,42,24,15,17,29,25,35,28,11,36,16,26,34,17,34,35,37,25,15,19,13,21,24,38,21,41,45,14,11,34,26,38,41,10,29,41,36,35,14,30,11,33,33,47,20,28,11,33,16,11,42,10,10,18,14,26,34,40,25,17,22,15,32,34,43,12,23,36,37,37,46,49,36,33,21,37,36,16,45,44,21,14,19,50,11,18,30,42,16,39,26,11,24,18,42,20,10,38,49,30,11,46,45,47,45,13,18,26,10,38,23,12,23,19,15,37,15,15,49,24,20,16,45,34,31,20,40,37,28,47,23,25,43,15,38,26,21,33,19,28,13,14,11,23,14,26,41,38,16,33,35,27,29,30,37,31,32,21,46,34,43,18,23,47,15,35,15,20,23,23,23,23,49,46,26,29,46,23,36,21,21,40,20,20,30,32,38,33,37,38,33,48,46,36,48,38,18,47,29,40,16,27,49,35,31,15,44,40,17,32,46,12,44,24,12,13,47,16,40,26,20,40,47,17,22,47,11,48,23,28,39,16,10,30,20,10,13,41,33,10,28,18,33,18,38,23,29,19,22,14,30,33,16,23,14,14,41,31,21,35,36,10,26,42,20,39,16,11,29,15,23,44,12,20,33,46,22,33,22,30,44,27,37,11,34,22,28,13,39,17,37,41,46,19,16,48,11,17,34,34,34,29,16,27,31,16,19,49,17,22,34,23,43,35,45,35,23,21,18,26,13,16,29,33,27,27,15,48,20,42,21,37,23,44,42,32,28,18,36,19,16,32,33,42,48,15,28,18,42,35,48,49,29,17,12,31,22,13,44,12,28,15,26,47,21,29,31,37,44,27,29,26,38,17,40,33,34,34,23,46,24,50,12,30,39,47,47,41,25,44,26,25,46,28,44,49,44,27,20,44,37,44,20,17,18,33,16,46,42,35,26,14,39,11,41,33,48,34,26,11,28,31,23,41,23,44,22,17,10,32,34,42,49,36,14,31,38,44,13,25,18,26,14,13,32,39,17,15,35,31,41,43,32,13,17,41,25,28,16,22,40,45,24,38,26,43,48,14,45,21,24,49,24,21,24,27,26,16,45,35,49,26,29,44,21,23,26,40,23,11,12,32,15,48,10,15,14,16,36,36,14,34,11,49,46,15,37,19,39,11,35,21,42,24,48,44,42,33,46,43,44,41,43,40,42,32,43,27,22,45,49,46,11,44,23,27,24,17,22,11,43,24,41,48,18,35,28,25,50,49,16,22,47,12,18,31,35,46,27,33,26,13,24,29,11,42,15,40,46,25,45,47,16,48,40,23,26,41,21,49,24,46,43,42,27,42,29,33,18,19,26,43,34,30,17,28,28,20,16,26,23,31,35,30,23,18,41,22,16,36,36,44,28,44,16,24,37,29,30,20,49,18,34,44,18,41,30,18,36,31,13,19,38,28,42,44,11,23,30,14,28,49,18,42,13,20,40,37,36,42,22,20,25,23,13,30,25,44,44,18,13,27,20,29,49,11,26,18,29,42,38,40,48,31,31,32,17,32,32,48,19,24,15,16,42,29,12,19,12,43,49,47,37,29,42,28,13,31,15,17,32,41,33,45,36,40,46,37,42,37,37,43,11,28,15,46,47,25,15,13,39,27,38,18,15,40,37,25,27,39,32,16,15,20,34,22,11,12,37,28,31,32,35,32,28,20,27,34,43,13,23,19,41,45,32,18,37,31,26,45,50,50,15,25,37,36,40,29,24,24,34,11
27,12,36,13,30,40,12,27,14,23,16,13,15,11,10,49,25,19,49,43,31,22,11,20,49,23,47,24,14,15,19,21,37,39,45,23,17,34,25,12,27,36,13,37,27,20,29,13,13,28,25,49,16,27,12,34,29,45,18,14,42,43,21,14,29,48,16,43,25,34,30,14,32,28,12,34,11,11,45,34,47,34,17,24,24,29,17,41,32,42,43,34,46,26,14,20,36,13,39,47,32,41,28,41,46,37,29,33,25,43,13,14,28,26,27,19,45,33,22,22,14,11,21,11,33,41,20,43,43,29,28,47,50,16,15,14,47,45,40,35,37,49,35,20,14,38,37,48,32,29,36,36,34,30,14,11,38,18,43,20,38,12,26,39,31,22,20,24,27,36,41,39,20,25,47,24,19,31,30,25,41,34,23,42,42,44,44,26,23,18,29,33,40,19,20,33,44,37,31,25,15,10,15,14,45,30,32,13,22,35,30,12,24,42,25,46,49,36,39,27,29,20,26,37,30,36,22,19,31,29,29,26,28,49,30,18,41,21,43,41,27,40,42,16,29,38,33,27,20,31,22,19,45,20,46,38,13,27,24,45,15,49,19,29,35,36,23,35,27,11,35,18,36,10,26,19,40,11,48,44,18,46,35,49,13,49,31,46,23,19,28,14,28,14,11,29,45,18,42,14,33,44,34,12,31,17,16,49,47,42,38,41,18,35,12,28,38,44,37,38,48,43,41,27,14,45,26,26,47,37,19,25,27,18,26,42,10,29,24,27,11,15,32,16,11,43,42,23,16,48,20,12,37,20,11,39,16,14,14,35,21,46,11,40,50,30,46,49,38,37,49,38,23,42,39,33,14,45,18,26,48,30,41,17,14,13,13,47,33,37,36,30,26,27,49,29,33,22,28,21,37,28,48,16,22,27,37,22,36,47,41,40,48,40,32,34,27,44,33,49,26,13,23,17,10,41,42,19,46,49,48,22,40,22,11,15,32,28,27,46,49,12,29,13,14,21,38,46,20,44,28,24,10,46,13,43,31,16,28,45,43,39,24,25,30,30,30,14,40,48,34,40,12,42,47,34,49,18,16,40,49,39,48,23,21,17,13,24,11,37,34,48,11,46,26,42,40,33,14,23,44,38,40,16,42,25,42,41,31,34,33,46,43,28,23,50,32,45,44,39,24,14,16,43,31,46,49,35,28,17,14,34,39,47,13,47,45,38,43,17,28,15,45,18,23,24,17,18,36,13,30,46,17,35,47,26,29,40,15,23,42,30,49,37,27,40,45,37,16,20,26,46,17,13,36,44,33,49,19,11,34,36,20,38,12,37,40,13,27,11,20,10,22,40,21,13,14,49,32,30,45,15,38,31,30,29,42,49,39,17,46,14,18,32,50,11,47,42,27,13,12,16,19,11,12,22,40,34,24,31,45,21,29,41,38,37,29,35,46,14,39,31,36,46,25,14,31,11,23,42,37,43,33,49,48,49,21,21,37,32,26,36,13,22,40,29,20,12,24,38,32,50,38,27,10,17,20,22,25,38,40,48,41,22,23,45,33,33,27,19,18,20,35,36,15,12,25,41,49,13,18,21,42,44,25,41,34,24,48,21,26,36,27,28,14,38,20,49,21,12,35,14,17,15,41,36,34,43,13,19,32,11,31,36,22,19,20,38,39,21,27,24,27,13,44,36,25,24,18,29,49,18,15,46,35,47,41,33,44,20,41,44,47,35,22,18,37,22,42,33,17,25,44,16,30,44,40,47,20,32,11,14,45,30,47,28,47,16,42,21,36,25,37,39,12,14,14,28,11,32,49,42,41,44,19,30,32,46,49,11,30,11,22,17,38,43,36,16,48,35,21,18,31,31,31,31,13,42,43,37,24,26,34,47,33,32,17,25,39,32,37,17,22,23,37,10,24,35,32,29,48,34,45,24,33,12,30,42,48,36,15,33,39,30,27,25,32,37,15,30,24,31,47,34,16,41,17,12,13,20,29,31,13,35,46,35,12,47,28,20,14,37,45,48,28,39,21,27,23,50,28,23,50,25,44,34,26,16,12,45,44,46,17,23,45,37,40,24,25,34,24,23,44,28,31,27,38,33,24,40,25,49,44,34,16,16,18,24,20,16,38,49,11,25,14,30,18,21,13,14,37,46,40,16,44,28,49,39,29,32,35,19,27,31,24,38,46,33,45,45,33,46,31,26,10,31,16,15,42,13,32,37,28,41,37,30,19,23,41,18,18,13,30,20,30,46,45,43,30,49,44,48,46,22,16,35,18,26,23,25,13,37,47,18,33,46,25,26,48,20,15,31,46,18,48,31,18,11,14,13,17,40,29,16,16,48,15,11,17,31,10,16,41,20,28,14,37,20,19,20,12,13,19,13,33,41,18,36,26,22,26,44,24,31,45,27,35,23,49,49,21,28,27,22,38,39,47,47,25,15,38,49,29,30,47,42,38,30,24,33,37,47,11,22,41,21,20,42,46,12,37,16,38,33,47,43,29,22,30,24,19,10,20,30,32,38,38,26,45,33,41,25,14,42,32,46,27,17,16,11,23,44,21,30,32,39,43,36,43,35,17,33,12,46,16,43,44,30,16,33,40,46,37,43,22,10,28,23,14,42,44,40,13,36,31,48,18,49,47,27,20,39,37,28,21,34,35,14,25,41,24,46,45,13,31,47,14,37,34,35,38,28,36,39,45,24,46,48,36,22,45,15,18,18,20,38,42,27,23,30,36,32,49,16,39,12,44,47,33,11,49,11,35,13,11,45,42,23,12,48,34,23,13,23,22,37,44,38,37,20,28,24,19,13,48,13,19,41,46,37,27,44,19,50,32,25,32,17,45,28,14,19,35,10,39,11,42,42,19,19,29,24,29,10,21,45,27,44,36,42,43,15,24,45,21,37,19,29,45,26,49,50,47,17,44,47,21,34,37,44,18,41,47,29,29,45,42,44,19,34,23,17,21,39,35,30,40,24,12,24,36,47,32,20,38,18,26,24,15,24,26,14,43,14,37,17,11,31,42,19,13,33,30,30,21,29,28,23,39,32,46,14,19,24,44,24,41,50,31,45,39,14,20,45,34,14,15,19,14,40,42,45,39,28,42,16,14,34,28,17,23,38,13,19,38,16,18,33,44,30,28,38,32,25,35,36,31,45,18,37,44,46,46,30,11,29,14,40,39,23,20,23,21,25,22,32,22,31,31,20,25,42,46,46,36,43,18,39,10,42,13,29,26,26,38,41,46,37,18,25,23,14,34,21,47,11,24,40,19,34,34,39,27,11,20,28,11,37,36,34,45,11,17,38,11,38,14,12,36,30,32,41,41,45,34,37,17,11,44,35,48,19,43,38,39,34,10,37,44,48,20,41,29,14,18,22,41,13,19,23,19,37,35,43,33,50,36,30,31,40,10,30,34,47,34,12,22,40,29,23,35,19,30,47,48,40,17,39,14,22,12,13,10,36,30,21,43,38,50,40,30,12,16,36,38,41,18,11,25,33,18,19,18,47,45,27,44,15,35,30,50,36,37,13,21,27,50,25,12,48,49,18,42,44,50,22,23,41,28,16,26,40,45,19,24,13,22,11,44,20,44,23,34,43,31,33,35,48,36,45,42,27,13,46,14,49,21,17,39,20,30,18,28,25,43,26,43,24,38,50,10,48,45,44,25,35,16,49,19,34,44,45,30,13,14,42,46,20,33,24,32,26,28,43,27,46,50,41,20,25,26,23,49,32,16,47,34,26,20,47,16,20,44,10,40,34,23,11,10,35,18,34,17,13,30,50,17,39,21,32,13,48,49,26,38,11,19,40,46,47,26,32,38,42,14,16,39,37,20,43,11,36,22,27,32,39,17,34,45,15,17,15,21,46,26,43,47,26,17,25,47,33,17,41,14,16,36,41,40,40,14,24,40,26,20,39,43,33,46,47,49,41,31,12,39,44,25,10,40,13,24,45,50,34,38,46,23,13,19,19,29,18,41,46,17,46,22,47,20,37,30,39,16,31,43,18,35,16,47,11,40,39,17,29,16,46,47,42,46,38,45,22,25,17,39,45,16,30,47,17,12,19,26,14,38,36,32,21,37,17,28,46,34,20,44,49,36,30,24,14,13,28,15,47,28,50,15,47,32,18,22,47,22,48,31,39,18,36,23,21,13,24,46,23,39,22,24,17,47,10,49,34,36,32,39,36,44,31,50,32,37,40,37,47,28,39,27,46,35,33,11,24,19,43,26,37,25,36,36,43,26,42,45,22,18,30,28,11,42,19,22,14,14,31,18,27,17,43,31,23,15,21,17,15,20,26,13,10,13,15,45,21,40,13,18,31,43,42,44,10,32,33,35,40,15,42,30,12,34,20,18,14,46,47,11,42,24,49,28,45,28,25,34,44,11,42,42,16,27,12,11,14,41,47,17,29,13,46,25,16,44,13,11,15,36,30,49,21,11,32,44,48,37,32,12,19,19,21,41,39,14,41,28,38,20,11,13,42,27,15,27,36,40,35,49,42,25,22,14,50
30,40,14,45,17,24,23,10,20,13,25,23,34,24,18,46,35,10,22,29,37,23,43,11,50,15,14,43,21,21,12,29,10,10,16,22,35,11,37,11,38,12,12,13,29,31,38,16,23,30,38,35,15,11,30,23,45,11,42,31,22,25,31,25,28,43,18,14,24,31,46,38,49,42,32,44,24,45,40,16,14,41,23,20,32,31,12,36,15,12,36,37,41,39,37,16,37,45,27,28,44,35,31,30,25,41,18,43,36,23,38,47,46,26,15,47,18,30,26,33,40,49,41,35,45,31,36,18,13,12,25,35,36,19,41,22,34,22,24,50,11,14,13,29,21,48,16,13,27,24,42,35,14,34,25,42,45,15,46,25,36,28,20,35,31,39,24,19,29,30,14,28,24,13,22,47,31,20,40,39,38,41,47,15,46,16,40,10,32,40,30,49,34,17,13,44,39,16,21,34,22,39,31,38,17,11,21,12,48,37,23,49,18,46,32,17,50,37,24,16,34,33,12,44,32,43,22,46,12,13,23,47,42,28,43,44,44,38,42,43,42,32,23,13,14,17,40,26,30,23,24,29,15,28,39,39,18,45,31,17,46,11,31,31,42,48,48,13,36,25,49,35,21,29,41,30,26,10,31,27,32,20,22,33,42,48,33,11,30,30,30,50,20,30,43,14,28,19,46,28,41,35,26,20,22,45,21,39,31,17,22,27,23,28,13,46,46,40,28,47,49,22,48,42,13,17,12,12,18,19,24,13,31,30,25,38,44,15,28,46,35,36,27,17,34,23,33,19,26,27,48,39,25,31,41,42,46,16,20,12,26,15,21,19,47,21,14,14,31,20,21,45,39,25,10,20,25,11,16,44,32,31,20,31,34,44,22,32,38,22,18,28,38,27,24,30,50,39,34,16,28,43,35,12,11,36,26,50,24,30,23,29,18,31,29,33,15,11,29,44,20,23,10,31,25,28,19,27,11,12,11,14,30,36,37,13,39,49,29,16,43,41,16,17,32,16,34,41,14,40,50,25,23,20,35,17,13,36,46,24,21,32,41,11,37,21,18,35,29,19,32,41,19,24,44,45,32,41,45,48,23,44,18,25,41,29,48,15,46,24,21,15,12,14,43,17,47,12,28,25,17,33,32,22,21,40,26,41,24,31,38,43,41,20,21,33,31,38,50,34,33,29,36,35,46,25,25,11,33,18,49,20,33,20,41,46,18,15,23,34,39,18,23,46,28,35,11,33,14,17,19,49,12,15,41,32,44,33,20,27,13,34,21,40,13,33,14,20,13,44,19,12,47,36,29,41,36,39,21,40,40,48,20,20,40,26,39,47,43,49,21,35,29,28,42,42,38,14,22,12,12,27,18,39,15,39,16,48,39,37,25,39,22,22,16,14,21,36,12,44,31,25,39,27,36,27,18,41,41,27,19,45,23,36,17,21,42,12,24,46,34,41,24,12,36,39,39,40,12,13,23,39,11,13,24,49,18,41,47,11,10,26,26,39,23,50,28,21,32,46,24,41,33,18,46,34,29,45,44,34,19,43,28,29,31,13,28,47,41,23,44,23,25,45,19,35,42,47,16,17,32,42,18,41,36,36,40,47,16,49,15,18,12,32,36,14,48,28,24,22,46,34,31,22,46,47,32,27,11,41,15,19,15,10,17,21,26,34,35,14,18,25,16,36,11,33,46,30,30,25,37,43,41,27,24,23,32,45,33,28,18,17,22,44,43,41,34,17,28,49,35,47,14,40,19,21,32,45,15,36,15,49,23,20,24,28,43,13,18,19,44,20,18,28,24,20,15,16,38,27,16,26,15,45,19,25,35,48,41,41,49,35,15,21,18,38,23,32,43,26,25,28,20,35,40,42,21,31,29,10,17,37,20,22,39,26,41,32,15,14,23,28,10,26,17,23,50,10,45,25,25,20,48,27,47,17,50,32,12,47,22,35,31,17,15,21,40,39,22,31,19,45,13,34,12,35,41,25,50,43,31,12,47,16,35,23,33,11,38,14,25,39,19,47,41,50,27,39,27,40,14,17,35,38,33,41,49,24,26,23,16,20,18,22,34,38,33,36,26,27,11,16,12,30,44,14,38,17,23,47,46,24,19,44,23,24,27,31,42,22,45,35,48,26,45,27,16,34,27,24,12,22,39,20,28,11,46,31,22,31,26,41,33,33,23,42,28,30,25,49,36,35,18,19,50,35,40,22,12,46,39,24,15,26,45,10,28,22,30,23,14,33,24,42,18,48,28,12,45,21,40,38,46,23,11,16,19,13,17,31,41,43,36,30,20,31,35,32,30,36,30,14,23,16,38,24,12,26,38,40,10,40,26,14,33,42,23,20,15,47,31,22,23,14,39,41,36,50,31,43,37,30,39,50,19,24,27,46,19,48,39,13,43,33,26,26,21,48,20,45,40,26,47,31,45,38,46,16,26,14,28,32,34,49,43,34,13,43,50,22,24,35,46,50,35,20,23,21,28,12,12,25,24,34,25,39,26,14,45,46,15,28,33,42,48,49,33,16,37,46,42,50,43,13,25,22,17,38,28,49,41,19,43,31,32,44,48,37,17,31,11,41,25,29,19,27,31,49,19,39,11,22,14,19,40,17,29,41,33,50,18,40,11,39,36,25,46,43,48,18,31,38,46,37,38,29,12,16,35,34,37,21,44,49,46,37,38,28,50,42,27,16,32,48,11,15,46,45,43,39,48,32,47,12,13,41,46,11,19,37,10,42,36,33,22,14,13,49,16,37,45,31,39,44,37,12,11,27,41,12,27,30,41,33,13,36,49,44,44,17,49,26,28,14,36,13,10,42,44,27,24,48,40,42,37,27,29,31,23,45,32,18,24,26,17,41,47,12,26,50,50,34,47,21,42,46,48,13,15,25,41,35,22,28,37,36,15,24,26,40,24,25,42,46,11,34,12,42,24,30,36,36,25,15,37,13,14,37,39,12,49,37,12,22,33,12,33,39,36,33,13,27,13,49,20,43,34,20,28,18,48,48,43,20,43,44,32,36,26,11,39,35,39,15,31,40,41,26,33,27,25,45,20,26,18,46,41,26,21,23,44,12,13,39,26,38,32,42,34,17,49,38,43,49,38,12,38,46,25,42,34,14,15,38,40,37,31,25,21,24,30,46,48,14,16,39,11,36,41,44,44,18,39,45,32,25,15,20,39,29,48,43,39,40,44,36,42,11,35,26,48,39,23,11,13,19,39,23,29,35,16,49,24,30,27,15,38,17,40,27,24,30,48,47,13,45,39,36,15,35,41,20,35,18,13,48,26,47,30,37,38,49,24,16,27,16,30,21,44,35,36,24,47,45,11,17,31,17,31,19,36,22,21,35,35,46,17,10,18,45,35,39,46,14,27,35,50,45,29,38,44,15,42,26,28,22,39,34,37,47,20,37,20,45,37,47,22,33,47,34,23,40,37,19,21,49,14,36,43,10,12,41,15,28,13,34,34,33,45,20,49,40,20,39,19,15,32,16,31,15,13,11,36,27,42,15,22,39,26,46,22,25,40,34,39,24,18,33,31,19,33,35,34,43,46,16,43,21,38,46,24,43,49,17,38,21,16,31,23,35,32,33,23,34,28,39,40,18,27,35,22,22,15,12,41,15,34,25,18,36,26,40,41,40,31,49,41,31,13,13,32,16,26,13,16,18,39,12,13,35,39,44,21,38,43,42,44,22,13,39,11,40,33,13,13,38,27,17,35,43,19,24,48,18,43,41,48,48,40,19,11,16,21,45,47,27,48,42,46,24,37,18,28,17,17,35,28,50,14,12,12,46,30,50,46,27,45,32,39,10,12,19,15,32,31,36,17,15,33,45,24,41,42,41,26,21,14,48,35,38,19,29,20,23,44,10,36,18,11,26,36,15,16,34,37,39,31,14,50,16,40,14,10,48,25,38,42,41,40,38,35,25,33,38,31,40,24,19,27,36,23,26,48,49,28,25,22,27,41,23,16,18,21,49,14,38,21,47,46,18,34,18,18,12,37,34,20,22,38,13,18,23,32,32,31,32,44,18,11,24,33,37,40,31,28,28,27,27,25,18,47,44,14,44,26,21,28,20,36,39,45,39,17,32,29,20,29,30,48,45,32,40,41,21,30,16,45,29,18,45,42,13,42,29,37,11,48,40,31,32,27,31,24,46,26,32,38,49,40,23,17,16,18,44,26,50,42,38,34,13,31,37,32,15,23,20,24,22,17,29,46,26,18,33,24,16,19,18,38,15,50,15,44,45,31,30,42,14,23,25,26,11,39,22,24,29,31,12,33,42,38,27,23,33,17,17,18,38,21,28,36,38,31,18,33,32,41,20,47,22,13,24,34,24,18,40,19,20,13,50,15,40,20,24,19,14,45,22,30,39,11,43,19,21,18,41,31,45,39,23,24,13,42,22,15,33,14,38,24,34,33,48,48,39,31,14,29,39,11,30,40,38,37,26,41,50,13,17,45,33,15,28,12,35,48,36,11,25,18,31,38,26,32,42,36,38,14,35,11,13
29,48,21,39,49,26,48,44,23,46,31,15,47,11,14,49,19,12,42,22,36,34,22,18,21,41,23,15,49,48,12,11,30,49,40,42,47,20,44,14,38,34,47,33,36,24,19,26,42,43,20,15,40,42,38,49,11,48,14,28,49,14,46,23,16,16,39,23,34,42,42,48,14,16,36,32,27,45,31,16,22,39,45,46,26,17,21,34,50,49,46,27,29,18,43,33,12,21,28,26,42,24,40,31,18,28,41,41,21,31,45,46,43,13,10,15,15,22,12,46,18,28,45,49,24,18,16,41,44,46,37,19,42,48,47,28,11,15,35,17,47,29,22,13,21,37,12,32,35,41,36,36,28,38,31,21,43,21,40,16,11,10,40,46,48,13,32,13,49,16,15,16,23,17,13,13,17,29,49,23,20,18,48,17,11,42,46,25,18,40,47,33,11,25,39,42,12,42,35,20,20,23,42,41,16,18,14,44,15,23,39,26,24,49,34,19,32,22,50,30,26,14,14,27,35,44,22,28,26,26,29,29,33,15,46,14,47,33,44,47,49,45,32,30,29,14,11,41,49,35,10,46,43,47,12,34,38,15,11,22,48,25,18,26,46,34,46,23,30,31,20,35,17,20,37,31,33,31,34,17,41,40,13,34,14,26,38,12,17,30,14,31,34,45,47,22,17,30,34,38,45,29,45,25,40,17,29,20,26,26,35,25,38,24,43,11,28,19,32,24,48,12,25,28,21,49,40,41,13,19,26,43,41,29,21,48,33,27,24,17,47,13,49,15,31,31,27,23,20,32,30,14,47,44,47,14,11,34,12,34,21,43,14,20,42,17,45,24,18,13,44,25,32,24,43,36,25,37,31,45,33,16,13,29,11,47,12,29,40,48,17,48,47,18,39,41,41,17,18,49,21,45,24,45,36,45,19,37,15,39,21,32,12,48,38,21,33,21,32,35,41,23,18,45,29,42,23,26,14,13,37,42,24,33,11,34,23,26,35,37,41,19,12,37,35,12,47,44,41,23,27,32,15,37,43,36,35,21,29,44,49,32,20,12,10,28,37,22,28,11,43,34,30,18,47,26,32,44,50,16,32,31,34,20,11,41,38,34,44,21,46,31,48,35,39,46,32,31,36,18,39,27,44,27,43,12,44,42,15,40,10,48,26,31,32,21,14,15,32,26,33,47,40,38,14,29,19,18,30,49,22,46,49,21,29,14,32,35,35,21,46,36,37,30,17,33,21,20,40,25,41,23,13,25,23,26,14,41,11,17,30,21,35,49,24,12,49,36,11,33,30,35,16,41,34,46,26,32,12,41,40,17,13,21,18,22,10,33,40,38,23,41,23,30,24,21,22,43,38,20,14,45,16,18,21,45,23,47,12,18,37,26,31,12,49,33,49,32,27,48,46,37,15,42,20,25,48,26,16,16,43,17,26,32,11,33,40,23,24,32,35,48,48,40,20,43,39,21,26,41,38,19,36,22,35,35,14,19,19,45,44,34,21,19,40,30,32,44,34,25,15,14,40,37,27,30,39,21,41,40,40,45,29,27,48,47,12,13,25,18,39,27,35,22,41,49,17,36,45,17,27,30,16,16,28,26,27,12,34,44,20,40,20,35,13,27,35,13,17,37,44,28,19,30,42,11,39,17,24,34,12,48,48,34,16,12,25,18,46,20,27,14,10,41,40,18,40,10,10,33,45,41,23,48,21,38,40,17,27,14,32,35,20,23,15,48,26,31,26,13,21,16,20,15,44,43,49,31,42,49,46,48,31,23,44,24,17,28,28,19,46,37,18,31,13,44,18,32,43,22,10,21,42,33,23,18,25,32,19,12,46,13,22,34,11,22,22,45,38,21,44,14,30,41,22,48,39,18,20,38,15,18,21,14,39,34,13,26,33,46,38,47,17,31,41,43,17,24,21,13,42,33,37,41,26,15,27,19,19,27,26,17,44,38,43,33,49,17,27,41,12,19,12,16,31,46,25,24,32,27,43,49,34,12,37,36,16,41,11,25,20,15,44,39,26,32,35,29,38,37,40,47,34,18,35,14,35,13,33,30,11,34,45,36,23,31,48,38,49,43,46,18,24,25,38,17,15,16,16,39,33,41,39,44,23,15,36,26,24,26,40,32,38,46,23,49,30,43,44,40,29,20,14,43,48,42,45,32,29,41,19,29,47,31,29,47,21,16,35,28,32,43,30,28,13,34,48,38,22,41,14,27,29,40,31,31,42,27,34,45,11,45,21,11,38,32,42,46,32,37,21,35,31,43,37,15,31,15,45,35,21,38,48,10,38,38,47,35,21,43,23,42,11,14,37,19,19,42,19,32,16,34,39,11,20,26,25,20,46,14,25,40,16,34,25,27,43,20,20,20,12,45,25,45,11,21,39,24,24,36,10,20,15,48,26,42,45,17,50,12,29,11,16,16,30,46,17,13,43,10,35,28,18,10,10,50,49,44,42,43,42,29,38,46,31,15,14,36,31,10,41,17,33,35,49,15,41,23,41,29,30,50,21,17,31,26,49,16,39,42,46,30,17,26,40,15,48,14,31,19,18,11,41,11,17,35,42,14,13,23,30,40,45,45,23,44,21,18,47,47,13,22,37,46,46,37,49,39,24,39,47,12,27,27,36,30,46,29,22,10,11,30,15,48,32,33,34,17,15,38,42,38,41,41,35,44,35,15,32,19,32,15,18,10,20,46,23,17,32,19,35,47,34,28,32,28,21,18,30,15,38,41,47,30,40,31,39,34,12,21,29,19,27,31,47,31,44,42,40,30,35,27,26,38,29,15,21,37,19,50,30,24,36,11,35,14,45,26,40,11,42,30,35,40,43,16,39,30,48,41,23,38,19,18,19,13,41,16,49,22,19,47,33,47,31,48,31,25,13,48,39,28,13,39,14,20,21,35,31,26,32,35,44,27,11,47,20,23,33,20,24,23,14,22,27,44,27,48,37,41,33,39,44,19,13,18,27,31,18,23,29,36,47,36,39,22,27,28,22,50,20,19,40,31,16,10,27,19,13,21,34,12,36,34,17,31,42,45,43,28,38,41,27,18,32,31,16,22,33,47,43,49,42,46,48,43,17,23,38,40,23,36,17,44,45,17,41,47,17,32,40,38,37,28,45,49,11,42,15,21,43,17,24,37,41,28,46,49,29,30,14,37,40,14,36,27,13,21,21,31,47,23,20,49,39,28,46,35,43,19,26,17,50,28,13,49,30,31,11,23,11,18,31,37,17,35,50,20,35,23,39,24,26,16,17,45,34,31,48,33,15,13,44,24,42,38,19,31,25,23,49,15,17,46,47,11,31,42,30,18,11,41,41,45,12,17,34,14,34,49,40,38,49,19,35,43,45,37,43,21,25,43,21,42,28,32,24,34,36,11,35,41,46,35,36,17,13,23,49,38,29,15,26,33,22,20,49,47,34,15,29,26,24,18,13,40,39,14,16,20,21,15,50,22,49,47,44,27,33,46,20,48,17,23,13,13,44,24,27,26,18,21,35,41,13,22,37,39,39,44,34,28,39,13,26,43,42,42,39,23,25,27,29,11,48,35,17,46,11,23,36,14,35,16,31,28,25,29,30,35,19,41,25,37,50,22,36,18,16,19,13,39,32,11,33,50,16,22,35,14,31,30,38,34,46,28,13,12,21,25,35,47,44,22,28,35,10,24,25,39,16,22,28,24,26,12,17,29,39,39,34,31,11,20,45,46,12,13,23,23,37,42,19,37,11,15,46,31,20,34,37,15,32,40,21,17,31,50,40,24,47,31,39,22,14,47,23,41,29,23,37,35,42,41,31,50,20,20,25,39,34,32,49,37,46,40,32,34,25,47,38,10,37,11,33,29,28,20,29,36,29,15,27,16,21,12,21,45,11,49,36,18,22,17,17,47,12,23,37,20,43,19,11,40,34,35,49,14,42,44,37,27,37,20,26,21,20,29,36,28,45,38,22,20,21,32,12,18,33,15,23,49,24,23,32,45,10,28,27,48,12,12,28,20,24,20,41,29,44,26,27,28,41,37,31,31,40,36,11,45,32,48,30,17,20,14,44,36,23,20,14,33,19,46,43,39,29,24,18,48,36,41,45,18,34,46,36,18,48,22,14,15,41,23,47,38,38,42,35,41,26,19,32,40,44,46,45,16,42,14,34,28,43,33,28,39,25,49,20,27,18,44,17,15,40,47,22,30,40,44,48,28,38,36,50,11,39,38,40,40,45,12,35,46,31,15,48,30,45,40,11,37,37,46,46,49,44,46,13,28,14,12,23,39,37,28,42,47,29,11,22,11,34,39,37,17,30,42,32,12,11,18,37,12,42,33,30,28,28,13,39,44,38,20,33,29,27,47,11,35,48,11,17,27,35,17,22,23,49,15,18,19,29,34,26,27,30,37,23,12,16,39,23,18,43,18,29,37,15,37,20,10,28,33,21,38,25,45,33,37,21,37,34,17,49,24,40,43,24,26,11,12,36,14,17,44,47,41,12,22,15,16,46,36,19,49,41,24,23,26
17,48,28,34,12,40,14,20,36,50,33,14,35,31,18,32,11,32,43,13,25,44,24,48,10,35,13,37,45,33,29,48,16,20,26,12,27,33,16,31,30,33,24,33,32,17,25,21,49,34,31,21,13,38,26,26,25,47,13,33,26,22,28,19,25,21,10,40,33,26,22,18,30,44,40,16,19,15,30,38,26,40,34,29,17,23,14,42,33,40,32,28,27,12,21,17,23,38,42,45,43,50,41,45,12,24,48,11,19,41,15,18,43,22,17,45,21,27,24,41,15,49,29,40,42,31,33,22,26,37,35,13,35,11,22,49,40,34,28,49,14,28,33,23,42,16,25,35,20,12,47,10,26,19,40,43,49,24,45,39,45,34,25,19,40,17,48,24,27,41,22,14,30,12,48,13,37,13,35,26,30,15,27,24,43,47,36,26,34,34,18,32,24,21,16,34,38,37,34,44,23,45,23,24,46,46,21,19,10,43,15,13,23,17,44,30,12,19,49,12,47,15,49,20,43,38,24,38,41,34,30,28,43,21,35,41,17,20,36,39,41,17,38,48,44,39,43,31,23,14,28,37,17,37,43,30,23,35,11,46,24,23,31,25,49,50,47,29,42,26,35,17,48,26,35,20,43,23,11,14,10,14,12,16,44,43,15,30,25,36,39,25,20,22,17,16,12,45,33,33,48,18,24,44,23,33,30,38,41,40,11,12,48,20,10,22,25,21,31,18,29,17,29,48,18,25,50,27,41,39,26,23,14,31,33,35,23,34,44,21,18,42,20,21,11,16,25,20,48,25,46,36,43,30,42,50,23,12,29,25,41,11,48,10,46,14,43,47,20,22,39,23,18,32,47,31,29,42,18,38,12,34,15,43,23,34,32,44,28,30,42,16,42,24,29,34,45,43,29,25,37,15,21,23,17,29,15,43,25,27,28,30,35,21,39,28,24,34,45,16,21,47,33,40,46,42,29,38,10,37,41,19,18,31,21,21,44,21,31,11,23,45,26,12,43,21,26,16,33,39,15,21,13,11,37,47,39,39,11,39,44,31,26,23,14,39,32,10,25,37,16,15,20,46,29,47,11,14,39,25,13,14,42,45,20,45,12,29,37,21,47,21,36,36,20,23,28,35,25,17,21,31,49,45,29,49,15,29,13,47,18,25,25,42,38,27,15,47,19,17,36,29,40,27,11,30,33,44,46,43,22,12,39,29,36,18,34,14,21,44,31,26,14,46,48,45,35,33,34,43,26,30,41,23,35,19,48,32,41,12,19,37,35,45,48,23,36,24,34,18,13,49,14,26,43,27,50,49,13,48,46,43,47,24,11,40,20,38,38,41,20,40,35,42,38,48,37,30,34,46,31,15,43,35,14,46,44,44,28,25,47,24,29,14,28,32,29,19,32,38,36,19,39,31,22,18,37,19,47,36,18,43,39,25,44,42,49,25,13,48,21,21,36,18,43,28,11,47,13,27,31,40,32,41,47,21,35,42,39,12,39,34,12,21,47,12,44,50,43,41,26,45,27,18,22,44,28,36,11,18,21,44,39,49,46,35,15,47,44,28,17,26,46,30,10,39,20,17,45,41,17,15,23,23,30,15,11,32,48,28,37,12,46,21,41,37,34,45,17,16,20,40,14,34,21,32,25,20,20,16,39,36,49,39,38,25,46,21,29,44,45,46,18,48,38,43,39,49,27,38,18,12,44,41,33,36,39,46,12,49,38,41,26,30,10,27,22,14,26,41,30,49,33,28,30,36,46,34,17,38,49,49,15,45,49,19,19,18,36,37,10,19,28,13,34,31,28,25,24,23,31,23,48,22,45,48,17,42,22,50,46,26,29,33,13,26,49,31,38,17,20,16,45,46,11,32,21,25,44,16,43,31,27,26,41,40,15,36,48,38,26,34,37,37,29,24,38,42,25,31,48,39,22,37,35,41,50,35,10,26,48,30,17,43,29,38,29,28,35,49,37,14,24,14,32,14,46,39,22,39,43,11,40,19,22,17,30,37,19,11,34,26,23,49,29,17,41,18,16,44,42,39,18,44,42,33,29,23,44,29,31,49,18,13,29,31,10,32,19,49,28,13,38,28,40,29,17,18,14,15,19,26,15,31,25,38,41,26,25,19,35,26,31,42,19,12,49,19,18,41,37,14,20,31,18,48,28,23,32,21,32,32,24,35,15,44,43,45,38,33,16,42,43,21,28,15,20,20,16,31,31,31,24,32,41,26,36,45,49,20,47,12,24,35,40,19,11,38,17,17,28,43,23,18,18,43,46,35,17,44,42,20,48,48,34,32,26,44,39,48,34,12,22,32,36,17,35,41,43,14,27,12,20,25,14,31,15,18,47,33,29,36,37,41,17,43,48,35,21,16,29,16,39,41,45,43,48,49,12,45,48,42,34,15,13,37,27,25,50,24,33,35,18,18,27,28,27,26,43,36,45,47,27,48,27,45,42,14,42,14,10,24,13,22,23,40,49,11,16,18,36,37,47,47,43,31,47,37,15,43,46,42,36,49,49,26,40,29,20,33,11,42,16,49,40,24,44,48,34,45,20,25,14,34,40,49,33,39,42,26,27,46,13,23,29,37,14,26,18,28,13,32,38,11,34,11,43,18,36,34,50,46,26,50,20,45,17,48,32,24,32,43,46,13,21,47,13,40,27,35,19,36,31,21,31,41,19,42,47,17,10,29,18,25,11,27,39,23,37,36,33,34,42,18,18,41,24,47,26,16,43,50,28,20,47,42,47,39,31,18,31,27,38,48,46,40,11,39,12,26,16,31,12,28,30,41,17,29,21,13,19,40,31,33,42,37,33,15,22,39,31,14,25,35,15,48,48,45,37,43,23,35,41,41,30,47,41,10,18,43,20,20,42,33,25,36,38,29,47,12,14,14,26,27,38,28,29,38,37,24,46,43,21,12,20,33,41,13,10,40,11,47,15,34,43,42,33,31,22,48,27,38,47,15,19,38,12,39,17,14,37,18,24,38,10,31,23,30,11,50,23,26,43,49,28,49,26,35,16,36,14,41,45,40,47,35,23,24,13,11,38,28,35,23,45,16,30,47,39,46,37,42,16,42,41,20,26,42,35,39,25,44,30,48,22,22,12,12,28,20,20,46,16,16,44,43,12,50,23,26,49,37,20,18,21,36,29,21,28,11,45,37,44,23,39,36,17,35,23,14,21,19,32,31,15,35,24,38,40,25,41,22,13,27,42,18,19,21,17,43,18,35,43,28,36,19,44,11,10,50,49,43,35,39,47,37,21,19,40,39,45,12,18,37,29,41,18,21,43,39,31,44,27,28,28,29,26,32,15,37,17,50,35,46,48,43,29,12,35,13,48,19,17,44,43,33,14,43,26,36,40,27,31,18,38,40,18,37,40,44,32,45,20,33,32,23,31,48,18,25,37,23,20,10,30,38,40,31,45,33,46,27,49,13,22,17,19,16,38,37,23,12,33,47,25,31,15,46,15,11,16,20,34,48,24,31,36,42,33,49,15,46,30,33,47,42,28,26,37,20,21,43,23,40,29,38,30,35,39,42,30,21,23,46,48,49,40,16,33,19,27,46,43,26,49,33,28,48,47,38,12,15,38,38,16,45,38,46,20,16,43,38,17,45,39,16,16,29,22,19,36,18,39,23,39,16,21,47,24,34,40,21,18,22,20,50,22,34,20,23,19,27,47,42,13,14,50,24,35,42,45,16,41,34,24,16,39,29,23,12,36,12,42,20,36,15,41,39,50,40,46,25,34,10,36,20,18,11,23,23,32,20,40,14,40,18,35,31,14,31,14,29,37,24,10,40,14,16,39,15,18,40,27,39,42,11,48,17,18,23,28,22,11,23,34,47,19,41,23,39,35,23,45,24,39,12,19,34,46,23,15,25,45,42,28,46,29,28,49,31,41,40,24,22,23,42,48,38,45,46,35,21,13,25,44,11,49,27,18,28,46,12,16,28,36,11,15,33,31,45,11,49,38,46,42,11,41,21,13,12,14,22,38,10,28,41,14,20,40,15,21,24,43,44,17,40,50,28,19,11,41,14,41,16,50,16,31,22,27,24,19,48,15,49,37,17,21,10,12,30,35,27,44,33,17,24,30,34,44,13,10,47,48,26,35,25,23,23,26,39,16,21,43,16,32,28,31,20,24,34,22,17,38,29,46,23,40,18,49,18,49,36,24,37,47,30,29,36,16,43,18,12,44,46,22,26,40,40,34,28,31,34,29,38,16,46,18,18,26,18,30,25,49,39,23,46,22,40,12,46,22,36,25,24,33,33,27,33,42,46,22,20,16,22,29,18,18,27,40,33,25,38,39,39,42,13,10,44,37,16,36,40,31,19,46,34,16,37,46,32,50,31,22,28,20,48,28,18,28,45,37,16,13,31,42,35,14,39,46,50,29,14,36,36,15,20,45,20,23,46,18,32,41,34,12,40,45,16,19,28,32,29,49,39,23,36,34,26,20,32,19,27,44,20,27,42,28,39,40,31,44,13,24,33,23,45,50,27,11,17
30,31,50,21,47,37,27,36,46,44,10,47,17,34,20,18,22,32,20,11,22,47,49,33,38,29,13,35,39,19,48,16,20,30,41,40,41,34,21,45,46,29,39,40,46,46,31,44,38,39,44,21,30,30,14,45,40,43,12,26,28,41,11,45,29,46,11,13,43,33,29,37,39,37,39,26,32,13,48,26,44,34,43,32,44,34,35,12,18,41,33,27,41,33,36,39,21,24,42,43,48,18,42,38,16,33,28,44,26,15,46,24,13,37,18,27,40,26,25,42,16,22,40,14,43,42,39,11,37,18,17,38,50,21,50,27,41,39,14,39,33,15,38,37,24,13,36,46,25,33,16,49,46,37,45,32,48,43,41,20,23,35,32,22,43,48,22,41,25,12,30,26,24,15,34,34,25,12,49,17,42,18,50,13,43,16,12,38,43,39,17,14,26,30,41,33,49,48,23,19,33,28,18,31,46,26,30,21,44,48,37,20,50,37,24,49,23,20,37,21,22,46,30,12,30,22,32,11,14,27,46,40,39,50,32,33,45,22,46,28,49,22,26,12,26,48,12,34,22,37,43,25,31,36,37,31,17,10,31,19,15,49,17,44,24,17,48,39,29,16,28,14,42,11,29,20,47,18,11,15,44,42,40,33,39,33,45,45,37,23,11,35,20,49,28,35,16,11,31,23,41,30,21,21,46,11,25,37,48,30,39,33,12,36,31,24,23,31,40,13,31,26,47,12,29,31,34,38,42,47,18,22,15,22,18,42,48,48,10,40,23,32,44,40,24,34,17,36,38,12,42,13,36,35,12,47,15,33,48,42,26,18,41,36,38,35,13,29,46,25,11,32,33,15,11,24,38,25,22,39,12,42,19,42,23,47,28,42,28,42,10,21,30,49,26,50,23,37,40,30,27,22,35,45,33,29,26,11,49,32,15,44,18,15,12,48,10,25,48,25,21,16,46,35,16,36,24,24,25,28,28,18,39,21,17,30,31,18,48,47,39,50,29,48,49,12,41,29,37,38,37,28,21,45,29,12,34,40,47,37,15,11,33,14,39,32,36,33,34,17,24,12,32,18,44,44,23,42,24,45,49,30,24,31,50,44,31,23,35,41,44,18,44,21,16,44,18,42,42,28,14,26,10,22,48,44,27,42,41,35,15,16,34,12,40,24,32,36,12,10,47,47,31,19,34,14,31,10,37,32,47,46,45,35,35,12,35,18,30,17,41,21,17,37,35,50,19,41,22,29,34,17,40,22,49,20,33,43,16,18,14,12,26,46,37,42,39,29,26,23,46,48,30,11,38,45,31,43,21,15,43,25,11,27,21,48,48,43,40,22,13,48,49,37,27,25,33,34,41,19,36,38,45,17,27,40,23,32,15,38,19,34,23,35,13,11,13,37,37,22,15,33,33,34,45,45,14,15,47,44,30,32,24,10,19,26,35,33,41,21,45,15,20,48,23,28,49,26,17,25,37,15,29,45,21,26,29,12,27,25,17,31,24,22,23,26,39,40,22,20,35,15,34,14,11,32,24,24,37,47,36,40,47,17,38,29,43,47,17,49,36,21,25,35,39,38,38,35,21,13,21,40,46,34,29,26,37,42,31,12,15,17,37,44,22,47,12,12,10,41,17,24,17,26,38,42,12,49,47,36,27,40,11,32,46,19,28,34,21,14,26,13,17,24,49,24,21,29,39,17,46,30,45,40,37,39,47,47,35,49,28,37,47,20,16,19,45,28,25,27,24,42,48,36,31,36,34,13,36,46,34,42,17,38,43,29,26,39,21,36,33,43,33,21,43,10,14,44,43,30,13,39,16,49,19,25,26,22,29,20,25,14,14,18,39,36,26,34,41,35,40,46,40,16,47,38,16,12,30,38,14,36,21,34,49,11,29,22,22,37,12,25,42,29,34,49,32,31,46,29,38,11,29,10,23,12,43,23,16,33,36,27,19,16,38,27,30,26,43,25,28,31,38,29,22,32,11,30,18,33,13,26,19,49,30,16,38,35,43,47,34,42,22,12,44,36,39,32,37,35,44,35,15,15,42,47,34,10,36,22,50,34,45,16,28,16,37,44,16,32,47,30,13,19,39,38,17,27,15,37,21,35,34,18,10,28,21,28,12,37,24,14,14,27,20,35,45,35,12,33,32,42,24,32,49,36,42,24,28,22,34,40,44,28,21,25,28,14,21,44,30,23,34,23,29,30,27,30,34,26,20,45,25,16,31,41,45,28,38,38,40,22,20,38,29,41,39,39,29,41,22,27,33,11,18,24,26,29,10,31,16,49,11,37,46,45,31,37,10,45,20,48,18,44,26,48,13,17,25,14,40,19,45,37,42,43,19,17,17,43,39,48,34,24,19,34,46,14,21,19,21,39,15,33,50,33,17,21,45,43,48,36,47,18,16,22,12,43,25,30,45,36,49,10,44,33,14,37,23,14,43,18,36,34,23,24,30,11,27,13,33,23,16,28,34,11,36,17,25,34,36,23,10,33,14,50,29,24,30,30,43,11,13,19,38,20,25,12,33,23,49,24,46,43,37,31,43,44,25,34,31,20,24,24,23,19,27,21,37,30,46,19,21,12,17,34,26,46,32,32,11,44,44,34,34,48,15,35,12,21,44,45,40,14,38,17,35,44,14,22,33,14,31,18,45,34,29,23,48,39,49,43,13,44,12,35,34,28,14,26,28,14,36,19,14,30,31,23,28,29,14,44,32,13,27,24,33,21,31,33,36,36,31,12,34,41,36,35,43,30,16,34,25,23,38,42,21,44,45,25,16,23,21,20,17,23,46,37,34,42,25,20,30,24,46,20,16,30,35,28,27,45,24,26,13,28,27,34,42,42,22,11,13,17,35,13,32,49,11,28,37,36,44,30,30,19,27,29,48,45,46,37,33,22,14,43,39,13,41,19,12,30,24,40,28,33,41,14,23,44,34,31,14,26,24,24,47,32,34,15,41,48,31,46,29,47,24,30,47,29,30,42,32,11,37,47,21,27,26,47,30,44,49,34,16,33,32,36,47,41,44,40,43,49,13,33,47,36,15,36,49,22,29,23,32,18,22,39,12,47,42,34,45,13,37,47,47,49,27,26,39,50,48,21,34,23,28,32,38,24,47,45,34,27,41,34,48,49,37,36,11,27,28,35,15,39,48,15,11,25,41,24,36,32,21,31,23,40,15,17,43,23,27,30,13,41,29,15,11,16,48,29,38,18,49,13,37,33,31,48,47,42,21,43,26,17,28,19,40,19,27,38,26,31,10,18,37,48,41,45,31,23,30,27,47,35,47,48,43,20,44,21,42,44,17,16,32,15,21,38,24,13,16,13,14,38,34,10,37,32,24,38,38,45,13,28,49,18,13,39,29,14,48,41,16,30,19,50,31,19,26,12,40,40,26,50,31,27,42,42,39,21,10,23,31,25,18,24,47,47,43,32,21,33,44,28,14,40,19,33,43,13,40,38,47,41,45,15,37,11,41,12,46,39,48,21,36,28,18,37,40,23,46,24,49,38,15,35,43,35,42,48,15,36,24,29,24,39,25,32,48,10,33,22,46,12,17,11,42,38,27,16,12,21,41,12,40,39,19,23,27,17,32,27,35,14,43,36,28,41,14,28,19,33,40,19,36,29,12,42,47,27,40,17,13,33,19,12,44,10,15,24,17,32,22,39,26,39,25,18,18,27,13,14,12,30,41,30,23,22,11,24,42,42,37,36,45,33,32,16,34,21,38,18,38,11,10,19,31,38,19,28,47,21,29,49,11,38,22,36,30,14,18,19,46,15,45,29,19,15,49,26,36,14,44,38,36,27,27,16,36,36,30,32,48,31,35,26,38,39,43,15,24,42,48,24,23,33,21,14,15,30,15,36,23,13,39,30,34,10,17,40,47,23,28,39,39,38,48,49,27,48,39,16,24,36,44,47,48,16,15,18,37,28,30,14,36,13,34,31,19,18,49,38,22,39,22,16,22,16,12,29,27,36,38,34,33,19,13,50,21,44,38,41,26,28,21,26,20,12,24,17,35,21,42,24,32,31,11,11,41,27,37,14,40,44,32,30,21,37,46,34,35,36,39,32,24,41,36,43,22,36,28,47,32,18,24,29,14,49,17,26,19,17,13,14,41,32,43,11,48,40,33,38,16,31,32,25,21,40,29,11,35,43,15,21,31,25,17,41,27,30,40,12,26,33,20,39,20,26,10,27,47,24,35,26,32,24,31,37,39,31,36,48,12,36,12,25,29,49,20,25,20,44,49,15,13,40,17,36,43,31,44,35,12,39,21,22,14,45,48,17,33,14,36,23,42,26,16,48,40,20,32,44,48,15,15,10,18,28,12,13,21,35,31,16,15,10,46,31,30,39,43,50,33,25,42,23,26,46,28,26,10,27,23,27,31,43,22,21,33,38,18,20,42,15,50,13,44,34,44,14,42,19,16,23,28,36,48,20,20,12,18,10,42,13,20,49,39,21,20,45,11,19,37,19,11,41,43,28,24,24,11,31,16,11,24,43,24,37
13,32,49,14,43,39,21,47,20,28,16,22,14,20,14,32,22,48,24,38,40,28,12,26,45,39,17,29,38,30,34,46,47,32,27,31,38,11,35,16,18,28,43,46,49,11,14,11,14,14,16,23,35,30,29,39,12,38,16,30,24,38,40,25,27,25,31,12,19,22,18,35,30,48,45,22,23,35,33,21,16,32,26,23,12,49,37,27,49,50,33,43,46,46,24,13,11,13,30,35,29,18,20,28,21,42,46,26,46,19,15,22,36,50,32,45,43,18,10,16,35,26,32,38,40,17,49,33,45,43,31,22,33,49,35,28,45,43,46,30,31,39,36,17,48,14,33,34,37,39,39,17,21,16,38,42,43,21,18,22,11,18,24,41,21,47,35,50,14,39,31,13,13,44,31,19,33,10,14,38,31,24,39,24,11,43,47,44,38,29,35,18,20,44,44,25,23,38,49,49,12,34,33,21,11,33,31,40,30,20,42,14,16,15,26,46,30,10,49,16,32,19,41,47,12,29,35,20,29,29,17,34,20,45,13,42,32,10,36,16,45,15,28,13,25,36,35,13,23,31,25,11,50,12,45,21,30,17,31,29,26,21,30,12,20,25,45,28,17,13,15,33,12,31,42,38,35,15,46,20,47,11,34,43,14,31,34,50,35,21,35,32,28,29,43,23,45,19,36,12,17,17,43,41,28,30,45,44,17,28,41,14,48,37,41,18,24,38,34,23,27,40,37,11,16,28,46,29,20,36,46,20,47,14,15,22,20,20,23,40,50,49,30,12,47,23,24,10,45,50,22,33,41,27,45,11,39,38,23,17,30,39,38,49,45,21,26,14,11,25,20,18,44,44,42,18,30,36,38,44,31,27,33,48,33,48,48,45,29,27,16,16,24,17,28,46,29,26,39,12,49,22,25,47,49,40,11,18,31,21,37,21,21,16,42,16,45,31,15,39,49,26,20,28,15,34,45,35,20,16,19,23,38,43,37,47,15,20,15,14,35,41,33,30,48,18,21,44,35,47,36,45,36,21,32,15,44,40,30,49,10,16,45,14,12,35,24,40,31,21,45,38,35,45,33,11,19,31,50,20,17,36,49,32,18,19,45,17,17,19,13,25,39,49,45,22,38,33,23,17,15,31,19,21,32,47,37,14,46,38,23,24,47,18,14,19,49,28,37,17,30,14,19,21,25,29,30,26,38,45,35,27,39,22,33,30,13,12,14,12,27,38,35,41,46,20,12,44,50,21,43,41,42,20,42,37,47,29,27,12,25,28,19,42,29,26,41,41,22,45,29,28,11,47,35,43,26,44,41,23,21,27,44,37,32,11,30,46,34,24,29,21,23,39,30,35,46,13,24,21,21,20,37,17,27,48,47,16,13,15,49,22,12,18,26,37,47,33,20,37,39,26,43,41,22,12,13,34,15,45,34,33,17,28,27,43,25,34,21,47,17,25,48,33,14,15,43,46,16,26,28,31,41,11,24,18,17,18,29,43,12,38,33,40,36,48,23,34,43,47,39,28,22,12,47,30,31,37,28,26,45,29,49,15,38,46,15,45,38,19,32,19,33,43,15,17,21,37,20,49,16,30,44,42,16,16,11,11,41,46,11,28,35,11,42,48,22,33,43,50,45,43,24,18,16,43,22,25,34,20,22,19,17,41,22,48,10,17,28,26,20,24,34,31,17,34,48,29,48,34,17,15,29,35,30,47,26,46,17,17,22,18,26,12,31,12,11,11,13,35,44,24,42,27,48,46,39,46,24,18,22,30,43,33,37,34,39,25,37,40,49,11,17,24,29,12,42,24,47,38,25,12,15,20,35,27,43,38,43,14,16,34,41,28,25,47,12,16,46,46,21,47,22,46,33,45,30,22,17,23,43,22,49,11,35,35,20,37,50,26,34,49,37,16,50,47,13,29,43,22,21,40,30,22,44,29,13,28,32,45,19,29,28,17,45,27,12,17,28,39,19,40,48,42,19,19,19,35,44,26,24,16,13,12,32,50,10,19,18,10,15,44,34,12,38,32,50,21,21,47,43,39,49,34,32,35,34,21,43,15,29,32,34,32,33,33,16,14,24,26,37,21,32,28,50,17,36,47,25,26,17,16,12,24,47,31,41,27,41,39,26,32,41,38,12,18,43,15,29,23,22,32,27,21,42,46,31,32,34,50,47,42,21,13,47,37,30,16,39,45,26,28,22,31,14,10,27,22,48,16,38,48,37,44,19,33,31,32,27,45,46,19,27,23,43,50,45,47,21,33,27,25,30,20,32,37,38,31,40,16,32,31,14,20,18,15,10,35,47,23,20,50,17,13,40,43,32,34,16,12,13,49,14,48,24,23,34,21,45,15,34,47,21,25,28,22,33,21,43,13,18,19,12,27,18,12,43,17,47,32,48,35,19,36,42,15,17,23,47,19,41,18,21,40,21,18,43,43,37,48,43,28,39,31,28,37,39,16,50,12,29,15,23,31,40,27,13,46,23,35,14,18,25,36,50,31,42,33,23,36,21,40,46,30,13,33,45,42,43,10,36,40,42,41,14,22,37,23,38,50,34,28,12,17,35,16,29,35,24,12,28,36,13,19,31,10,15,40,49,30,17,26,26,13,18,14,40,38,19,48,41,12,49,26,16,30,31,36,22,24,36,34,28,15,14,25,28,33,46,22,29,44,41,18,37,12,50,29,25,31,13,12,21,23,40,19,46,48,45,18,11,32,29,23,10,45,12,38,26,37,19,11,48,10,22,14,27,20,11,49,48,35,31,26,37,20,45,47,23,30,28,21,30,43,15,39,41,18,43,23,23,12,26,26,15,20,41,24,12,14,26,24,22,15,45,35,32,16,37,44,27,50,23,41,15,37,26,50,25,41,11,29,23,27,49,42,17,27,25,35,32,36,24,29,45,34,46,32,25,33,46,31,48,32,38,40,25,34,38,34,29,43,33,15,15,27,31,47,31,44,48,36,32,43,40,11,21,38,49,15,45,44,31,45,50,32,43,19,26,36,33,24,16,35,20,44,39,27,27,24,21,49,12,27,42,32,12,39,14,31,11,20,35,10,42,23,17,43,11,42,21,48,34,24,39,35,15,16,17,17,24,45,37,45,44,16,25,16,22,38,29,11,12,21,42,41,36,14,23,45,45,15,45,29,13,34,23,27,11,23,17,34,39,37,14,33,36,50,18,40,18,14,36,12,24,33,22,32,13,38,22,49,40,34,29,35,13,29,11,23,43,16,32,39,11,35,20,37,48,25,10,47,30,43,11,24,39,44,28,19,38,20,21,34,28,15,47,31,47,46,42,42,24,36,24,15,39,15,42,33,19,24,25,35,16,16,40,22,41,46,21,11,37,24,19,42,49,33,47,43,36,23,42,49,14,24,39,21,14,17,14,25,31,26,22,42,23,39,24,42,11,26,12,20,24,34,14,36,15,25,19,44,11,19,15,34,41,18,31,15,26,35,21,43,42,30,15,44,19,28,46,26,28,33,50,38,31,36,32,24,34,42,48,26,13,29,14,31,11,22,45,36,45,34,21,37,34,42,22,49,37,12,42,17,44,26,47,49,11,45,30,14,43,31,12,43,26,43,45,39,29,33,11,32,34,33,44,28,24,45,14,24,38,17,14,21,50,43,12,22,34,11,48,17,43,20,20,47,12,31,36,29,16,18,50,31,17,14,23,45,14,12,43,36,17,22,24,19,27,40,43,10,29,40,41,27,17,43,27,21,29,28,43,29,14,31,46,45,27,24,46,42,45,35,17,39,49,24,15,19,41,46,19,44,33,20,30,47,25,31,29,48,46,31,39,50,17,26,25,33,37,26,13,12,43,47,22,30,24,21,27,36,41,30,12,44,35,13,45,14,42,34,25,19,20,43,50,27,14,31,39,26,39,16,12,31,31,34,13,21,15,45,49,12,21,26,36,15,19,45,32,11,20,40,22,15,45,29,45,42,31,44,35,11,28,20,42,15,35,10,39,16,33,19,26,36,42,48,14,50,42,37,35,29,28,26,48,24,18,45,37,48,24,44,21,47,30,36,21,18,11,14,20,40,42,26,16,46,24,15,12,27,17,15,37,14,23,19,27,41,25,46,17,47,38,43,31,43,22,18,15,30,20,11,35,35,45,32,29,15,46,21,13,11,25,40,14,38,23,21,26,49,10,30,22,13,43,17,39,15,36,31,49,36,43,14,15,48,30,36,11,50,21,36,43,41,50,49,14,44,39,12,12,45,41,27,42,32,43,30,50,36,41,25,34,19,21,33,19,33,32,34,41,12,27,44,29,37,29,38,42,30,23,34,25,14,32,17,14,12,20,44,32,35,17,31,27,47,24,43,42,13,33,24,10,29,29,24,34,49,39,15,20,47,41,45,32,29,11,49,40,34,19,13,14,15,47,46,12,24,45,47,19,17,39,25,35,21,36,17,42,25,24,47,18,24,16,16,17,16,38,43,32,36,15,19,16,26,14,22,37,43,29,16,46,15,23,38,21,26,19,16,16,19,34,32,31,40,41,32
38,37,37,24,25,17,15,18,40,42,47,43,46,27,33,24,18,17,33,31,28,23,45,38,43,46,43,23,39,40,44,18,43,25,22,10,13,23,13,20,43,14,33,19,31,36,21,22,30,50,30,45,26,24,46,25,44,41,43,13,13,49,44,15,23,21,47,42,14,44,12,18,30,38,31,27,48,21,38,33,46,44,27,45,23,24,15,45,47,11,15,22,34,36,32,17,49,32,15,11,13,17,23,22,40,13,26,10,36,12,35,50,47,20,49,42,14,45,16,38,48,31,40,40,25,27,23,29,16,43,15,24,17,22,34,36,34,39,23,27,16,20,32,22,40,41,18,32,15,34,36,25,26,34,26,14,14,35,13,34,43,27,20,50,10,36,14,35,19,39,50,35,50,14,49,47,20,39,44,46,32,17,32,17,27,24,31,27,30,24,11,48,37,16,34,46,49,16,41,46,25,18,32,12,34,14,18,20,50,49,13,33,40,26,32,11,38,43,28,44,22,14,41,12,35,12,29,29,10,34,19,38,29,45,39,41,19,48,24,37,20,46,28,29,24,48,44,33,14,14,32,14,49,17,26,11,32,17,48,21,11,38,26,43,18,22,34,28,34,30,27,19,33,17,22,22,47,46,10,21,42,45,42,15,29,30,24,36,25,23,38,12,17,15,43,45,17,24,26,44,36,16,19,44,29,29,15,17,32,14,14,17,11,42,19,21,33,43,35,46,27,46,42,11,29,34,14,47,39,43,40,23,45,41,47,29,38,13,38,26,23,36,23,40,42,13,38,33,17,11,40,12,39,13,50,24,19,30,20,23,37,19,34,16,26,42,30,13,25,15,18,38,20,20,32,41,11,37,48,48,36,20,35,35,32,29,19,17,17,44,14,45,21,20,35,25,36,40,25,30,13,36,15,14,13,45,28,39,39,46,22,19,24,22,32,23,38,10,17,41,34,46,19,33,22,20,42,27,40,15,24,10,31,17,40,14,10,32,30,48,15,17,49,28,41,27,19,47,47,12,47,16,35,16,27,35,49,20,47,19,22,44,24,18,26,36,48,36,20,26,23,17,37,19,50,17,46,29,33,33,19,44,22,41,48,15,46,38,23,16,35,23,27,42,27,39,13,15,31,30,25,15,45,31,13,22,48,41,42,13,23,45,28,17,11,49,49,11,20,28,31,44,31,35,17,27,16,25,11,35,31,48,11,28,31,41,25,49,18,19,14,20,44,41,40,45,17,22,27,24,49,15,10,40,44,39,47,49,23,14,18,16,16,47,16,47,45,37,16,23,28,42,24,50,27,43,37,21,31,26,12,35,22,20,16,44,21,43,40,10,47,49,14,46,45,28,15,36,19,41,49,50,48,35,36,32,33,37,15,15,35,43,25,34,34,23,34,13,28,44,28,40,13,20,26,41,48,37,48,11,26,34,34,16,20,31,22,36,47,42,26,49,46,18,21,35,32,50,43,47,40,42,14,13,14,30,45,15,21,38,28,33,31,23,48,11,31,21,27,20,44,27,37,11,38,16,15,15,20,29,16,29,18,35,19,49,22,21,43,35,49,37,19,22,49,11,28,23,39,15,35,40,23,36,13,31,22,21,43,45,37,49,37,35,24,20,38,44,21,21,29,32,49,15,48,42,22,33,38,28,19,32,49,30,45,47,43,38,27,44,42,10,47,29,10,40,42,17,32,41,37,29,23,39,12,20,38,19,42,26,14,24,25,24,12,22,19,17,47,15,12,21,50,48,36,36,38,37,41,25,46,27,48,37,40,22,34,28,14,32,31,21,26,21,37,38,24,39,38,35,37,25,21,22,26,36,13,43,47,45,24,13,47,48,49,11,19,11,40,17,18,29,40,34,48,13,13,29,48,30,16,12,14,41,21,31,28,42,49,22,29,40,21,34,31,36,23,17,28,28,17,33,29,34,14,12,25,15,14,40,30,28,39,47,46,43,42,44,35,28,39,45,16,49,41,47,50,36,44,39,41,41,25,30,40,38,15,20,40,24,45,29,24,32,37,15,49,38,41,43,48,21,22,44,47,22,38,35,26,12,39,14,20,16,23,17,31,36,36,12,11,20,20,29,13,33,40,34,17,36,10,48,34,37,22,49,49,15,36,45,48,38,31,12,25,43,37,34,14,23,40,11,39,39,50,19,14,29,47,21,43,22,20,20,13,46,38,27,36,40,29,17,29,21,44,26,21,28,33,48,31,36,24,43,38,23,25,13,29,39,47,49,40,28,23,27,12,21,33,36,15,25,32,14,39,23,30,26,43,37,28,30,35,29,13,27,22,26,31,34,41,12,39,47,30,30,21,20,45,48,41,17,38,36,32,45,20,22,38,18,40,44,36,11,38,50,23,35,16,33,42,33,34,25,34,28,50,28,17,27,23,18,38,38,15,36,15,48,29,42,13,26,47,39,39,42,18,11,33,39,31,34,10,47,27,18,16,28,12,25,39,42,44,37,23,37,17,34,29,43,20,36,19,39,21,35,34,10,21,13,25,25,11,25,17,37,31,22,27,46,29,45,12,40,34,32,20,17,50,15,47,17,11,12,34,12,38,16,15,23,43,19,49,35,27,34,18,33,24,19,11,26,37,27,44,15,14,43,22,11,20,14,41,25,25,32,40,26,29,33,24,29,41,39,41,16,47,45,32,36,12,12,26,24,33,19,35,29,23,25,36,48,47,11,10,18,21,45,41,35,22,18,23,22,18,31,32,15,25,12,27,19,15,32,42,28,21,35,48,44,40,23,20,20,10,30,40,41,30,28,32,42,22,13,12,43,12,47,15,36,16,39,19,32,14,39,44,38,36,38,18,38,46,25,27,26,43,42,33,26,16,24,38,14,36,29,16,12,44,38,22,33,30,32,23,14,25,10,27,32,22,17,44,28,41,48,10,43,37,36,41,14,49,38,27,46,36,46,44,32,28,17,32,36,44,16,41,34,24,44,18,19,40,19,31,42,24,23,16,29,30,17,39,18,25,25,18,47,36,25,29,28,43,38,10,28,44,14,12,29,49,33,13,25,40,10,23,19,40,46,47,29,40,39,18,50,43,47,34,45,40,50,42,41,45,46,46,23,26,41,24,33,29,16,13,30,40,21,47,20,22,50,33,16,43,19,48,43,40,13,25,36,38,44,18,42,43,40,24,16,37,16,27,23,20,44,19,28,31,19,21,40,49,32,16,48,31,39,50,24,21,18,11,28,26,25,13,33,25,28,44,14,40,13,18,42,46,21,11,35,12,29,45,42,36,35,44,29,29,26,24,27,13,44,21,15,47,29,26,22,12,19,43,30,10,27,29,46,32,43,29,44,16,13,26,19,47,19,37,24,12,49,48,13,28,19,48,43,30,17,24,41,45,38,19,14,21,25,46,38,21,12,40,13,15,32,23,26,17,32,34,31,11,33,32,31,27,14,28,45,30,42,25,29,47,20,20,17,25,35,16,48,27,46,40,19,39,30,20,46,19,26,48,45,36,42,16,36,34,44,48,15,35,34,12,25,17,21,37,50,31,17,39,47,35,18,39,39,37,13,34,13,23,14,23,35,35,43,41,11,12,24,29,42,10,30,22,21,32,15,16,27,34,15,33,36,46,15,33,17,22,28,16,47,43,25,20,19,32,36,31,34,15,31,22,40,40,23,22,47,42,50,29,35,47,38,22,18,25,49,33,20,19,48,13,12,35,34,23,19,11,27,46,45,49,47,20,11,28,42,14,13,37,16,37,16,35,37,47,46,22,22,43,13,42,16,11,41,18,28,38,30,22,35,37,28,50,41,47,24,47,23,20,19,39,30,40,42,36,40,23,23,48,20,27,10,12,32,25,14,11,12,49,30,22,32,16,24,46,38,11,17,17,27,45,44,25,25,11,37,24,28,26,33,14,32,48,36,23,32,24,44,19,11,41,13,20,49,17,12,46,41,22,39,22,42,39,15,21,22,22,16,45,26,19,22,48,21,13,17,37,40,16,40,42,15,38,32,26,47,18,23,50,37,43,18,20,19,36,43,24,49,12,35,24,48,18,49,42,42,10,38,15,30,43,47,37,42,23,32,28,24,23,24,15,41,14,32,32,11,12,43,38,27,24,43,47,12,45,29,16,25,25,32,10,24,21,39,46,30,32,48,21,38,26,42,47,49,36,36,29,23,31,44,14,50,42,32,41,17,26,16,45,29,38,18,49,35,35,40,37,22,42,34,20,48,37,29,27,45,28,11,43,42,35,29,11,39,40,35,31,20,10,22,25,24,28,41,31,48,17,29,47,34,31,18,44,43,18,16,17,21,15,17,47,42,29,12,33,41,48,38,26,25,34,17,11,48,21,41,27,17,22,25,28,25,15,13,35,12,45,32,31,16,50,29,16,26,48,24,43,37,35,29,45,18,20,25,21,37,28,22,12,49,42,32,13,19,25,46,30,22,41,11,29,13,18,26,12,43,41,49,46,29,42,16,38,35,25,44,14,28,13,41,26,43,12,29,34,43,25,32,33,32,23,42,33,35,49,30
39,24,33,38,48,17,30,12,48,35,36,16,36,35,23,15,14,42,10,41,49,44,43,14,24,14,11,47,44,23,40,43,42,24,45,34,16,17,40,38,39,35,36,42,18,15,45,35,38,28,14,44,44,16,12,42,31,31,23,21,26,43,45,25,28,42,24,13,50,36,18,39,12,10,17,19,48,34,20,49,35,22,28,35,44,42,42,38,21,50,39,19,39,37,47,37,29,25,38,38,14,13,31,37,11,27,20,34,41,35,35,30,50,47,44,24,31,34,49,25,11,33,44,48,19,40,34,36,47,28,17,32,41,42,32,31,15,10,35,22,42,23,28,19,30,40,38,24,32,33,39,38,44,19,28,23,29,32,36,36,44,23,40,46,18,46,27,19,49,42,42,47,36,24,24,32,15,33,25,25,23,24,25,26,22,38,14,16,18,38,41,27,12,26,25,25,20,38,32,18,46,24,14,39,37,39,20,16,18,26,21,47,30,30,29,21,22,19,35,18,24,39,47,21,25,22,15,22,23,50,16,29,26,50,27,16,11,25,38,31,30,25,31,45,44,24,13,10,43,41,42,24,18,11,34,34,39,40,29,17,50,26,38,32,20,33,31,48,28,37,27,49,34,32,38,12,35,46,41,15,40,39,36,49,42,32,48,47,29,14,45,18,14,20,47,48,19,43,32,42,34,19,30,38,36,42,34,48,25,34,12,25,28,45,20,12,24,41,27,48,41,23,49,44,46,38,21,46,29,16,11,31,41,42,10,16,45,12,24,46,37,26,38,47,46,23,19,32,12,19,41,26,33,14,37,13,31,17,16,42,39,36,16,11,37,45,20,37,19,38,15,46,49,37,41,34,33,39,11,19,41,15,35,43,11,43,37,35,19,47,26,43,10,34,43,13,17,49,25,26,44,36,25,42,13,39,47,22,47,16,24,36,19,12,17,39,28,42,34,23,26,37,35,39,29,32,13,22,11,22,22,37,48,40,17,28,15,42,30,39,34,40,19,16,26,48,34,17,31,32,42,12,50,30,34,20,12,41,43,27,12,35,25,30,38,27,33,10,26,21,36,20,24,22,11,25,23,48,24,27,31,39,32,33,21,41,42,31,35,21,30,32,29,23,22,42,28,31,47,11,28,40,44,46,49,42,29,33,29,30,19,20,18,49,27,37,21,23,25,34,38,25,15,26,31,30,12,27,24,42,47,47,19,46,11,35,43,12,20,44,25,24,31,24,22,33,11,23,44,14,29,11,32,32,41,23,28,13,22,35,21,35,24,18,31,33,42,45,41,14,33,27,12,12,26,25,23,25,22,47,36,42,38,35,10,20,21,43,39,34,38,47,32,50,38,36,29,15,32,34,15,18,36,16,40,29,45,40,17,16,37,32,22,26,13,29,33,12,33,38,20,38,13,50,32,25,32,35,44,13,23,42,47,16,14,32,31,30,48,37,41,14,50,30,45,32,29,49,14,21,42,41,21,24,16,47,34,25,20,25,36,34,27,31,12,14,50,14,25,28,25,39,40,21,44,17,36,32,12,47,30,34,30,21,22,19,27,34,49,29,41,16,29,45,33,43,23,11,27,43,40,30,19,21,47,21,46,29,41,29,17,30,43,27,41,17,45,10,15,49,33,39,36,10,32,47,45,34,36,42,34,23,26,39,18,38,42,23,27,13,40,30,29,18,20,23,16,29,25,26,46,18,28,33,31,24,28,15,14,15,42,29,24,11,13,41,32,14,43,32,37,33,15,20,26,27,37,23,12,33,23,32,47,30,31,31,10,46,34,41,21,33,21,30,38,19,25,36,38,25,30,46,47,37,31,37,14,25,18,33,36,11,37,14,15,48,27,33,10,25,29,37,11,30,29,14,17,28,20,17,24,33,25,29,30,17,27,13,36,38,37,16,49,39,35,37,15,18,38,44,30,27,21,32,13,20,28,39,35,36,19,41,41,47,37,33,24,14,14,35,40,31,40,21,30,49,18,35,44,39,36,50,25,15,34,18,17,47,15,37,33,41,40,40,13,34,44,17,13,25,33,16,39,46,26,24,45,15,20,49,31,23,19,17,11,14,12,13,33,30,20,49,21,45,40,46,49,39,45,12,30,31,19,36,23,32,16,41,43,18,38,30,28,42,34,44,42,13,43,15,44,47,34,31,39,47,19,40,31,39,33,19,13,44,42,17,21,20,26,33,20,28,46,19,46,22,35,34,41,18,13,35,20,31,47,46,40,24,18,45,14,15,40,30,36,29,39,48,37,47,16,32,19,47,46,34,33,13,26,43,43,40,29,33,45,20,21,14,37,14,50,17,45,35,19,28,18,31,23,26,13,16,47,39,11,13,46,45,20,31,30,21,39,24,32,45,34,49,23,45,49,40,27,22,34,40,49,13,42,10,32,37,39,40,32,12,43,26,11,43,19,42,15,11,39,33,27,31,18,44,48,17,24,31,39,12,49,21,41,23,25,34,42,18,15,14,35,43,12,13,15,45,33,12,39,26,20,44,34,18,44,19,32,33,30,46,31,37,39,11,33,40,21,39,20,38,18,37,18,13,33,33,44,21,12,22,40,41,33,36,40,45,36,20,28,24,17,49,10,42,18,21,35,49,31,21,43,26,10,47,12,43,20,19,11,47,27,29,42,17,32,35,11,18,50,44,29,19,42,50,45,28,43,38,31,41,31,28,41,50,45,46,15,21,12,40,10,13,13,28,31,25,32,21,21,27,13,11,14,38,15,32,38,48,17,12,48,37,17,21,19,38,46,37,43,38,12,21,13,26,34,27,11,35,13,32,25,25,16,21,12,37,26,49,42,46,44,25,11,29,15,10,16,48,26,50,37,32,45,37,25,42,17,42,25,14,49,17,16,12,11,15,30,38,22,33,47,13,28,14,11,15,19,35,27,44,25,26,45,10,36,39,32,39,28,47,14,17,29,44,37,42,22,19,43,15,32,25,17,47,35,35,12,34,40,11,46,32,39,11,48,17,25,12,20,14,17,38,26,31,12,29,25,42,29,12,42,44,37,33,49,22,47,42,25,38,33,21,14,45,25,43,11,37,29,33,36,22,25,33,19,25,25,32,30,27,33,10,13,47,29,32,49,14,15,47,39,49,32,40,45,23,33,32,18,40,27,33,20,10,34,21,23,15,32,27,41,36,49,12,47,45,28,24,35,32,36,41,37,33,16,37,23,47,35,31,33,24,47,27,47,50,35,39,49,20,48,44,33,33,17,31,33,41,20,11,40,14,33,30,12,34,11,32,40,22,14,37,31,16,27,40,15,18,35,46,21,36,41,10,29,30,40,28,19,31,40,39,40,49,36,18,45,22,32,42,47,46,45,10,22,22,46,23,21,47,14,10,21,42,43,38,33,18,27,18,37,42,31,38,35,37,17,23,43,50,19,40,11,37,16,37,49,39,22,12,42,17,35,24,48,45,47,27,34,47,38,21,44,15,43,30,35,12,45,27,24,33,49,38,47,28,27,19,29,14,33,33,43,50,24,43,46,26,20,43,31,18,44,49,25,48,11,16,30,34,34,42,41,19,19,24,10,42,38,32,17,33,10,11,34,31,44,32,32,32,13,30,44,20,46,32,44,19,29,12,24,44,10,46,22,40,22,40,34,48,49,25,16,10,20,47,24,34,39,10,40,45,28,49,14,40,11,19,43,21,30,36,18,23,49,22,50,22,15,32,19,19,42,45,45,31,49,25,41,38,31,13,38,11,28,18,24,36,24,30,37,18,39,14,45,35,40,32,21,29,20,21,13,24,21,25,31,44,28,42,19,32,47,32,41,46,17,14,43,19,11,37,45,16,44,46,39,18,12,49,40,15,24,47,22,49,24,46,25,20,19,50,29,46,16,14,27,49,45,18,23,30,19,25,24,25,46,21,26,24,28,43,15,23,41,29,42,22,34,34,17,14,43,39,43,31,29,45,33,34,14,28,22,44,17,37,11,14,40,34,48,11,49,49,34,24,17,39,31,47,15,12,17,34,39,13,28,22,12,46,45,21,16,24,41,28,11,26,44,42,12,17,33,20,46,12,28,39,45,43,23,36,30,20,34,10,24,46,19,19,17,22,50,19,36,17,23,23,14,48,30,23,43,46,10,23,12,31,25,37,13,37,33,12,31,24,21,13,34,16,24,40,28,33,13,43,13,23,31,38,40,44,30,49,41,32,50,29,28,49,47,39,26,24,42,28,26,10,17,49,26,13,45,29,19,49,38,35,23,14,48,10,11,15,40,44,33,33,34,26,43,21,24,23,12,16,23,38,37,13,18,48,30,32,12,49,26,31,47,19,30,46,10,26,17,16,27,28,35,25,32,21,38,22,22,33,28,34,47,16,30,30,41,12,34,23,12,33,45,22,44,18,27,42,35,40,14,20,20,12,47,48,38,42,17,26,20,37,45,41,39,19,38,45,36,31,13,47,39,25,25,37,36,24,34,44,49,37,19,30,30,41,31,49,33,23,31,21,28,41,13,19,24,44,47,38,13,23,15,47,18,49,11,48
33,44,43,15,33,10,37,43,28,31,27,17,43,43,18,18,38,35,31,28,36,41,31,37,48,49,45,23,12,36,10,41,37,22,35,49,49,11,35,29,47,12,48,45,40,36,16,46,49,37,47,46,22,18,18,50,45,35,43,22,23,12,47,17,17,42,22,16,19,35,48,44,25,37,44,47,35,15,49,49,12,12,21,46,40,31,26,31,23,31,46,21,41,39,43,50,25,13,47,10,20,12,18,23,47,30,41,35,42,17,28,34,33,22,36,28,25,27,28,15,28,27,10,12,20,14,40,12,15,14,28,16,12,30,45,26,28,29,38,24,41,24,24,11,17,29,28,39,41,29,24,31,16,11,32,32,33,17,42,39,28,30,44,32,38,38,42,45,34,42,48,36,25,27,43,43,38,19,26,39,39,33,27,42,34,44,38,50,48,44,47,38,16,34,42,47,33,20,24,31,30,26,48,10,10,19,28,49,24,40,16,25,46,13,48,17,39,25,40,49,23,46,42,40,16,18,29,14,13,24,11,11,15,14,42,29,48,25,49,44,15,44,42,45,45,31,30,47,35,11,26,24,35,18,27,18,12,48,32,26,32,28,22,47,27,28,35,49,48,22,37,24,48,38,20,24,20,16,41,22,35,40,32,19,19,39,17,29,21,20,37,24,48,16,19,47,20,48,19,46,10,30,22,48,38,42,42,50,21,27,15,23,30,15,45,23,12,29,17,38,28,31,41,11,19,12,20,45,42,30,49,38,11,48,20,23,43,25,32,50,41,12,25,39,49,10,22,44,35,17,48,20,34,19,28,11,48,16,40,32,33,34,41,38,39,21,10,26,16,28,11,29,13,46,21,41,20,37,16,36,43,43,47,28,18,13,41,43,35,11,49,16,22,42,25,38,41,48,25,36,32,40,12,40,33,49,18,50,40,26,35,43,40,26,31,49,27,13,28,37,23,22,37,38,42,11,26,31,33,25,34,23,49,24,19,48,22,32,44,35,37,29,37,46,17,27,26,17,35,32,13,29,16,37,38,45,25,42,35,14,33,10,28,10,27,21,39,35,36,48,44,13,12,24,50,42,22,20,18,41,16,31,33,38,43,15,29,28,26,37,30,44,26,13,38,11,14,21,50,44,47,31,18,38,48,37,15,40,22,22,48,16,48,10,31,28,30,32,39,44,48,27,49,38,32,35,21,49,17,14,22,37,42,50,46,49,44,30,30,18,18,31,35,22,34,48,28,16,18,48,44,50,46,31,14,31,17,26,40,39,35,20,39,26,16,26,40,39,30,49,50,12,19,30,22,15,29,23,13,43,32,27,37,23,29,40,22,32,11,21,42,33,38,19,48,35,40,14,39,48,42,45,36,18,40,16,17,46,35,37,27,29,43,46,26,37,21,39,21,36,47,42,32,41,37,48,22,16,36,30,45,39,38,47,12,32,29,32,19,44,36,11,48,44,11,44,27,17,40,44,26,42,35,15,42,23,49,31,34,50,38,18,33,14,19,45,20,47,46,12,28,35,17,33,29,45,20,14,23,37,26,49,47,35,49,26,20,31,29,16,33,44,40,45,11,14,25,21,47,47,23,25,40,21,44,17,18,47,35,45,19,12,17,47,43,14,44,38,42,41,27,23,22,21,19,28,21,48,47,48,27,31,48,16,43,17,17,13,43,42,15,47,23,25,23,37,25,25,22,31,32,45,45,30,19,23,29,17,33,16,43,44,45,22,29,11,24,38,13,24,36,21,15,28,17,30,39,32,45,40,12,44,23,11,49,26,29,49,13,22,37,20,36,19,12,35,29,25,39,48,22,33,29,21,15,25,29,11,22,35,45,13,31,43,45,35,12,29,44,46,19,21,27,31,11,20,22,39,43,38,35,13,23,42,20,36,46,45,24,34,19,30,15,23,49,36,31,12,21,25,17,14,12,35,34,14,39,11,45,47,47,40,35,32,50,30,29,24,32,32,35,36,40,48,43,23,18,23,43,47,36,11,41,17,23,18,18,22,12,37,46,11,23,22,18,19,32,22,28,49,20,33,10,42,41,19,46,48,44,21,48,20,11,19,32,26,38,36,35,36,29,48,35,37,20,42,31,36,26,32,35,46,36,42,31,32,11,44,24,42,50,46,22,48,12,33,31,27,48,49,46,36,47,37,12,24,35,13,13,34,22,12,40,27,32,21,10,19,18,42,46,47,40,19,14,38,37,16,27,19,42,37,29,41,14,24,18,10,14,33,20,48,40,18,18,18,44,46,12,41,31,29,36,48,19,23,15,38,41,28,29,32,11,13,20,30,20,21,24,42,27,22,15,31,24,21,18,16,18,22,40,23,24,14,33,15,50,27,11,30,14,15,35,50,44,43,41,15,48,38,27,20,15,27,41,17,50,16,38,42,27,33,31,46,45,25,48,36,43,28,44,24,34,32,33,22,40,35,41,33,19,33,41,45,39,11,30,26,33,31,12,30,34,43,39,46,36,32,25,16,33,28,23,31,39,24,47,40,33,40,15,31,11,33,37,14,39,21,36,40,33,44,38,24,12,25,25,25,27,22,12,21,33,41,36,36,43,35,12,17,49,27,22,12,18,40,20,19,31,21,50,25,28,13,43,37,45,16,40,24,49,38,40,30,38,21,46,39,37,14,42,21,48,23,44,30,19,48,25,26,28,33,29,49,26,42,24,34,42,31,15,42,40,22,13,45,46,26,25,42,12,49,39,24,38,16,26,37,47,20,36,32,15,46,39,37,38,12,29,24,45,11,49,24,42,38,36,40,21,19,47,38,36,25,12,45,24,13,13,39,27,17,25,30,25,48,37,32,47,43,33,22,41,18,21,35,47,23,43,14,18,20,30,33,26,36,43,29,40,33,30,41,44,28,11,27,29,29,39,22,43,36,36,10,49,17,36,27,33,31,12,46,35,29,34,26,25,37,21,25,49,27,40,23,36,48,47,26,46,24,28,14,26,17,41,19,31,47,15,36,11,10,16,34,23,21,14,22,23,22,31,25,16,41,15,19,20,43,26,13,28,43,20,27,27,37,23,22,40,38,18,22,19,13,50,28,46,37,30,31,18,12,45,41,24,12,14,16,46,34,49,10,15,26,10,17,10,32,44,22,31,31,24,11,24,28,21,45,18,47,14,37,30,15,34,27,12,38,47,38,24,42,14,17,29,13,27,43,26,15,15,48,46,49,28,45,30,49,11,14,12,23,40,44,47,13,27,34,30,21,47,34,13,43,31,20,34,30,32,39,39,14,41,28,27,26,41,29,14,17,35,41,34,33,47,48,29,37,42,16,27,19,12,12,39,24,31,36,25,50,34,34,43,21,40,43,16,25,35,27,11,45,44,38,33,20,39,20,34,48,14,43,17,28,25,25,27,45,12,47,26,49,35,31,49,14,36,15,33,23,44,31,50,33,22,46,42,18,44,43,40,21,15,21,14,21,46,28,13,26,47,43,47,40,34,17,12,21,49,43,19,37,49,43,17,28,49,38,49,35,39,10,41,17,19,36,39,26,28,21,43,44,12,11,45,19,29,21,45,35,34,12,35,19,22,27,11,28,45,38,23,35,44,31,43,25,16,22,49,28,45,14,15,46,45,41,32,17,39,43,21,17,16,33,23,40,37,18,49,23,15,13,27,10,16,20,39,21,40,33,43,47,13,14,24,20,35,17,20,14,43,49,34,36,16,21,20,25,39,27,27,44,11,41,27,37,45,35,36,31,29,28,13,28,41,24,26,19,34,22,41,32,41,35,44,21,19,22,39,25,12,13,50,25,32,13,32,32,42,37,23,49,25,20,19,27,48,34,23,42,42,49,45,23,25,24,11,18,18,12,46,41,32,18,30,38,14,14,46,46,18,25,34,12,41,18,23,11,42,22,23,16,12,15,13,48,22,31,37,30,13,36,34,24,18,16,14,47,30,27,39,46,11,35,41,22,35,24,37,24,14,25,11,42,23,18,31,43,32,21,28,29,13,34,37,36,40,27,29,23,32,49,28,15,29,15,35,28,36,29,27,29,39,28,23,47,41,27,38,34,48,12,21,42,33,42,35,36,22,15,45,20,29,19,12,15,21,36,48,17,20,48,18,12,20,32,23,49,20,36,11,12,15,40,15,20,11,45,25,26,46,12,34,50,14,43,15,39,32,48,46,25,46,33,46,20,37,24,10,33,46,15,47,22,25,33,20,30,35,28,16,33,16,47,44,11,34,49,34,27,34,43,19,43,14,15,15,23,32,16,22,39,41,19,34,14,33,20,13,35,25,13,34,27,43,50,35,15,27,24,47,14,41,12,11,40,23,28,16,40,17,46,25,16,15,13,35,17,12,36,47,16,27,13,41,11,23,43,15,32,12,14,43,39,43,33,27,14,23,11,18,44,50,15,22,24,37,39,21,44,33,25,29,23,38,48,28,25,11,44,24,49,20,49,45,34,25,14,48,16,50,41,27,45,22,36,14,18,45,40,18,18,36,46,12,37,45,17,40,46,39,14,10,35,46,12,48,26,23,31
