The number of jobs:
600

The number of machines:
20
The power of each machine at differnt speed levers:(where rows denote machines: 1 to 20 and columns denote speed levels: v1 to v4)


10,29,38,45
17,25,32,42
15,20,34,42
14,28,37,45
14,29,37,45
19,28,36,45
6,16,27,37
5,17,34,43
17,26,34,44
18,27,38,45
6,20,31,42
5,20,36,45
16,30,38,45
12,28,37,45
19,28,35,44
12,23,31,45
12,18,32,43
17,30,38,45
19,27,36,45
12,24,37,45

The basic processing time of jobs processed on different machines:
(where rows denote machines: 1 to 20 and columns denote jobs: 1 to 600)
18,45,11,40,23,33,44,46,30,23,39,43,45,31,32,33,44,43,19,12,18,14,41,41,23,38,21,43,45,15,49,34,15,42,13,32,24,34,11,15,13,32,49,42,39,49,47,15,37,15,46,24,45,13,29,42,40,25,46,18,25,30,12,36,31,13,33,16,39,29,50,16,40,31,41,29,36,44,19,18,30,33,26,40,41,45,23,29,38,16,10,14,34,15,36,24,48,48,10,24,26,13,37,26,15,19,12,46,35,29,49,21,25,22,15,48,37,18,40,18,40,19,46,35,32,47,35,22,21,40,19,29,15,11,21,28,13,23,41,29,41,37,47,43,34,31,39,23,23,48,40,39,21,25,33,30,47,13,28,22,50,19,17,34,22,38,22,18,38,46,41,11,44,24,32,30,25,25,39,50,27,16,11,39,18,39,23,17,27,41,39,12,45,46,28,28,35,22,16,29,49,25,11,36,42,16,15,46,26,11,31,18,13,23,37,34,18,23,19,30,33,17,44,16,21,49,38,38,40,41,24,44,34,29,33,26,38,13,16,45,26,25,42,37,37,17,34,27,38,17,35,35,15,34,49,36,38,41,18,17,24,42,38,49,33,18,27,45,17,11,40,41,15,29,29,16,43,11,29,36,11,41,15,47,27,40,25,38,26,12,21,44,41,25,19,48,36,23,35,35,33,12,31,26,17,14,36,38,16,39,34,15,12,13,40,28,36,29,47,37,18,36,17,47,13,24,40,38,46,34,25,37,17,29,22,47,40,43,21,19,20,21,37,32,17,36,30,49,32,19,27,50,12,37,12,11,29,14,22,46,23,30,15,18,31,22,21,42,12,42,30,48,16,33,21,17,25,22,18,45,39,26,24,38,13,19,35,23,22,31,46,47,47,26,40,28,48,49,21,16,44,45,43,12,20,37,22,20,48,31,13,48,41,11,28,10,42,21,36,24,39,14,48,48,26,37,50,25,35,49,49,19,22,33,30,46,32,15,36,10,26,11,25,23,14,45,22,28,38,32,24,43,33,25,47,33,33,47,13,48,18,12,38,10,35,23,34,24,17,30,46,42,29,27,22,13,28,35,38,21,34,41,26,22,16,13,14,44,45,36,10,19,12,42,48,14,48,14,19,30,47,46,14,32,30,17,23,35,28,25,17,16,34,39,29,47,38,49,21,47,40,30,16,20,17,19,26,50,35,37,11,28,18,16,39,15,41,29,48,47,18,28,32,12,11,20,36,17,24,44,48,35,32,27,44,13,14,27,28,37,48,41,11,28,41,28,36,20,18,24,30,21,16,25,12,26,28,26,30,42,43,20,30,27,42,23,18,43,14,31,27,35,26,23,10,39,40,44,28,28
32,45,30,34,38,18,21,39,38,37,41,18,33,45,41,28,33,25,20,11,23,43,45,26,38,42,24,29,37,25,43,26,48,47,41,16,38,29,44,34,46,37,33,13,40,50,14,13,35,50,38,40,49,40,42,17,16,41,27,43,24,12,23,36,49,34,23,27,14,19,11,34,48,15,29,48,32,12,26,34,12,32,23,16,48,20,29,26,37,29,11,30,22,26,37,25,26,24,33,43,31,30,43,42,32,17,29,40,42,19,18,24,23,47,38,30,46,25,28,44,34,20,38,41,26,17,40,13,39,35,46,30,35,34,44,27,21,48,40,21,37,22,31,37,44,37,17,11,18,17,41,31,35,12,15,50,17,19,14,17,13,28,10,10,38,20,37,47,29,31,24,14,43,23,44,33,43,13,20,15,31,35,33,47,27,37,46,27,20,31,31,35,30,16,35,35,44,46,14,20,29,17,31,40,35,47,39,42,39,25,29,34,44,27,23,22,22,44,30,44,46,36,20,29,46,28,25,21,11,34,30,13,16,47,34,25,24,32,47,29,42,21,13,24,33,40,39,49,45,26,47,44,42,35,27,31,35,14,33,45,43,46,28,21,29,33,27,16,36,16,21,33,49,45,14,29,47,45,14,50,14,35,39,26,35,48,23,48,31,35,32,46,23,23,48,32,17,30,32,40,21,43,47,17,49,26,40,34,25,24,44,34,15,32,43,43,49,32,26,12,29,23,27,26,34,44,24,13,37,19,19,20,17,13,21,43,14,36,47,22,36,18,27,11,22,44,44,17,15,12,39,12,22,18,14,44,23,11,34,24,19,36,44,46,36,45,39,12,30,44,33,14,40,18,21,43,27,39,31,37,42,47,38,49,11,48,35,20,32,20,33,32,43,46,13,31,12,40,48,16,11,45,33,30,30,42,19,28,21,30,40,49,40,37,42,33,48,11,17,31,39,15,40,24,44,16,30,37,26,23,40,37,44,15,11,20,40,39,45,25,19,13,47,23,17,19,27,17,49,31,46,40,25,11,35,44,35,29,12,30,23,42,44,43,24,28,14,15,25,20,46,49,49,36,34,32,30,31,29,45,44,38,23,28,40,13,12,44,32,27,32,14,28,41,35,17,18,14,13,35,27,11,42,41,14,22,48,20,24,44,11,38,14,43,37,29,49,22,34,18,38,48,48,24,43,47,23,17,35,29,49,29,25,35,42,16,42,31,13,40,21,42,49,27,33,12,14,30,25,31,12,10,34,35,13,33,29,14,46,29,33,21,39,47,43,25,17,35,43,47,29,30,39,48,22,34,18,22,34,29,39,34,43,38,41,32,14,32,42,18,33,22,42,37,25,41,48,14,30,27
34,36,12,38,45,40,35,32,46,42,37,39,40,40,23,11,21,21,10,35,27,14,28,38,36,43,33,36,18,43,42,49,25,21,11,16,41,44,40,42,39,43,37,28,13,43,20,15,17,19,47,38,20,38,39,18,27,49,45,28,26,42,47,47,20,41,12,30,12,12,28,10,35,23,41,41,11,35,23,24,17,24,49,13,42,29,13,39,35,37,18,20,26,47,45,48,44,25,32,48,34,22,14,22,14,45,13,14,15,25,11,32,24,34,44,33,26,21,12,15,44,44,42,14,27,14,24,45,15,32,45,23,34,17,10,35,42,15,41,25,27,25,35,31,38,16,30,12,33,23,23,22,42,26,14,25,14,46,32,18,34,17,46,13,39,44,41,20,25,23,17,11,18,38,19,27,47,18,36,44,41,33,21,44,31,33,42,38,11,44,37,32,43,19,29,14,25,43,23,39,14,33,24,45,34,35,41,40,49,16,49,24,15,36,47,22,17,32,28,23,35,15,17,27,34,13,22,25,46,25,28,49,15,27,19,35,43,46,33,25,23,13,37,28,24,17,36,47,10,45,11,37,47,33,13,38,34,22,27,22,10,13,31,47,27,33,33,20,37,32,40,29,28,42,43,49,27,33,23,31,14,35,38,35,48,41,27,31,38,35,20,23,48,33,25,17,11,36,25,46,15,12,15,38,22,26,37,12,22,14,28,34,50,14,21,18,45,17,13,21,17,43,15,27,16,17,41,28,21,12,14,33,49,19,26,33,14,44,36,41,34,32,31,31,39,47,33,49,21,20,29,28,41,45,26,10,17,12,11,31,25,11,11,42,44,16,40,43,35,46,43,19,50,40,39,13,13,48,24,49,49,11,32,22,34,13,34,20,28,20,37,42,16,28,19,32,45,43,36,32,38,21,48,41,28,48,45,37,45,34,16,34,13,21,34,19,13,40,43,38,48,12,19,40,16,13,50,22,29,16,45,36,28,41,26,36,47,24,47,21,15,48,36,19,40,28,22,16,12,45,49,20,39,39,38,24,24,11,12,31,11,35,47,30,23,47,33,13,11,45,25,11,31,45,17,22,18,34,43,25,41,17,32,12,39,29,47,31,25,26,14,28,20,26,45,46,36,50,34,11,45,28,48,20,25,25,24,27,33,41,42,19,35,11,10,19,25,36,48,38,36,37,46,21,46,39,20,26,24,30,47,18,35,36,18,15,48,25,25,19,49,43,17,36,16,19,33,35,16,40,11,11,38,42,33,25,27,34,48,43,14,42,27,43,24,40,40,28,46,18,38,37,37,41,45,35,31,29,12,27,46,13,22,12,27,21,29,46,37,24,42,24,36,46,27,42,34,42,34,11
43,46,16,33,10,28,16,10,37,43,12,39,16,16,32,38,15,21,43,23,27,40,17,43,13,12,29,32,33,24,41,13,33,16,15,14,26,23,39,42,41,15,49,24,26,49,31,13,31,49,43,22,24,22,42,24,11,44,30,24,12,39,27,26,26,50,10,26,17,11,35,24,15,19,35,23,20,38,38,39,24,19,40,11,48,18,30,44,12,36,28,22,10,49,47,27,21,21,16,10,38,43,39,17,40,25,36,40,34,50,26,19,21,38,22,15,42,40,25,13,16,10,14,29,34,41,21,27,39,46,14,44,14,22,19,37,11,20,15,34,48,46,26,14,43,20,23,33,33,31,29,20,28,49,22,45,45,34,40,26,27,40,39,48,40,46,26,10,39,14,17,20,35,27,23,49,38,20,33,48,16,28,29,12,39,44,38,14,18,31,10,14,15,18,42,25,32,37,13,44,48,27,49,23,28,19,17,30,39,24,28,15,45,29,28,24,18,47,42,50,27,21,23,10,22,17,48,21,45,18,11,22,39,45,22,11,39,29,29,11,29,50,44,44,38,41,15,44,17,27,44,45,44,43,27,30,49,12,46,21,10,17,31,39,33,47,26,12,43,28,32,28,39,35,19,15,44,45,39,10,44,33,12,17,46,19,47,24,41,38,12,20,43,42,42,24,22,44,17,39,44,31,18,36,18,18,42,13,47,35,22,29,27,26,13,20,14,36,29,14,37,14,36,39,41,38,18,43,24,33,26,38,39,45,40,17,39,20,25,32,44,36,12,31,50,40,27,13,26,46,26,17,20,41,27,32,46,23,48,24,24,25,41,29,33,34,38,45,45,18,19,14,23,15,40,32,21,46,40,14,20,49,48,39,43,23,30,26,46,46,13,16,40,43,49,50,21,49,15,33,13,28,45,26,21,10,20,26,17,26,20,24,19,12,45,16,39,37,19,18,23,30,39,48,28,27,30,17,34,20,26,18,15,43,13,30,12,30,42,42,47,14,16,19,43,43,27,38,24,38,14,35,12,49,40,35,13,18,16,33,37,29,36,20,23,21,28,21,43,34,19,21,11,35,38,45,32,21,48,34,20,30,46,42,33,15,50,47,37,41,11,43,14,17,48,40,47,35,13,12,48,16,20,12,26,41,24,30,23,45,31,35,23,40,11,35,47,26,19,16,34,26,43,27,17,20,49,22,32,38,33,11,48,44,12,17,28,36,12,29,39,43,31,17,19,38,28,10,30,38,45,39,39,25,15,17,34,34,30,44,28,17,13,18,25,37,21,49,25,45,16,48,29,23,48,41,31,38,21,19,25,30,31,23,10,24,20,13,49,29,33,49,23,36,44,30,37,43,25,25
18,15,38,17,43,40,21,40,12,25,40,23,49,27,29,31,32,38,16,28,15,39,31,21,14,29,12,19,14,27,34,35,27,14,16,26,38,18,16,47,29,29,34,33,39,44,12,19,41,46,19,49,43,21,40,23,32,38,44,24,33,21,45,30,34,31,17,33,19,16,34,23,46,20,50,22,45,34,32,38,26,31,36,13,39,30,12,12,25,19,12,39,42,42,39,24,24,21,30,40,45,25,44,32,31,42,26,29,49,29,43,38,36,33,16,39,48,19,27,25,48,30,25,29,32,12,15,30,34,24,41,33,30,37,13,24,17,25,25,45,34,15,21,14,15,30,39,27,48,36,43,25,34,23,14,37,18,47,31,44,31,39,48,19,40,40,48,37,19,33,44,15,28,38,49,38,49,34,33,14,33,33,28,33,43,17,18,25,43,34,22,19,19,21,42,41,23,32,20,38,30,36,13,34,42,14,26,15,15,17,49,38,30,28,27,34,15,46,26,31,42,11,11,27,31,42,10,28,33,46,34,30,35,44,31,48,22,35,31,30,50,44,31,33,10,25,26,32,29,12,36,25,31,14,26,46,43,28,24,15,49,31,13,20,49,47,43,40,34,42,47,44,12,26,29,23,40,35,21,21,47,42,37,32,48,15,50,33,24,32,17,42,43,26,23,26,48,36,20,19,11,21,21,49,18,12,44,32,35,13,44,45,41,47,21,22,15,25,23,26,28,33,33,17,20,38,47,14,12,41,14,48,22,35,37,11,47,29,20,20,38,22,37,12,17,13,29,46,18,29,28,31,18,22,38,10,31,35,16,33,31,14,24,15,22,34,20,43,41,16,33,28,41,20,22,19,26,30,30,40,12,47,43,20,32,15,22,27,37,28,40,19,22,39,11,25,24,21,39,49,31,33,22,25,48,21,28,47,43,39,27,25,26,25,40,24,44,48,27,23,25,23,26,45,19,22,12,18,37,36,24,36,50,47,13,43,27,29,27,19,40,12,30,46,10,41,11,41,11,16,17,49,38,39,11,18,39,19,40,40,19,18,48,19,46,28,15,25,38,33,32,38,13,28,31,45,19,37,40,50,27,47,39,38,44,23,21,47,44,34,13,22,11,30,12,27,27,27,17,28,29,18,31,48,13,32,21,25,23,22,36,31,17,39,34,44,33,15,42,11,14,22,32,37,35,15,44,25,23,23,24,32,45,49,35,44,48,49,19,48,20,10,39,11,26,33,21,46,46,21,45,41,38,14,27,43,12,44,37,32,35,16,32,23,13,16,29,34,35,40,28,28,40,37,13,35,20,15,44,27,24,21,47,17,49,49,37,36,43,39,28,45,28,47,11,41,29,49,43,19
38,21,17,41,12,38,33,40,49,21,45,24,29,40,12,27,13,20,27,34,26,22,20,16,47,23,46,26,34,18,46,50,42,49,24,32,15,27,18,43,28,19,18,49,45,17,11,12,40,18,38,15,47,41,18,19,45,11,49,46,12,47,41,27,12,36,48,24,28,26,49,24,18,28,34,23,19,37,31,15,22,17,20,32,19,15,31,39,11,45,19,15,30,48,32,40,22,44,43,36,37,25,16,46,22,43,21,27,43,21,30,13,25,30,31,29,47,14,49,25,33,14,46,46,21,27,34,43,28,43,43,41,28,27,11,14,37,12,18,32,20,15,44,36,14,21,37,14,48,36,41,19,39,39,18,30,34,34,40,46,48,20,19,23,31,32,20,18,46,46,28,45,21,46,27,43,32,19,13,24,22,30,21,13,38,49,46,46,25,15,33,28,17,46,30,14,29,44,10,18,33,37,48,36,19,49,48,14,21,11,16,40,31,37,23,48,46,19,44,39,35,45,15,44,33,43,48,46,37,15,18,37,42,39,16,33,28,46,29,13,41,38,16,25,38,29,42,33,41,25,39,13,41,25,44,27,27,42,13,38,42,33,49,29,47,29,43,35,34,16,27,42,47,20,20,11,48,28,30,45,19,31,30,43,30,11,22,49,44,38,21,36,48,39,40,12,25,32,24,49,20,29,30,40,33,37,29,12,18,41,44,44,19,38,38,32,14,21,28,18,29,43,25,39,46,29,44,21,17,16,48,42,26,39,21,36,35,42,25,40,35,27,10,18,32,18,45,15,23,44,47,39,17,28,16,29,29,47,26,17,42,41,35,20,38,29,30,41,19,42,40,20,33,35,32,47,21,30,11,43,39,12,40,20,12,41,27,48,47,33,15,47,16,38,34,31,47,13,23,45,29,39,32,44,47,14,12,17,29,47,45,48,31,16,26,27,22,30,20,38,11,37,21,28,50,37,20,45,19,20,21,13,13,46,22,43,14,46,41,48,23,27,29,44,43,24,38,20,37,46,21,35,21,20,44,12,24,32,25,12,39,28,16,13,23,13,18,30,39,14,42,15,10,28,47,24,41,24,16,38,42,30,26,16,34,14,12,10,32,20,34,20,34,26,11,20,41,11,21,18,13,33,44,38,43,20,17,48,25,28,16,21,11,18,34,43,32,31,45,22,15,29,31,35,33,45,31,33,46,38,24,13,26,37,28,23,31,32,39,41,35,10,34,27,18,27,48,22,34,26,12,16,34,28,18,15,42,31,47,45,43,11,34,49,42,42,20,40,13,20,33,22,42,30,21,42,40,40,43,39,24,21,32,33,22,46,38,10,23,42,36,27,20,36,22,38,49,20,42,30
16,44,22,16,25,13,17,35,18,24,45,18,42,31,19,36,40,38,47,33,35,34,21,12,38,28,36,43,34,19,48,14,37,39,28,12,15,13,34,39,14,20,23,22,33,24,33,28,26,16,13,37,20,20,14,11,25,38,13,24,15,21,32,49,37,24,34,14,11,50,46,27,25,47,33,42,23,21,49,38,41,42,40,47,21,20,15,42,36,41,44,41,18,18,19,25,36,20,26,34,11,19,46,21,34,42,10,37,36,32,10,35,39,10,41,47,37,26,11,45,44,30,36,12,30,19,34,33,17,32,30,18,28,13,34,30,10,22,24,16,27,25,27,18,19,15,20,24,24,30,35,30,16,38,48,49,29,38,29,25,17,39,29,36,25,15,33,11,11,10,30,16,15,14,40,20,17,43,16,14,14,42,35,44,25,48,48,34,12,42,11,33,13,48,25,24,14,21,22,12,35,37,47,39,38,17,18,44,46,23,49,40,47,19,16,29,17,11,39,49,34,24,30,23,27,27,20,26,30,41,17,18,33,47,17,36,24,14,28,26,30,14,32,22,49,43,33,49,22,39,14,45,25,48,16,19,40,45,39,21,50,45,41,15,22,49,12,34,16,41,33,34,46,34,23,36,46,43,14,15,18,13,42,28,18,48,31,17,13,36,24,38,29,27,22,45,48,44,46,12,35,46,42,46,42,32,30,13,43,11,12,14,15,47,34,42,28,47,43,38,20,27,33,33,20,14,15,46,41,14,28,11,26,43,31,23,15,22,21,24,23,41,41,14,19,25,48,32,15,36,12,32,12,23,45,18,45,48,46,16,42,37,13,39,40,33,11,21,12,23,34,34,22,42,27,34,19,26,32,40,50,40,18,21,11,35,47,34,12,23,32,34,22,42,25,28,13,22,31,21,28,20,33,40,38,28,25,10,13,17,27,19,11,47,45,16,37,42,47,29,22,14,33,38,29,36,17,25,46,27,17,26,24,23,24,46,27,47,15,42,46,33,29,38,46,11,23,46,36,35,23,10,31,37,25,22,10,21,22,19,17,27,20,30,41,11,25,46,14,30,27,27,45,47,34,50,42,46,42,42,10,33,24,14,16,43,28,13,27,49,12,45,20,22,11,18,34,27,48,44,22,22,40,20,37,23,32,16,42,47,26,26,36,28,42,32,32,39,18,24,42,21,33,11,37,21,29,24,28,17,18,46,40,26,50,43,43,41,28,16,37,46,25,12,40,48,16,41,42,36,32,34,31,42,14,32,33,41,41,43,17,40,24,28,12,13,16,23,46,14,39,16,21,27,19,13,36,38,22,21,48,35,36,45,35,43,47,29,44,49,33,33,29,42,12,34,31,46,43,44
19,23,18,20,24,35,40,34,24,20,18,40,21,32,36,28,25,38,14,42,14,49,49,14,41,16,35,11,14,28,11,11,33,21,29,49,14,26,49,21,11,26,41,37,34,30,43,49,16,25,26,46,34,20,31,27,18,48,26,27,25,48,21,35,47,50,42,43,23,46,23,48,21,36,33,32,19,46,25,43,32,31,31,21,11,30,15,48,31,14,43,30,22,21,25,39,46,23,13,35,44,40,26,33,38,20,26,28,36,27,21,48,42,14,13,36,37,17,35,41,45,30,35,31,15,34,38,20,19,11,47,23,38,46,16,16,21,11,42,24,18,12,50,12,19,14,30,39,26,32,28,18,14,38,45,14,13,33,18,12,46,47,32,41,25,29,20,26,33,39,15,34,50,44,48,43,10,42,46,27,12,46,49,46,27,11,42,17,38,28,44,45,23,44,19,47,37,29,13,33,26,45,48,10,32,28,42,14,44,22,14,47,30,50,29,22,46,48,41,11,34,41,49,40,41,16,35,49,29,22,48,49,16,14,36,28,18,10,13,29,14,17,32,36,26,36,34,36,37,35,12,19,15,30,46,12,21,41,29,37,15,39,43,11,37,23,35,33,43,24,14,33,30,41,26,36,19,13,12,18,16,25,17,25,38,47,17,17,31,38,25,34,29,34,42,12,20,17,41,21,26,20,32,16,36,41,47,16,46,16,14,24,16,45,12,38,28,17,28,20,16,42,41,37,13,19,22,20,35,31,24,10,15,35,34,34,48,30,33,20,46,48,22,47,48,29,24,15,20,22,32,22,12,25,47,25,12,22,45,41,45,48,11,26,46,19,30,43,35,25,32,48,14,46,26,24,37,23,11,48,37,46,31,38,10,12,43,44,37,50,16,13,42,47,47,12,17,14,31,27,23,38,15,38,35,47,31,39,47,35,44,43,21,23,31,16,38,47,22,23,19,16,28,47,28,33,44,26,31,37,14,38,49,35,41,46,29,41,15,13,42,21,46,35,43,27,27,31,25,13,41,27,48,45,40,43,44,47,22,32,31,11,40,47,26,16,16,41,49,29,30,47,27,44,18,39,13,40,40,38,19,31,14,32,38,12,34,43,33,17,10,39,41,21,26,48,13,27,43,29,49,16,41,38,19,36,24,36,45,43,48,43,17,40,39,39,34,47,39,31,28,11,24,42,22,18,26,11,27,37,16,31,15,17,31,22,24,23,40,42,15,47,11,48,50,25,38,30,43,11,15,32,21,50,41,27,46,35,49,30,35,40,43,13,31,49,39,17,44,30,31,25,33,45,11,38,46,27,28,34,18,16,24,47,46,40,43,21,32,29,18,38,44,47,45,29,34,44,21,44
25,45,26,24,36,43,25,25,49,10,10,20,12,27,26,13,10,27,28,36,28,17,28,40,12,33,45,24,43,43,25,14,46,23,34,32,32,27,40,41,32,31,34,35,48,15,20,26,14,36,39,41,44,27,18,18,37,13,22,45,13,41,28,17,49,50,49,47,18,38,42,13,19,19,29,41,26,19,32,21,36,26,11,21,41,44,24,46,48,18,47,43,21,37,35,35,31,40,36,11,26,24,27,38,29,17,26,33,49,25,40,40,11,44,45,42,47,44,20,15,49,14,41,37,23,22,14,32,40,32,37,41,27,12,37,43,17,46,26,43,32,31,22,39,19,21,18,17,15,36,44,30,14,47,14,45,48,50,37,36,34,27,44,23,18,16,25,22,33,35,31,32,21,32,22,22,26,20,11,20,24,31,29,44,50,15,37,13,20,25,38,20,14,20,44,41,32,45,30,22,43,26,14,15,22,15,25,25,14,11,13,48,41,33,42,40,32,21,27,40,40,38,11,19,48,17,29,18,40,25,27,27,35,14,27,12,35,22,43,14,40,45,38,43,23,28,26,38,20,13,27,27,46,40,14,28,20,40,27,34,46,28,14,38,12,41,15,29,19,49,50,14,46,39,44,47,41,23,33,21,43,17,15,26,16,20,30,32,45,38,24,21,44,49,27,45,11,27,30,11,32,34,43,36,16,21,13,20,16,49,32,30,28,12,36,48,44,41,24,49,18,31,29,38,20,20,20,10,46,22,11,14,39,45,11,43,41,14,35,16,13,36,45,35,36,32,22,26,32,33,34,49,37,22,47,29,14,36,17,30,21,32,27,16,32,34,29,13,40,15,32,41,30,47,23,17,28,19,40,12,32,50,43,39,37,42,15,35,36,32,28,31,26,27,46,15,17,31,15,40,35,21,13,48,47,48,27,12,16,50,32,24,10,41,23,43,34,20,15,15,49,33,26,27,33,27,42,43,28,43,19,38,33,45,19,40,21,17,22,39,23,33,44,36,32,20,46,24,50,15,27,28,19,44,33,48,31,31,24,35,38,24,12,35,23,42,42,38,37,30,17,28,22,22,34,21,28,41,41,11,34,15,22,36,30,17,38,41,41,16,20,32,28,29,35,11,22,30,36,47,41,27,17,21,40,34,21,21,48,46,11,42,27,20,48,26,32,47,29,25,37,23,15,17,20,30,48,48,46,35,44,15,37,12,14,33,28,33,24,12,22,15,48,14,46,40,15,28,41,39,20,12,25,33,50,23,36,12,13,41,41,23,21,28,12,46,41,34,13,10,37,43,30,12,23,34,16,27,24,38,43,46,15,49,13,45,50,46,48,29,27,28,28,49,17,46,15,15,30,50
13,33,23,35,48,23,40,19,12,14,49,38,39,10,48,18,28,43,40,20,44,23,14,43,23,13,21,21,16,47,31,10,18,12,47,13,44,48,14,27,11,39,34,46,20,29,17,49,14,44,16,44,22,47,37,34,23,13,34,41,34,32,41,20,49,23,49,49,30,38,17,31,47,44,48,41,19,24,40,43,37,24,16,13,40,29,28,12,46,31,37,41,46,21,46,18,31,21,29,48,35,23,32,44,34,19,33,36,47,19,16,39,23,33,20,47,28,44,13,12,42,41,42,35,17,36,27,12,40,17,21,37,46,21,38,11,35,27,44,17,44,12,33,22,30,40,16,37,35,31,48,45,31,49,32,48,23,13,48,47,21,49,17,37,40,11,42,17,14,22,20,14,45,39,44,22,39,16,46,24,32,45,16,22,33,38,36,12,27,27,21,35,48,20,26,27,36,15,23,20,22,28,31,36,50,25,39,46,16,33,14,49,42,29,15,24,50,33,43,36,20,22,19,21,21,40,25,18,25,43,43,31,17,34,41,28,27,13,10,12,26,14,28,41,39,33,11,22,38,16,48,43,13,41,39,46,18,36,21,23,28,41,34,19,22,47,18,32,21,36,26,50,12,24,48,12,40,38,25,19,26,30,45,30,11,11,17,24,45,19,33,20,21,30,29,18,34,32,13,39,22,13,42,11,44,31,31,35,14,12,36,14,26,15,15,42,24,30,21,13,33,27,19,30,42,17,17,30,26,42,29,33,13,31,21,43,35,27,15,15,11,19,47,32,10,24,12,44,23,37,11,43,18,47,11,50,47,43,21,16,41,22,48,36,23,17,45,40,47,49,40,43,34,46,45,49,48,20,36,30,33,21,25,14,31,16,26,22,16,46,44,46,18,22,39,13,27,11,37,13,24,38,27,38,31,41,41,50,45,30,33,35,42,26,22,20,18,48,36,41,29,42,41,45,20,25,32,50,49,46,48,48,12,35,38,33,42,10,19,50,42,43,46,37,39,42,49,40,29,12,17,40,49,18,23,35,25,27,37,17,33,30,36,28,35,14,34,32,11,17,17,34,45,32,19,16,39,34,48,26,31,28,46,15,42,21,20,45,39,17,34,18,36,42,44,22,19,20,44,39,24,49,25,27,46,42,47,33,41,22,13,27,14,12,35,20,38,50,49,35,48,42,25,11,34,19,31,16,14,27,48,46,28,30,22,25,28,15,36,29,21,42,36,25,32,27,32,37,41,20,24,48,13,30,32,43,44,12,15,10,28,42,39,16,13,20,29,24,25,43,26,23,12,32,41,29,36,12,11,47,34,30,44,44,19,20,13,28,13,22,49,39,32,22,21,40,26,18,26,32
33,39,23,13,27,34,22,10,25,21,30,15,11,19,23,39,16,25,21,22,41,31,38,11,41,50,23,24,15,41,16,29,48,37,22,29,50,37,42,17,45,10,12,21,43,24,45,45,25,33,31,14,18,17,48,14,21,23,45,44,19,43,11,48,16,30,49,49,25,26,38,18,28,25,42,14,45,25,13,49,29,35,46,14,39,48,36,48,37,48,38,46,33,14,27,34,37,11,17,46,41,17,45,41,50,27,45,14,13,29,21,11,11,35,27,50,23,29,46,43,23,28,40,13,30,35,35,27,31,39,21,35,12,36,42,50,22,47,34,19,14,19,31,14,16,12,35,35,27,28,24,19,40,24,13,24,49,12,12,32,48,31,25,19,29,18,44,34,42,34,19,12,18,12,11,35,44,23,47,45,18,28,24,30,10,25,42,18,16,17,15,18,11,15,30,34,42,35,11,22,49,27,36,36,33,47,30,42,47,34,30,27,37,49,27,25,13,39,12,31,36,15,33,43,34,30,41,16,11,43,39,29,23,21,23,33,42,18,18,25,50,43,44,24,34,23,43,38,50,14,24,40,28,47,50,32,36,42,35,39,14,26,22,37,46,31,22,46,32,29,35,13,18,50,24,23,17,36,32,43,21,12,49,29,40,11,35,44,31,47,32,33,35,15,14,28,14,32,35,37,20,10,10,48,26,11,22,23,30,22,45,12,39,24,36,16,20,33,13,40,34,34,40,28,35,48,18,20,35,12,28,33,15,11,47,30,11,36,40,38,21,14,41,27,33,13,48,33,23,22,41,19,30,20,42,21,21,32,12,35,16,45,35,13,43,13,34,26,14,11,47,35,43,20,35,42,18,22,15,31,20,43,50,41,31,32,22,19,17,45,40,46,24,42,48,12,50,35,36,22,35,43,21,35,21,12,17,24,39,26,41,19,24,18,27,15,35,39,44,22,35,22,31,38,13,12,19,50,48,24,13,33,38,12,21,43,23,11,37,22,46,39,38,47,31,34,18,21,20,39,26,21,10,26,13,49,36,29,14,21,20,44,48,24,13,28,26,30,45,13,33,13,35,29,49,31,43,28,38,32,12,16,25,15,16,36,37,11,33,25,10,40,13,41,45,11,41,11,48,15,44,26,17,13,48,49,46,36,14,32,21,22,36,40,34,42,22,22,19,47,16,25,49,26,36,20,34,15,11,36,38,29,15,50,39,38,31,18,22,29,47,44,47,36,47,40,39,27,14,31,35,20,48,48,32,37,11,22,17,25,47,33,46,17,15,42,48,39,13,38,49,16,20,44,20,27,25,20,14,17,39,49,29,15,12,44,14,45,23,19,27,33,45,43,47,30,38,11,38,42
48,29,35,15,13,17,41,37,31,42,40,43,29,48,39,30,38,18,33,23,37,38,46,35,30,41,47,16,34,29,34,40,22,20,41,39,45,29,19,34,11,41,43,31,50,48,41,25,24,46,32,25,24,19,13,28,28,44,50,15,40,37,48,39,11,41,45,28,16,23,19,12,45,18,16,45,44,25,19,38,39,42,43,43,14,13,31,23,31,29,33,31,28,22,39,38,32,12,27,43,14,45,14,30,14,44,50,43,47,34,37,20,25,19,27,48,26,30,10,35,25,44,23,43,46,14,39,36,42,28,39,28,31,44,23,28,17,11,24,14,14,18,24,28,48,41,36,39,37,22,19,17,32,22,11,13,23,14,26,22,31,17,22,16,27,38,45,28,45,29,40,47,47,41,25,35,15,41,31,47,35,13,16,38,38,25,25,28,47,11,44,42,21,11,30,21,33,26,13,35,31,45,46,48,45,47,38,13,33,23,11,38,19,21,31,43,26,35,38,29,30,43,47,43,18,25,10,46,23,43,44,25,24,15,18,41,31,18,46,43,44,40,34,45,21,24,11,15,49,25,49,34,10,38,47,48,39,38,15,44,11,41,24,30,17,42,48,49,31,28,10,14,27,15,21,22,48,20,49,36,40,37,31,28,24,17,22,11,26,22,40,18,18,30,21,11,47,38,40,32,28,28,38,50,50,29,37,22,18,31,48,33,32,48,14,25,42,14,30,26,29,11,31,33,33,20,44,27,34,19,28,42,27,23,41,36,14,41,44,20,16,48,20,40,24,25,16,42,33,32,48,28,46,40,43,19,47,45,44,10,16,41,35,18,44,45,36,31,26,31,41,50,18,40,20,41,47,22,35,23,40,50,36,37,42,35,32,31,18,10,28,26,14,47,40,31,18,42,44,46,13,28,17,46,17,47,17,45,30,49,16,15,13,13,47,11,20,38,13,49,35,44,38,19,22,21,32,39,22,48,47,47,25,19,16,40,39,15,42,24,17,46,41,16,22,34,37,17,47,20,34,28,17,21,49,12,11,13,18,48,45,26,39,20,46,33,25,49,23,48,38,17,17,11,26,42,30,11,13,25,33,14,13,27,39,30,32,14,11,42,33,31,45,36,39,25,22,48,21,37,35,24,21,30,36,47,14,10,30,23,24,38,23,30,12,44,17,41,19,47,42,35,47,36,12,19,25,45,29,50,46,21,32,38,19,17,20,19,36,45,49,26,18,29,47,35,11,32,49,34,41,50,42,20,49,33,17,41,42,27,47,45,12,15,25,36,38,41,18,35,41,26,45,37,49,36,14,29,30,44,25,16,49,38,26,13,49,44,12,45,20,49,12,37,23,24,12,32,23,34
43,26,37,23,14,19,12,25,13,35,42,32,22,11,33,47,49,49,46,50,12,26,45,25,20,25,49,18,35,33,46,39,11,17,14,14,22,22,34,24,25,49,25,23,36,34,27,22,42,26,22,16,21,38,50,50,31,41,24,35,41,28,37,35,27,15,26,46,24,30,15,10,20,16,31,46,26,24,48,41,49,31,38,29,40,31,45,36,37,37,28,24,28,25,20,33,35,11,19,28,18,11,26,26,35,45,28,26,18,35,24,18,49,16,14,42,28,11,39,45,44,28,36,32,19,41,21,16,13,42,42,21,41,12,14,36,26,23,26,38,12,21,25,35,20,14,48,17,20,22,29,21,14,34,38,49,25,21,42,15,29,34,22,11,48,23,30,12,28,33,23,49,23,29,38,16,24,33,18,20,37,22,41,26,49,24,25,13,37,30,42,24,29,37,22,40,12,18,29,20,28,28,28,11,49,21,31,33,40,32,21,32,20,31,27,31,26,37,22,18,27,17,48,20,40,27,21,36,44,49,48,13,41,25,47,44,41,20,14,19,21,25,47,41,11,12,48,49,15,15,39,43,19,16,20,36,19,39,24,14,30,34,17,49,39,16,35,44,27,48,22,35,20,32,40,36,12,50,21,36,28,46,22,11,43,17,46,13,35,17,28,29,25,44,48,30,48,22,14,32,49,19,20,46,15,29,50,37,41,46,42,49,41,43,12,14,33,32,40,37,23,22,18,21,17,21,39,14,36,36,14,25,48,35,49,38,11,13,45,12,36,22,15,14,38,20,36,22,48,45,44,21,44,32,10,27,28,49,28,35,32,29,23,36,48,18,37,29,43,37,41,49,20,39,45,50,37,14,13,29,41,24,45,28,36,39,15,13,50,13,37,28,18,22,23,15,31,45,40,32,39,13,11,35,20,39,40,27,13,10,30,21,11,46,11,29,11,18,25,48,22,12,49,42,13,14,48,16,26,32,28,36,23,41,24,26,26,37,43,34,42,40,30,39,49,32,29,31,18,34,28,13,20,39,48,38,22,35,42,28,16,38,16,28,34,31,16,38,42,26,11,41,46,16,34,25,37,24,11,12,30,41,22,27,18,46,12,10,49,34,36,38,48,38,34,13,39,17,14,12,22,12,22,49,36,37,48,18,37,28,44,10,31,20,16,17,44,30,36,19,48,29,19,37,20,31,33,42,38,44,35,34,44,16,29,43,26,24,40,20,17,45,26,20,36,24,32,11,44,40,43,27,17,22,28,15,28,29,30,36,46,15,38,15,11,12,25,15,35,23,45,27,37,13,40,29,49,16,40,47,20,37,13,19,15,34,45,20,28,19,23,17,26,28,22,21,42,41,50,28
19,25,21,13,28,11,42,29,20,19,45,37,22,16,49,50,39,47,22,10,36,21,34,34,38,18,25,12,29,38,38,17,44,14,35,25,16,37,16,22,27,19,13,17,28,24,33,35,10,48,29,48,45,27,43,50,42,26,23,30,45,22,25,14,41,28,42,46,32,27,26,14,34,19,34,39,30,21,31,27,18,10,15,31,45,26,38,16,40,11,13,45,11,15,47,49,47,17,16,14,42,17,31,38,25,35,15,19,33,23,41,29,31,36,19,38,20,27,40,44,36,35,27,47,13,11,21,38,21,29,15,34,20,50,23,13,19,24,27,12,12,33,23,49,33,46,48,48,37,20,22,37,24,22,20,26,27,38,22,11,35,33,23,31,28,22,17,23,10,30,14,23,11,40,42,22,23,39,44,43,45,14,40,26,16,36,33,33,16,30,34,26,21,32,11,32,44,47,45,50,15,38,39,35,25,35,20,20,48,30,18,23,32,22,34,14,14,15,30,45,28,28,20,43,13,22,36,48,12,11,40,11,29,25,17,14,49,47,32,27,33,45,40,38,31,30,44,26,46,23,38,18,36,21,30,48,17,10,37,30,27,16,23,38,23,25,34,28,22,34,47,14,11,43,33,46,20,23,41,24,41,25,22,24,50,15,28,22,36,38,48,31,30,11,39,10,16,26,18,35,50,27,19,27,12,15,32,47,18,10,10,43,39,20,22,11,44,45,17,48,38,19,34,14,19,35,26,23,13,48,13,22,30,29,47,37,28,23,18,44,20,41,46,40,43,45,19,35,17,26,26,35,22,20,28,10,16,39,21,21,26,16,29,19,18,15,38,16,47,47,21,42,22,40,22,18,33,46,31,29,30,34,18,26,33,21,34,13,23,41,47,14,18,13,40,19,12,49,15,39,11,15,20,20,15,43,24,46,46,45,12,27,26,13,35,33,19,41,19,27,16,49,33,47,46,39,41,16,38,21,19,25,10,20,15,26,48,11,47,44,19,46,15,20,24,36,38,10,34,38,32,21,48,44,25,23,43,17,49,32,31,47,20,12,35,42,47,28,43,48,38,33,40,42,40,35,14,31,25,39,43,29,11,13,38,29,10,24,40,17,45,31,48,32,19,23,29,34,26,32,47,47,32,43,14,44,39,42,41,43,42,40,22,42,48,35,17,10,17,40,37,17,32,37,26,16,20,10,16,35,38,27,43,35,16,43,32,19,42,33,50,14,42,29,49,23,27,39,39,40,36,31,41,46,27,30,25,21,35,34,18,33,40,25,39,32,33,44,24,45,31,34,39,37,11,37,27,29,50,24,45,36,44,47,24,34,33,42,11,49,15,19,46,27,14,12,25,42,45,27
47,18,40,42,40,36,37,12,37,35,40,24,47,16,33,46,20,20,32,25,30,29,15,22,27,12,27,27,15,30,24,23,44,33,19,36,32,13,42,24,25,34,44,18,11,11,16,14,15,25,26,25,14,37,48,27,40,38,28,12,38,41,20,31,50,33,48,46,19,15,42,24,43,22,26,34,28,30,38,13,20,33,28,24,49,22,47,13,36,42,12,11,29,24,21,16,32,13,40,36,20,25,41,32,50,38,40,50,33,35,19,49,48,50,33,49,48,34,20,10,29,12,45,42,43,41,15,34,47,12,20,34,29,24,30,45,10,36,35,23,19,37,26,42,12,34,32,12,20,39,36,47,18,32,46,15,35,41,25,25,44,36,32,31,27,25,42,27,19,42,25,29,32,31,14,16,10,23,24,12,30,28,17,19,39,36,23,44,29,27,40,36,39,39,46,33,11,49,39,12,13,41,40,47,21,37,44,20,23,48,37,20,50,28,38,36,43,31,35,39,45,45,29,26,24,16,48,36,35,20,46,17,21,40,48,21,40,43,13,47,49,40,41,25,46,23,50,26,47,28,20,25,41,36,26,38,27,37,50,21,12,35,37,28,46,23,49,36,48,14,26,42,31,37,41,21,16,26,22,49,23,25,45,39,47,19,37,27,29,44,20,18,26,49,24,29,37,35,49,32,40,43,38,39,20,32,10,25,13,45,35,12,19,43,46,48,44,10,30,22,43,39,44,36,44,41,25,14,17,40,25,30,49,44,12,33,35,12,46,30,44,43,45,11,16,41,29,28,26,24,29,44,15,38,49,49,36,46,23,18,12,38,47,37,37,39,26,43,27,14,44,22,17,50,41,45,27,11,31,16,22,41,47,32,31,34,44,17,22,44,18,32,30,15,39,39,40,25,16,34,17,36,39,11,30,25,46,21,29,40,33,18,15,20,50,16,38,18,34,21,43,39,35,13,34,28,25,43,31,44,22,18,34,22,30,42,12,49,46,31,45,37,19,28,25,37,24,13,16,34,12,20,47,27,19,42,11,37,23,45,39,39,38,48,48,10,27,35,15,41,32,50,29,34,31,46,27,34,42,49,25,14,17,24,17,16,16,40,10,21,28,35,40,41,18,47,30,31,42,39,31,35,14,18,31,48,37,28,44,23,46,15,42,12,17,19,35,33,43,28,36,26,12,38,12,46,22,30,17,27,14,32,41,36,46,34,29,12,44,17,13,16,33,35,41,49,27,31,22,22,20,47,19,22,36,34,40,30,35,20,27,20,15,49,30,28,13,35,24,40,43,15,48,32,44,25,11,18,34,12,29,23,19,26,29,41,20,16,41,30,27,37,49,48,23,14,39,18,35,17
31,28,36,35,18,20,14,11,18,11,28,18,26,41,39,28,19,17,13,15,31,20,27,39,46,32,48,20,26,25,43,18,41,11,45,35,39,32,34,24,35,25,32,37,46,43,39,30,18,46,11,24,32,21,15,13,26,27,20,29,38,46,39,38,32,14,11,41,45,41,34,30,25,39,22,45,33,20,13,12,34,48,39,14,25,37,46,20,13,33,30,31,14,48,15,26,20,43,30,43,47,46,11,43,14,19,24,31,29,16,11,31,45,48,34,48,41,46,39,27,42,16,14,19,21,34,37,19,20,22,42,45,12,14,19,42,18,29,39,12,37,40,31,30,47,50,42,12,48,50,28,18,16,22,20,46,40,41,49,31,34,44,26,20,23,10,35,13,49,38,40,22,46,30,14,37,46,29,44,35,50,31,39,24,50,31,34,35,19,43,18,11,14,16,26,21,13,37,18,38,17,38,16,32,48,33,46,21,30,27,26,32,33,21,13,12,22,48,32,27,23,20,20,23,22,35,18,37,19,23,38,35,22,30,48,14,39,40,44,38,48,44,17,11,16,36,27,21,18,42,24,16,26,29,39,19,34,44,29,18,14,47,48,43,45,49,17,23,17,47,25,25,34,35,30,38,50,48,22,44,38,20,20,36,22,43,16,42,36,16,13,24,26,36,24,28,37,23,39,15,21,14,47,26,13,30,26,44,28,30,11,49,14,35,47,37,21,47,37,42,19,17,33,33,48,23,46,21,23,15,39,16,21,14,15,26,20,28,50,35,38,28,33,36,19,40,32,41,12,36,43,23,39,47,43,13,45,21,38,34,32,17,19,14,40,50,24,21,11,44,10,22,42,28,15,40,28,12,14,31,28,16,27,12,24,44,19,15,31,20,44,17,46,39,30,45,12,19,15,21,19,24,34,11,45,16,43,49,46,28,19,10,13,26,50,20,19,25,44,45,45,28,38,13,26,13,11,31,46,14,27,39,45,33,42,45,10,46,18,16,17,38,34,18,30,40,43,29,23,17,45,12,43,42,36,42,23,32,37,27,24,37,46,41,47,34,47,17,37,16,17,27,48,15,25,11,35,20,36,30,29,23,37,12,20,19,18,43,22,11,18,45,20,23,49,28,43,29,29,18,29,23,45,24,16,34,29,37,45,50,37,16,18,37,19,30,24,26,38,19,27,32,12,42,41,37,19,31,32,29,29,16,21,14,34,49,22,12,38,24,21,45,12,31,14,21,16,19,25,33,39,30,33,28,16,23,32,25,38,13,35,28,41,26,39,30,12,43,18,44,22,40,18,18,36,39,31,12,29,50,50,34,16,21,42,11,44,26,17,41,20,18,11,31,16,42,50,29,39,15
15,30,14,45,47,39,13,28,15,42,12,32,28,17,41,19,45,44,28,17,27,28,20,14,22,41,34,33,27,36,29,42,20,30,31,42,44,49,29,11,31,30,14,15,26,50,44,36,37,34,30,50,16,30,46,49,19,25,26,32,49,43,15,15,48,12,40,33,11,16,21,31,20,46,29,22,28,11,46,11,11,40,34,26,20,31,17,46,46,31,19,41,40,25,39,19,31,22,34,33,45,49,23,31,17,43,13,44,45,47,16,29,36,37,12,38,27,32,39,15,21,17,26,28,30,26,40,21,20,31,50,37,23,49,37,48,20,10,39,20,19,46,48,22,34,23,25,13,19,26,46,42,37,22,20,14,47,31,46,29,18,31,50,14,45,34,43,16,45,41,10,31,30,46,29,48,30,25,43,45,36,22,45,34,41,32,23,42,26,17,31,42,44,31,14,26,13,18,37,45,16,41,46,15,29,13,45,40,30,33,19,45,15,33,32,41,11,46,26,30,34,48,47,43,23,10,37,18,42,50,48,40,44,13,43,17,28,37,38,30,12,49,17,16,23,15,44,24,30,48,20,29,42,12,28,37,36,40,13,34,47,47,13,41,15,42,26,40,39,30,19,37,31,11,34,48,23,48,24,15,32,17,21,24,36,41,18,28,34,46,21,25,18,39,33,11,10,49,35,18,19,40,30,30,24,46,29,29,39,26,28,21,31,27,43,25,11,38,32,48,47,33,38,43,19,47,25,31,25,41,43,21,24,49,25,17,24,21,49,31,38,21,12,14,34,12,40,12,47,33,48,44,18,31,33,46,39,41,28,44,20,37,50,28,22,29,47,21,23,20,50,15,11,37,17,48,48,41,35,10,21,44,36,46,38,44,21,25,34,38,19,34,49,26,41,15,19,23,50,19,34,48,46,25,49,19,20,39,43,43,24,24,39,25,12,36,27,29,14,49,13,32,23,15,18,18,42,34,43,47,27,46,25,49,48,11,42,43,14,28,18,24,27,50,35,36,33,32,45,15,12,33,38,36,37,36,38,32,16,27,13,11,49,36,43,48,45,34,43,33,25,26,41,27,39,38,19,45,33,47,17,29,25,25,30,20,22,21,12,17,28,27,28,13,22,28,31,45,48,44,17,16,40,24,46,43,28,49,23,47,17,43,10,12,16,17,17,20,34,31,16,24,34,12,16,44,22,15,28,18,33,38,40,21,13,39,43,34,23,19,32,42,19,11,14,16,18,41,36,36,50,13,43,24,29,33,25,17,23,44,37,15,13,11,20,43,39,11,22,43,21,25,37,18,23,12,13,17,44,39,20,13,14,24,41,41,45,46,47,11,42,40,11,21,38,12,25,47,11,37
42,30,32,37,45,45,49,30,27,42,31,23,31,18,36,27,40,31,17,40,22,13,39,18,45,31,16,38,36,42,29,28,10,22,22,16,34,32,12,29,30,42,39,11,26,32,47,45,37,11,28,19,18,14,25,36,13,16,24,37,47,17,46,37,24,15,22,20,10,10,40,14,49,47,35,38,22,24,36,45,30,28,26,31,26,45,30,50,33,38,42,46,28,32,35,35,41,37,14,20,31,46,44,33,34,49,36,41,10,42,46,34,19,49,19,33,48,10,36,37,29,48,14,19,15,32,11,47,26,34,25,37,12,22,34,17,13,45,32,33,31,21,47,25,13,11,33,11,11,13,17,48,48,31,12,17,21,17,49,42,46,20,20,36,20,35,49,10,17,42,42,42,11,49,17,44,37,15,31,49,19,22,33,33,37,24,30,27,14,43,18,18,18,33,12,32,21,39,39,19,23,21,47,21,20,39,40,21,44,33,12,40,21,48,30,11,12,25,38,40,46,25,28,16,41,11,25,19,31,38,25,18,38,11,15,43,24,34,18,15,16,31,17,42,31,17,27,25,42,31,23,13,21,24,32,28,38,21,19,25,38,11,45,39,10,41,44,49,11,14,13,50,38,47,46,27,49,43,32,20,14,26,48,25,50,24,27,45,13,39,39,22,40,42,13,30,41,47,23,11,46,27,49,24,47,43,18,46,36,39,26,10,38,25,43,28,46,36,39,13,12,21,18,19,34,32,50,15,50,48,19,44,41,26,46,36,46,21,10,42,33,22,11,41,15,34,29,35,42,14,33,35,12,12,46,21,31,48,40,36,21,28,46,31,40,14,28,37,35,19,30,17,42,43,11,18,47,37,26,47,26,18,31,44,45,48,48,23,28,33,17,28,14,47,30,44,25,45,10,23,41,36,25,28,36,28,38,26,19,38,30,43,19,23,39,16,41,21,48,10,25,23,19,22,15,49,22,25,16,34,40,25,12,10,15,12,44,17,16,11,31,41,43,22,45,25,15,34,40,13,21,13,24,26,21,24,19,27,43,17,38,22,35,33,19,46,29,39,45,37,41,17,25,21,32,25,13,18,33,12,46,24,21,36,36,37,11,45,23,16,45,12,25,38,19,36,17,38,26,18,31,29,15,36,46,38,16,33,47,40,35,25,14,28,19,33,32,12,40,39,39,43,21,14,50,46,34,23,21,11,14,33,27,45,43,24,41,40,22,37,11,29,23,17,38,16,15,32,49,22,13,29,23,11,13,37,18,35,20,36,41,22,43,32,47,23,32,21,25,14,48,36,23,31,29,42,13,10,40,22,25,47,44,31,42,39,29,42,29,32,23,23,14,37,18,21,36,12,22,26
15,14,31,35,15,38,13,27,29,20,12,42,48,43,41,43,24,35,42,19,24,37,33,26,26,34,45,16,47,43,32,31,14,47,47,39,18,36,14,33,37,43,42,22,17,37,39,26,27,43,44,46,45,27,49,45,45,12,32,46,21,16,29,37,35,36,25,39,11,38,47,13,50,33,16,49,24,18,23,33,22,27,11,34,24,35,32,33,15,28,41,24,30,11,13,10,38,39,40,24,27,28,11,14,32,15,44,47,25,41,49,24,19,29,43,21,42,40,38,30,17,23,38,37,49,14,35,24,22,38,25,47,22,29,48,11,14,15,14,37,40,31,43,29,38,38,28,36,17,32,27,25,10,42,37,48,45,15,28,19,26,28,22,39,50,50,20,30,39,16,12,48,36,24,28,14,32,45,26,18,31,13,31,27,46,19,10,47,41,18,27,12,40,32,16,39,39,29,16,29,31,49,48,20,12,45,48,23,36,25,14,13,20,14,36,25,24,16,44,26,31,17,12,20,46,31,43,45,19,14,19,24,46,35,41,18,46,30,11,42,40,35,26,33,27,27,22,39,28,49,27,44,13,39,37,46,36,27,27,34,50,41,13,49,18,34,43,29,11,33,11,48,38,48,14,42,46,42,26,19,43,24,18,29,50,49,47,40,14,29,12,46,16,37,18,38,41,19,26,28,35,30,32,38,11,49,35,46,14,16,20,41,39,34,22,16,12,12,30,21,40,40,27,24,29,34,28,22,49,12,41,41,38,29,18,38,14,36,38,45,29,33,40,37,36,14,39,49,21,31,43,28,15,36,46,29,24,11,43,11,31,48,11,39,27,35,47,49,19,15,40,19,30,41,38,16,50,12,44,39,14,43,26,31,15,23,30,11,33,23,41,36,50,44,24,40,35,49,31,42,42,28,16,15,41,49,50,48,34,37,10,21,45,33,14,38,20,17,48,14,44,30,47,12,41,48,25,22,37,18,25,40,30,21,43,50,30,33,18,23,19,40,48,45,40,46,36,42,42,19,36,29,31,19,21,25,44,18,10,12,15,44,13,16,45,27,14,39,41,25,33,32,47,29,49,18,36,33,47,40,27,42,37,41,14,11,14,49,19,32,22,29,39,28,28,35,17,45,46,27,16,15,44,29,20,12,46,14,15,24,20,21,19,11,24,35,41,31,34,25,50,33,18,29,36,28,27,34,23,27,17,49,36,46,48,35,21,32,19,21,27,37,22,35,33,13,49,25,43,46,13,39,45,33,26,49,31,26,46,13,14,33,22,19,48,19,24,11,32,46,40,45,32,23,39,24,27,17,45,47,14,30,23,14,23,12,16,14,22,30,37,33,49,35,19,43,16,26,14,28
22,22,33,19,17,50,33,25,27,38,49,29,26,29,13,12,23,48,30,20,23,13,41,11,16,36,22,18,19,28,20,15,40,27,25,31,24,21,28,32,31,41,39,32,26,42,24,25,29,23,49,30,41,28,41,39,17,31,48,36,46,48,46,46,18,11,18,18,31,12,31,25,27,24,29,33,22,36,35,28,42,40,12,17,12,32,29,31,16,40,11,25,15,21,19,19,32,47,12,39,24,30,12,49,26,14,23,33,22,17,22,19,24,39,26,14,30,18,37,42,43,31,34,37,35,33,16,16,32,27,48,12,24,21,17,21,43,13,35,12,48,26,31,36,44,25,29,27,48,26,11,25,43,45,41,30,39,10,42,18,30,30,29,17,45,27,16,10,34,31,45,13,29,37,37,13,21,41,27,19,44,20,50,19,29,39,21,19,32,48,41,48,38,45,43,25,43,46,14,27,16,40,23,45,37,16,42,44,18,17,39,37,50,42,48,29,47,44,43,46,47,18,12,50,24,27,39,30,40,31,38,21,19,47,44,43,14,22,28,13,13,15,30,45,17,33,47,30,21,26,10,26,50,44,39,26,25,35,22,38,47,13,28,20,20,46,25,47,35,23,22,36,26,39,42,25,19,33,18,46,19,49,40,23,40,15,15,47,12,11,38,28,11,37,30,10,17,32,15,37,15,24,20,16,21,29,48,26,11,30,33,26,14,28,26,47,30,20,30,18,18,26,33,39,26,16,34,23,13,47,46,21,48,49,38,36,43,25,24,44,45,16,18,37,23,26,27,23,41,30,33,48,21,48,28,13,25,42,19,18,42,11,10,43,13,35,46,31,21,12,10,49,35,41,36,25,33,41,38,37,21,43,20,23,23,49,27,24,19,20,46,15,23,38,16,26,15,25,39,16,31,34,34,11,11,13,21,43,43,49,33,26,48,23,24,45,27,48,26,35,22,31,14,26,45,41,45,18,20,49,21,33,28,22,45,31,30,32,11,40,21,20,24,43,10,45,44,42,39,25,24,33,21,32,43,25,14,48,25,37,18,12,34,38,12,44,28,44,33,27,43,22,49,33,42,28,47,21,36,22,20,49,15,35,20,24,17,25,47,26,29,42,14,23,32,23,41,41,21,24,25,16,23,36,45,15,44,18,37,45,42,29,14,31,28,40,41,48,19,45,14,16,49,19,40,37,47,13,41,33,13,47,47,31,13,42,25,19,42,21,10,20,50,18,28,47,44,26,11,14,38,37,13,31,17,49,21,14,31,18,10,15,12,31,41,26,25,44,22,48,20,18,30,22,41,13,25,25,49,18,33,28,34,12,46,24,38,38,14,36,45,38,13,31,13,30,42,24,20,32
