The number of jobs:
600

The number of machines:
30

The power of each machine at differnt speed levers:
(where rows denote machines: 1 to 30 and columns denote speed levels: v1 to v4)


14,29,38,45
15,20,25,35
11,17,38,45
17,29,38,45
6,29,37,45
12,16,34,43
5,22,34,43
15,28,37,45
20,26,33,44
8,14,37,45
15,23,38,45
11,26,34,45
12,20,38,45
13,27,34,44
19,26,34,45
9,30,37,45
15,29,37,45
5,14,20,26
9,25,35,43
10,15,32,39
16,29,38,45
6,15,36,43
13,27,37,45
9,18,29,40
7,25,32,39
18,28,38,45
10,16,25,45
9,19,24,34
9,30,38,45
16,30,37,45

The basic processing time of jobs processed on different machines:
(where rows denote machines: 1 to 30 and columns denote jobs: 1 to 600)
49,32,16,14,36,17,17,17,23,13,27,10,21,36,21,32,23,19,20,22,48,18,21,26,38,45,14,34,49,40,18,13,41,47,10,48,44,26,41,19,26,34,38,26,27,48,45,14,23,21,35,24,24,38,22,17,34,39,31,16,22,40,38,43,45,13,26,40,45,29,30,21,26,42,48,28,28,25,17,44,14,32,35,32,39,50,50,22,22,18,11,17,38,42,30,50,46,33,27,37,20,20,21,22,16,42,34,10,27,37,44,38,44,44,14,16,14,28,28,10,10,39,48,50,11,12,36,46,38,42,42,16,48,22,13,31,34,30,32,38,50,48,14,15,27,31,32,39,15,16,18,30,36,42,42,10,40,34,17,20,15,20,19,23,18,44,25,24,15,29,17,34,18,41,27,28,29,45,28,38,29,28,14,26,16,36,31,41,34,40,12,46,48,27,12,38,42,13,46,45,48,31,36,25,19,24,11,50,42,37,32,19,10,45,29,17,25,32,28,25,49,49,34,11,34,41,11,35,26,10,40,28,20,10,36,14,18,49,37,34,32,10,27,34,31,45,13,21,40,21,29,44,37,41,40,45,48,42,35,46,14,28,32,27,31,30,43,35,43,42,29,20,19,12,32,23,18,48,21,16,35,38,11,33,47,44,38,17,49,24,17,19,17,25,17,34,40,42,15,23,27,49,28,25,34,24,27,24,28,29,25,14,40,24,32,34,46,11,13,26,35,46,34,50,28,17,19,44,17,35,24,43,31,30,19,19,50,14,31,32,17,40,23,30,21,16,28,20,29,41,14,36,31,42,30,35,11,25,34,20,37,27,38,15,18,44,45,20,35,29,46,26,21,23,24,31,44,10,41,38,25,49,32,24,33,19,18,27,30,42,19,18,26,36,19,37,32,35,40,30,29,16,26,49,47,20,10,39,14,16,22,13,42,47,44,16,44,40,36,47,12,29,25,45,24,41,12,15,27,15,14,35,50,44,18,19,44,21,34,31,17,49,35,37,31,38,27,21,39,22,29,23,11,46,13,19,33,32,24,28,42,38,17,40,23,43,42,41,50,44,28,42,19,46,33,39,37,17,48,49,41,18,21,41,34,47,19,16,43,40,36,16,37,15,23,47,42,14,50,34,41,40,15,45,16,42,31,14,10,45,21,39,43,18,42,30,29,44,43,33,17,47,48,44,16,31,31,26,42,17,13,19,34,34,39,36,40,15,25,44,41,14,25,44,27,47,31,19,41,23,32,16,23,39,22,22,20,24,12,24,46,12,46,39,49,28,24,30,49,15,43,34,20,16,42,42,31,26,45,47,42,23,50,45,42,46,14,35,20,18,41,44,47,31,14,21,23,17,39,22
11,26,41,18,40,24,40,30,18,30,48,21,23,44,38,15,40,45,13,24,13,43,35,37,34,44,36,17,33,44,29,41,30,33,31,49,22,22,39,39,14,32,13,18,40,44,15,40,40,41,35,50,24,29,27,25,36,20,44,11,49,25,22,32,25,26,29,13,22,30,30,27,43,34,38,40,20,22,50,49,21,22,18,12,29,39,21,12,29,16,41,18,40,15,27,15,40,15,29,38,28,42,23,43,23,25,40,34,31,33,47,22,19,21,30,40,43,48,11,12,21,20,38,26,17,34,39,35,25,14,28,19,45,32,39,43,47,37,35,39,46,17,41,18,19,27,45,18,25,22,48,46,29,15,37,42,20,43,23,10,45,43,28,39,24,15,34,46,37,44,44,31,30,27,29,43,10,23,30,16,21,20,35,40,42,22,11,13,46,23,23,44,48,46,18,31,40,42,17,20,45,33,10,33,24,44,18,27,36,26,16,38,36,15,38,41,29,47,37,29,30,42,23,26,26,32,37,44,43,50,30,30,13,23,32,23,27,41,34,13,12,10,42,34,47,35,11,22,15,40,17,31,49,22,27,11,30,17,20,41,33,50,38,24,39,11,39,43,24,49,41,32,39,49,24,36,46,26,15,17,15,11,49,49,14,23,28,21,19,22,38,14,10,43,46,16,40,41,29,19,47,40,43,28,47,49,24,43,39,29,26,14,28,12,10,11,21,37,37,49,30,15,27,38,24,36,19,48,23,24,26,19,29,40,20,14,19,39,40,31,48,15,18,41,26,42,49,42,34,47,14,34,21,32,12,40,32,18,48,42,27,50,30,37,28,19,17,40,47,24,45,45,29,12,45,50,30,11,42,43,28,44,37,23,48,17,20,26,12,14,42,47,24,43,12,22,43,44,22,37,16,42,18,27,37,44,41,41,11,12,13,27,21,47,41,24,14,19,11,49,34,39,36,46,37,48,29,21,13,17,42,18,14,17,23,30,38,14,15,24,45,37,36,10,49,45,30,50,13,42,38,37,37,21,28,42,40,40,34,38,28,11,23,38,44,14,44,26,24,28,23,28,48,38,29,43,31,41,14,49,47,17,18,24,23,25,11,27,25,41,18,20,13,32,30,22,26,17,42,32,11,21,29,42,23,24,23,36,20,43,45,12,38,29,15,26,47,22,25,36,35,17,24,19,49,45,17,24,44,40,49,33,41,20,49,28,10,30,25,40,16,25,34,25,32,41,12,32,18,25,40,17,11,25,24,27,45,46,24,39,25,46,35,13,12,18,26,11,12,16,33,49,49,22,41,18,45,26,14,13,21,47,25,22,38,36,47,44,47,41,28,28,25,19,31,36,21,11,48,14
43,14,29,36,36,42,24,48,29,31,12,12,17,29,32,48,32,46,20,19,48,36,14,23,35,50,18,38,45,17,34,34,46,37,12,14,42,19,45,22,15,41,27,18,16,15,18,11,34,40,39,33,31,11,14,48,18,38,34,37,17,47,18,40,43,16,19,26,19,39,34,26,21,36,34,43,25,28,46,43,39,49,32,43,39,49,31,17,33,21,35,27,20,47,26,30,38,38,49,12,20,36,37,43,47,38,31,43,17,34,17,42,25,48,32,41,17,16,16,30,29,31,12,20,31,23,21,46,29,14,45,36,28,14,22,25,29,42,41,44,19,33,20,20,47,18,25,35,29,28,17,21,32,27,36,38,48,32,21,26,46,15,30,19,35,30,28,46,46,34,36,45,48,44,14,29,20,40,19,17,47,25,34,11,16,40,37,42,15,44,43,25,10,36,21,14,27,22,17,39,18,11,45,38,34,13,20,34,15,23,21,47,37,23,18,23,18,30,34,27,31,29,34,38,21,33,24,45,24,16,41,32,38,40,18,45,32,30,22,27,24,24,25,31,23,11,43,14,34,28,25,40,38,21,15,35,25,40,42,16,19,39,15,17,43,34,40,34,16,49,41,45,27,32,20,42,36,26,36,19,15,42,16,26,14,40,17,49,24,38,18,40,19,18,40,49,14,46,26,42,32,21,14,45,32,30,25,12,29,24,36,49,45,14,47,19,16,25,16,24,42,25,11,30,36,12,46,20,35,46,41,40,24,17,21,35,48,19,12,15,36,44,15,27,33,36,30,20,20,27,44,28,18,28,31,22,30,27,41,11,30,29,36,43,23,41,37,23,38,30,21,20,12,33,15,16,19,26,27,33,16,41,37,30,30,12,41,48,49,13,38,40,32,11,42,44,23,25,24,45,13,29,19,24,35,43,39,19,29,48,41,30,49,19,49,11,49,29,34,28,32,31,23,12,11,30,24,42,36,46,45,12,48,11,22,46,20,46,46,16,18,23,48,32,27,40,18,43,27,42,19,21,46,35,12,12,33,30,37,29,46,12,42,46,40,30,34,23,42,36,49,46,23,12,39,39,46,46,24,30,26,32,40,48,20,25,41,37,33,24,25,25,36,38,24,32,42,18,19,23,15,16,15,19,38,37,21,10,42,45,39,42,10,23,38,23,17,35,24,10,26,16,29,48,22,40,14,21,12,40,35,44,30,12,33,37,31,23,37,48,37,44,25,39,23,48,26,26,35,15,38,50,26,14,25,34,23,19,42,48,36,45,44,24,17,10,39,20,31,29,47,29,20,21,44,17,35,18,25,21,33,42,32,40,45,47,36,31,36,16,24,28,28,19,19,28,37,40,10,37
24,47,35,19,23,31,29,19,31,15,49,48,43,45,34,47,36,16,17,17,14,11,19,31,44,43,30,47,20,16,29,34,42,27,20,18,24,11,27,50,48,49,21,40,20,28,48,38,29,39,37,32,33,41,26,11,23,28,36,28,35,49,24,33,26,13,28,11,26,48,43,49,45,44,42,36,28,37,34,18,41,13,22,20,47,21,30,48,43,27,25,24,26,21,21,24,25,34,46,15,13,47,38,43,21,15,41,37,18,42,28,42,12,27,28,50,41,11,35,49,41,15,41,33,19,34,23,32,21,40,28,32,19,23,20,15,21,41,21,36,31,33,14,36,16,14,44,50,36,37,34,31,28,35,16,17,43,40,26,33,12,17,12,10,21,14,32,44,13,13,41,37,14,12,50,33,15,45,11,13,32,13,16,49,41,24,46,28,32,28,41,44,20,49,27,43,38,35,40,34,37,17,18,13,38,21,33,19,16,30,16,26,23,41,10,43,41,39,49,38,22,26,17,13,29,27,23,39,12,48,35,47,40,22,25,41,49,14,30,27,36,21,40,45,13,45,16,45,18,28,46,48,10,35,43,33,45,37,12,46,35,32,37,26,12,28,22,17,21,43,30,41,19,26,31,36,24,42,24,32,10,20,30,28,19,39,45,49,45,33,43,44,33,41,38,43,29,31,19,47,40,21,17,11,40,20,42,13,23,24,12,31,31,19,34,11,15,40,11,25,38,44,40,13,32,34,34,17,26,29,20,37,44,47,33,28,14,20,47,43,48,40,28,47,15,35,31,30,17,34,32,41,24,50,17,44,37,27,24,42,42,42,29,32,48,10,19,22,10,23,47,17,45,43,10,42,49,34,33,47,42,26,35,11,45,20,40,27,30,42,22,24,38,46,15,20,44,46,11,18,47,35,11,41,33,21,41,47,27,39,35,48,36,45,42,47,41,11,33,14,27,43,29,36,50,18,49,34,16,28,21,29,31,35,13,34,27,34,11,40,36,28,18,41,18,27,50,23,42,22,36,30,44,35,35,42,23,47,10,43,47,22,17,13,13,17,49,18,18,47,31,38,18,31,45,40,34,45,45,32,49,14,20,27,30,46,24,37,33,50,24,19,14,11,16,33,17,25,14,18,19,49,33,30,28,49,40,44,26,31,25,28,18,19,48,43,43,18,29,13,13,19,32,23,29,44,40,30,47,22,37,31,23,35,43,20,21,32,46,36,27,33,10,42,18,13,28,23,42,29,46,34,22,11,24,21,15,33,22,42,26,16,28,17,31,34,12,24,24,39,34,50,45,43,34,40,15,27,47,27,50,36,35,46,45,30,47,34,35,38,40,33,46,39,10,36,40,13,32,36
13,46,36,35,20,16,46,27,46,21,10,21,16,41,26,31,32,29,34,30,33,39,30,22,12,27,39,48,34,30,19,19,23,39,29,31,26,32,46,38,37,22,33,35,13,31,35,22,25,33,34,29,13,26,38,32,39,46,39,27,27,38,15,33,36,14,12,49,46,23,45,20,15,35,12,44,36,12,44,27,29,28,44,28,35,25,38,14,12,30,48,31,44,29,44,40,15,25,42,46,28,47,41,15,35,34,33,16,36,36,40,20,21,32,35,38,26,40,15,30,41,13,36,23,28,27,22,33,49,37,31,26,30,22,49,27,22,47,16,29,46,21,42,23,12,40,13,49,25,50,11,14,14,36,38,35,34,13,36,33,14,25,16,33,25,42,31,47,33,28,40,35,28,25,26,27,35,22,20,43,49,50,21,21,45,16,32,40,44,39,18,32,17,22,26,48,37,41,33,42,49,42,33,48,12,26,29,36,46,37,38,19,44,30,34,20,21,29,36,48,46,18,22,46,28,36,19,49,30,26,13,21,24,41,32,11,37,30,38,12,48,11,29,42,42,14,47,42,19,41,14,20,36,24,14,29,20,25,49,29,28,38,11,38,13,36,12,45,24,23,14,12,28,40,21,20,35,13,23,11,35,15,22,39,49,22,14,40,15,43,37,39,22,14,26,41,14,48,23,37,21,13,38,37,23,37,43,10,20,29,42,25,19,47,48,23,35,28,21,31,49,27,17,43,29,24,23,26,38,36,13,13,32,46,23,15,46,10,21,29,43,49,18,44,12,11,20,13,41,40,29,48,13,18,36,19,46,42,35,47,20,24,35,27,11,47,45,28,46,29,46,39,15,44,27,22,18,22,10,39,43,16,35,46,35,16,29,46,33,35,42,25,16,13,14,48,17,44,19,45,46,31,30,44,41,48,24,15,50,12,50,14,20,35,21,37,30,11,21,33,19,12,38,25,40,43,29,22,28,32,20,39,42,19,18,31,36,46,21,38,31,24,16,48,33,45,19,50,30,34,35,12,16,31,13,26,25,48,38,49,29,33,22,31,43,42,11,22,31,36,33,15,15,42,40,46,43,36,20,25,10,38,36,30,20,14,37,39,24,18,30,31,26,47,34,21,34,17,40,44,31,13,17,35,40,22,17,31,40,36,23,24,42,36,42,21,22,11,24,26,20,27,50,21,38,49,12,12,42,24,22,14,38,25,11,12,44,38,41,22,27,12,18,27,29,34,17,13,39,14,14,16,19,47,29,18,21,25,25,14,39,25,30,40,47,31,32,21,10,11,28,40,37,16,30,33,25,31,32,30,29,49,40,46,49,16,24,31,17,14,29,49,16,17,27,44,36,22,42,43
44,40,45,33,35,30,41,26,50,23,14,43,44,10,21,36,12,32,19,37,21,22,33,30,37,24,31,29,19,32,49,26,35,34,23,48,43,17,26,23,31,48,31,42,46,34,41,25,36,49,30,29,37,27,24,18,19,38,44,13,49,30,26,13,18,33,26,48,25,47,33,46,12,19,18,47,48,23,39,18,11,46,30,21,23,32,13,28,37,15,28,24,16,21,43,22,42,32,49,10,33,39,23,14,48,16,35,44,32,46,46,19,19,43,18,35,33,32,18,31,46,30,46,28,28,39,48,38,44,34,37,41,39,15,39,44,34,37,38,43,43,39,50,27,33,29,28,30,33,15,42,36,31,33,13,28,42,34,39,29,41,49,36,48,12,25,37,38,29,31,19,13,15,27,42,10,30,27,47,13,20,32,22,41,37,32,44,17,46,32,40,41,49,15,45,17,27,12,25,49,29,20,17,47,11,26,39,41,28,49,29,41,43,22,18,42,41,29,26,24,23,28,24,23,49,34,25,34,34,19,20,29,22,23,39,25,31,46,49,16,42,41,33,14,26,18,48,44,18,38,20,31,13,18,20,41,42,32,24,45,15,27,45,14,42,45,44,11,34,11,49,29,14,49,35,28,39,50,11,38,15,39,46,13,40,35,22,12,25,18,18,19,23,20,45,32,10,35,30,20,26,19,23,39,36,35,40,28,37,38,50,35,49,28,18,42,45,46,34,27,13,38,14,40,13,50,49,18,30,33,11,25,17,44,45,18,47,47,32,23,17,28,24,15,47,31,22,22,35,23,24,18,32,42,33,20,38,12,34,32,40,48,22,40,27,20,13,19,18,11,29,49,14,33,25,35,45,33,15,25,11,26,38,42,31,41,45,37,29,45,34,32,15,44,36,35,48,15,40,17,29,24,36,33,45,40,16,46,37,42,25,16,21,34,47,33,34,32,21,39,17,25,22,48,48,12,15,12,20,22,37,13,20,45,47,49,24,32,16,44,41,39,19,43,23,45,15,26,45,42,44,30,39,15,25,27,39,45,35,21,25,42,48,29,44,30,45,29,32,42,42,26,42,24,11,50,45,15,28,40,12,39,41,24,46,18,47,41,22,11,17,46,33,35,15,37,45,45,33,41,30,16,32,27,44,19,20,14,42,19,46,33,16,16,14,38,47,23,40,27,42,21,23,40,24,42,11,28,42,14,40,36,21,50,33,27,40,37,46,18,47,47,39,43,35,29,29,47,47,50,40,37,34,21,45,35,43,37,13,45,25,11,31,23,47,35,30,27,15,39,35,29,23,49,47,15,26,12,15,38,26,13,50,35,14,40,42,24,31,22,44,22,16,36,13,37,41,47,46,21
45,24,23,36,14,40,43,47,13,47,34,22,25,43,48,24,26,43,32,50,33,31,27,27,45,19,47,36,23,24,15,49,25,37,42,46,42,28,46,29,41,39,24,33,17,33,19,47,49,44,44,18,47,48,43,26,41,38,41,13,38,40,15,33,43,43,10,23,12,24,32,25,30,22,25,11,42,34,32,13,20,38,13,13,18,37,25,25,29,36,33,23,38,37,25,15,14,43,39,21,46,11,23,10,25,26,36,34,38,41,15,43,12,43,28,29,48,33,33,28,10,15,13,42,45,19,37,24,22,18,42,25,13,26,26,26,41,30,29,24,28,21,14,17,31,27,13,15,38,10,26,23,42,14,42,27,42,25,27,44,49,27,27,37,20,36,37,29,46,36,44,22,25,36,39,25,16,12,23,45,30,44,21,42,15,23,22,28,17,28,24,31,37,41,45,44,15,38,31,12,38,23,45,12,19,16,40,44,47,11,32,15,26,49,28,38,48,22,47,29,11,13,39,45,43,49,46,46,44,22,11,45,40,16,29,12,35,15,12,35,13,23,30,50,17,19,47,30,26,48,16,38,16,19,38,35,18,18,32,32,41,14,30,36,38,20,44,12,38,34,16,41,46,37,49,33,32,44,45,21,46,35,13,13,41,27,15,48,34,23,20,22,20,23,14,14,37,42,31,12,26,10,44,21,22,50,20,30,31,19,35,31,34,20,48,25,27,34,47,34,19,31,38,44,39,31,12,25,16,10,37,29,26,44,19,45,50,36,12,10,41,23,39,45,31,44,34,18,36,45,13,26,48,22,34,19,47,13,16,30,26,50,40,11,49,39,12,47,14,46,29,25,43,27,38,46,35,43,45,48,23,17,32,44,16,22,11,24,26,20,47,14,36,12,31,24,29,19,18,23,20,17,23,45,17,33,14,10,26,28,22,29,15,35,44,46,15,34,46,40,46,23,11,50,36,16,33,18,26,42,42,27,21,11,36,12,11,17,42,41,27,42,50,18,35,45,38,45,37,37,16,43,19,44,20,43,14,40,48,24,47,12,47,36,16,47,35,14,38,40,32,31,47,35,46,35,27,47,25,30,12,29,13,50,25,41,12,29,36,45,27,29,17,21,30,45,24,50,19,29,40,33,22,19,24,39,38,47,30,13,15,21,12,29,29,46,45,41,19,31,16,44,44,29,19,22,26,21,15,27,21,33,25,36,28,43,50,31,13,43,45,15,13,16,24,48,44,39,46,30,44,20,48,43,15,28,25,45,17,46,19,37,46,50,44,39,50,35,43,26,33,15,37,43,21,47,33,19,41,50,10,23,35,32,33,39,14,21,16,42,19,33,32,43,19,19,10,13,35,15
47,48,18,37,11,47,24,31,38,31,27,16,25,40,13,28,48,32,38,43,22,36,15,32,15,21,17,29,32,24,16,12,17,24,10,13,45,39,11,31,36,45,21,26,25,15,39,27,33,11,47,38,36,18,34,16,16,49,27,32,29,24,14,20,29,16,47,39,27,38,24,21,23,37,45,30,31,39,21,16,45,29,41,36,50,47,41,47,21,12,44,40,40,27,29,21,14,21,48,39,25,31,41,24,18,43,27,11,31,17,34,35,23,49,37,13,48,17,18,17,42,37,44,10,44,44,16,13,16,22,23,39,10,15,41,39,18,24,33,45,18,48,36,39,23,30,32,28,13,23,37,46,25,30,38,26,34,37,44,43,31,30,10,19,46,48,47,41,33,24,14,38,11,12,18,49,43,27,28,29,32,32,27,27,18,23,47,18,19,50,49,27,29,50,33,44,33,12,35,13,42,22,48,20,39,27,23,27,41,44,19,32,39,39,19,23,23,35,41,27,38,21,32,10,18,45,24,15,41,12,12,19,27,30,32,26,49,23,40,33,47,31,35,45,28,36,27,39,31,18,33,14,29,49,34,26,27,26,40,16,49,37,23,24,40,28,38,18,27,13,28,17,19,50,49,17,11,26,43,12,37,23,33,31,50,31,32,21,49,35,18,18,22,29,43,35,23,38,47,21,49,32,36,43,25,32,28,15,27,47,29,19,49,24,43,33,16,44,31,35,13,17,48,34,45,22,25,34,48,11,30,38,43,33,25,19,40,49,27,25,22,37,36,25,36,44,39,25,35,19,33,36,49,15,14,44,44,15,29,46,40,12,18,19,42,25,49,14,18,23,24,24,27,40,12,43,20,15,28,34,31,31,16,34,42,44,49,23,44,49,16,35,42,22,39,47,48,15,23,15,41,44,27,30,23,13,21,39,16,11,27,34,11,24,22,28,49,46,43,19,20,48,20,25,19,28,43,35,32,17,35,21,20,17,18,41,29,16,44,46,14,46,48,24,43,21,39,50,17,28,35,36,30,29,43,25,20,44,19,50,32,11,48,49,12,44,16,38,40,14,37,50,10,39,39,13,39,26,14,11,46,31,41,12,40,23,40,13,11,27,44,11,49,35,17,17,21,35,32,15,47,27,16,35,16,35,28,20,22,50,19,40,33,30,48,21,40,17,43,23,22,40,30,29,25,25,26,33,19,32,41,19,37,42,13,40,30,14,13,39,45,27,31,47,14,38,40,25,33,11,44,32,46,35,19,49,47,45,32,28,33,16,31,15,27,45,29,10,19,12,11,11,43,11,20,43,47,18,48,14,16,31,45,30,15,31,15,29,47,32,37,44,28,26,43,39,34,12,33,50
23,39,44,19,36,19,37,28,39,37,17,27,29,20,38,22,30,27,35,43,19,23,40,14,48,15,36,43,30,12,23,27,42,19,39,17,42,21,29,38,33,29,31,35,44,39,29,43,42,41,11,47,42,49,21,26,49,19,24,27,42,18,24,47,31,41,20,36,12,26,14,47,33,35,45,49,39,26,28,12,46,46,50,22,11,21,28,24,30,19,14,24,38,43,10,46,27,38,11,34,19,32,22,23,29,10,24,12,28,47,33,39,37,39,38,30,19,39,18,40,41,39,16,23,28,47,30,20,34,48,44,16,15,24,31,43,28,39,24,24,32,46,10,11,29,43,35,15,48,50,28,18,43,38,23,23,24,46,39,19,48,19,22,14,20,31,40,36,36,24,24,34,24,35,22,36,42,27,28,16,13,31,30,13,10,35,50,12,14,25,46,46,11,28,31,23,41,30,39,33,14,42,34,26,49,24,23,50,27,19,46,48,31,11,15,40,25,27,44,12,38,22,41,30,39,20,23,49,15,19,28,32,24,47,30,32,22,48,38,17,27,30,19,50,26,28,26,38,31,28,47,13,41,50,31,13,23,44,29,25,49,37,38,31,18,29,50,27,26,32,44,28,35,46,47,22,31,42,26,37,25,18,44,49,16,43,43,30,17,28,37,38,28,40,29,11,35,46,15,41,37,29,37,32,26,22,21,46,16,19,19,30,50,37,40,22,30,23,31,47,21,41,25,16,12,38,28,14,47,26,40,50,20,46,33,18,13,26,48,20,12,36,12,49,20,43,37,49,46,19,16,24,34,45,19,31,26,49,25,39,24,10,44,36,38,50,11,39,44,22,28,47,44,39,41,22,22,19,25,24,18,26,42,41,35,36,19,17,38,28,11,10,40,27,27,48,33,12,35,30,16,24,35,12,12,32,21,28,48,31,31,29,15,22,46,15,12,27,18,29,28,15,37,43,32,25,44,20,44,27,25,12,27,35,19,15,18,11,46,11,35,21,29,18,30,27,29,12,38,11,33,31,41,31,42,35,49,15,12,13,17,32,21,30,44,40,45,24,12,48,15,18,11,28,15,14,26,36,13,47,47,10,50,26,28,46,24,14,17,24,31,48,26,50,26,16,46,20,18,41,36,44,47,23,11,27,16,15,12,46,16,17,37,23,50,37,37,40,39,48,43,27,29,19,22,12,32,24,14,31,46,15,47,19,12,15,34,33,14,34,49,14,23,27,27,47,22,47,16,25,15,28,35,29,14,18,39,40,14,28,11,27,22,15,15,39,34,40,21,18,47,47,41,29,18,33,33,16,47,36,15,41,31,41,47,20,49,11,43,42,46,22,27,28,32,42,19,33,39,15
36,23,15,26,49,43,21,13,25,33,40,20,18,48,10,49,20,46,44,18,49,40,49,20,27,23,31,43,35,33,19,34,25,31,26,36,23,50,49,20,20,35,44,15,41,46,47,24,25,35,38,39,48,46,12,27,47,44,15,32,10,33,16,14,33,13,13,44,17,50,35,17,30,15,42,42,35,39,45,18,45,28,22,22,30,35,34,28,25,31,16,39,22,16,19,47,20,28,16,23,31,23,41,24,17,25,22,35,41,13,21,20,48,49,25,21,32,19,16,22,50,22,21,41,40,16,15,37,41,46,48,45,29,48,39,40,40,16,31,34,43,41,34,34,37,15,49,19,38,34,36,18,46,15,50,45,39,30,42,36,44,13,44,31,15,10,49,26,38,41,23,13,19,37,20,24,45,24,15,33,28,44,31,36,43,12,35,42,29,29,13,37,11,31,49,28,25,47,25,21,37,33,29,30,34,29,12,40,18,27,33,18,17,45,27,39,34,11,40,31,39,41,30,16,31,12,34,17,27,15,18,34,34,13,31,37,39,29,25,49,24,17,44,42,40,35,27,47,16,14,29,20,39,26,28,34,36,34,17,47,45,28,30,49,32,17,26,19,12,37,45,13,20,46,12,22,34,17,45,46,17,48,43,12,27,22,35,20,32,13,15,34,28,44,13,27,49,35,14,15,30,23,17,34,27,45,15,48,48,20,37,13,24,23,49,34,35,37,48,23,22,16,17,39,21,33,48,18,28,44,33,27,34,47,22,43,26,39,27,48,14,47,42,20,14,43,33,30,17,37,33,21,13,42,48,21,11,49,39,23,36,29,33,17,48,46,30,48,34,33,44,19,16,31,32,20,10,46,49,21,23,35,24,27,36,39,41,50,34,10,43,44,26,17,45,43,24,19,34,41,19,46,18,35,24,40,37,32,14,28,30,24,32,50,40,20,22,48,26,29,50,14,28,39,22,41,34,41,12,40,29,41,30,23,22,40,27,25,19,25,14,17,21,30,29,10,16,47,21,25,37,45,46,45,31,15,40,48,46,14,14,36,26,33,43,39,27,32,42,20,50,32,33,39,47,37,40,37,31,38,15,44,35,12,36,20,41,35,29,47,48,33,49,48,29,35,46,40,32,49,38,36,24,45,38,44,48,35,49,46,29,40,13,33,40,36,31,34,25,45,12,17,35,36,19,26,18,26,30,14,47,43,44,16,14,47,27,34,23,18,13,31,45,16,24,21,22,28,33,47,28,24,25,47,41,38,49,38,19,49,22,49,28,48,46,30,36,45,47,21,43,29,49,36,18,31,15,30,48,42,34,35,23,45,21,23,22,12,38,44,49,38,40,34,16,12,43,40,36,47
35,38,37,10,11,16,18,43,38,50,39,26,18,11,26,50,24,14,31,24,40,47,37,50,33,31,22,18,38,29,44,21,21,39,39,16,44,40,13,47,34,40,47,40,13,44,22,16,25,15,46,28,18,15,33,35,30,27,12,20,40,37,31,42,40,20,11,16,32,25,29,38,11,40,33,23,23,16,13,14,36,12,15,14,35,27,27,14,18,28,39,33,37,33,19,30,30,24,16,47,26,47,36,30,27,22,40,28,45,38,47,11,17,12,48,10,47,42,29,28,47,48,17,12,31,33,38,50,19,27,20,48,19,18,40,39,40,40,15,35,35,25,15,14,46,37,13,14,47,42,32,28,50,22,18,28,20,46,13,13,36,16,26,23,39,30,11,49,24,15,20,48,44,26,25,36,18,33,25,15,47,13,40,31,18,45,28,28,41,13,14,16,22,28,48,36,15,12,36,12,30,32,18,24,37,24,49,27,27,30,39,40,33,19,24,46,48,48,18,42,18,41,37,20,26,39,41,45,33,47,47,42,36,37,13,50,35,17,38,27,26,36,28,21,14,18,37,34,18,31,48,40,11,16,12,25,48,14,10,25,16,14,17,44,16,47,44,44,49,16,49,18,32,11,29,49,20,28,32,50,16,10,43,38,18,19,11,25,47,22,49,47,34,26,18,40,28,27,27,42,13,33,25,39,25,29,39,46,31,50,12,20,49,25,40,12,45,26,29,35,14,22,46,40,31,19,13,23,46,32,26,41,36,13,40,33,24,26,19,17,48,38,11,37,15,46,15,38,34,39,48,24,33,28,19,32,35,29,45,47,33,22,17,44,11,28,19,27,31,35,44,33,12,44,35,47,24,33,16,24,27,21,47,39,12,31,31,46,18,26,37,50,21,26,16,37,34,21,10,29,32,30,24,21,23,13,36,43,28,31,31,33,14,11,24,23,38,19,41,12,47,33,36,17,33,46,44,41,43,15,30,22,20,49,33,47,23,29,48,46,22,19,27,13,48,16,12,26,45,25,33,30,33,47,34,48,20,29,47,36,50,42,46,18,35,17,46,37,11,14,32,32,44,11,29,31,21,50,34,21,46,49,36,37,24,46,19,11,37,49,17,40,21,42,20,47,24,48,12,33,29,22,49,48,25,22,19,18,23,28,45,32,18,44,24,36,11,43,39,23,42,31,37,27,40,27,17,45,36,26,23,17,27,44,44,46,47,30,48,36,22,47,39,49,16,26,42,31,25,39,45,40,42,25,33,23,47,15,28,49,27,35,48,42,48,31,44,37,38,10,41,49,14,17,22,19,33,48,41,35,19,42,21,18,28,23,12,49,18,18,20,40,18,18,12,25,22,25,44,34
29,15,33,34,17,50,11,13,36,16,36,23,49,26,19,50,39,19,21,46,40,20,43,19,42,30,42,38,43,14,46,31,41,14,43,12,32,40,29,21,48,35,21,25,15,27,19,37,25,14,38,14,10,29,38,27,28,12,34,27,37,37,17,31,18,14,14,41,11,28,35,22,17,40,20,35,32,44,48,21,39,10,12,40,39,15,43,29,22,26,36,25,39,30,47,36,21,28,31,41,23,49,14,33,29,35,47,32,26,24,17,22,34,27,40,26,14,38,39,32,16,23,36,34,39,17,17,14,13,13,18,14,33,31,20,31,37,10,20,45,44,21,34,15,41,30,39,18,30,33,25,11,25,13,48,42,23,16,36,17,29,14,23,24,28,45,15,24,33,50,50,32,12,44,29,44,12,11,47,33,20,26,16,20,14,38,27,30,11,32,27,25,13,15,10,25,25,42,35,14,39,44,32,33,12,40,27,16,21,16,32,12,14,35,17,28,40,35,49,12,45,13,49,33,30,50,40,43,23,35,48,33,22,46,11,17,17,12,37,18,19,39,15,38,19,40,29,46,11,43,35,35,15,27,29,45,19,41,48,38,33,46,34,20,34,17,41,23,38,17,26,18,50,25,24,12,34,17,46,29,24,46,21,33,32,13,24,36,13,36,48,14,32,13,18,37,35,22,47,50,15,21,28,42,40,11,43,31,32,17,31,44,37,28,39,12,24,32,30,24,15,17,20,27,12,20,28,41,33,45,29,20,35,12,41,11,22,24,22,17,48,35,45,32,27,37,46,16,35,23,11,24,26,26,39,23,46,26,29,18,46,33,43,37,15,31,13,31,42,14,29,48,13,18,16,26,20,29,27,32,23,19,39,14,11,39,48,46,27,40,20,41,48,23,50,27,40,47,43,25,31,11,24,11,42,38,42,11,21,18,36,32,29,25,18,44,25,20,14,29,36,12,21,13,32,42,41,41,33,41,37,11,31,26,19,46,32,25,10,34,24,37,47,33,28,40,29,39,27,16,24,15,18,32,31,28,22,35,47,17,27,23,21,32,16,27,24,17,13,42,21,28,46,34,38,15,40,44,49,14,12,46,47,44,47,13,46,43,30,45,37,34,46,35,13,16,12,36,44,26,14,50,28,23,39,27,33,18,18,17,29,34,28,17,50,34,46,40,32,26,27,17,33,42,18,37,38,26,23,23,45,37,31,23,35,36,44,28,21,41,28,19,36,12,35,18,49,33,26,45,26,19,45,25,48,22,34,17,22,24,38,49,34,50,14,33,38,25,24,35,28,49,34,28,44,31,42,46,37,29,17,18,42,40,13,46,16,36,30,19,33,23,20,11,16,26,48,29,11,32
40,10,50,18,26,49,43,36,25,28,40,38,47,46,26,48,39,30,24,23,34,10,18,43,24,41,24,15,34,46,38,25,38,33,35,30,28,23,18,48,15,18,48,41,29,34,28,39,14,31,26,15,30,31,49,39,45,13,26,45,23,36,41,44,33,11,28,13,28,48,44,21,31,28,36,18,18,33,22,11,24,29,13,24,50,30,21,12,24,16,44,29,14,34,27,41,42,21,39,35,27,14,34,18,35,36,27,26,13,19,50,42,31,34,42,14,15,42,12,48,30,26,11,16,32,44,45,23,14,34,19,27,37,30,42,38,27,29,21,24,25,50,43,50,28,30,32,33,20,15,40,40,48,37,30,46,40,25,27,39,11,32,45,17,45,42,39,34,48,49,33,32,14,22,22,20,46,25,11,23,44,19,26,15,26,31,29,46,25,13,12,48,31,35,47,28,20,35,16,25,17,40,40,10,49,35,29,41,47,21,13,18,11,27,33,13,20,50,48,29,23,45,41,41,40,32,14,25,33,23,16,38,37,26,41,22,43,42,36,23,12,10,22,45,21,11,42,44,26,23,14,42,50,50,10,27,37,15,27,18,29,25,23,15,14,15,21,41,46,12,17,29,14,10,28,18,25,44,47,42,17,28,26,37,30,11,42,42,22,36,13,36,36,17,18,13,19,27,15,38,48,19,48,41,50,49,28,27,29,12,27,34,49,33,13,27,42,23,48,11,38,16,41,34,19,24,17,13,21,48,16,32,18,47,50,48,41,40,16,13,45,49,30,30,26,46,28,49,47,20,18,29,32,39,22,26,23,40,12,21,50,23,37,45,25,14,36,11,15,35,45,27,13,38,22,13,39,43,36,44,28,26,28,23,34,17,28,20,42,20,18,16,12,32,24,31,48,43,16,35,41,20,23,49,41,34,17,33,14,25,48,45,48,48,34,14,25,41,44,31,47,14,12,49,45,50,25,36,48,44,44,21,17,47,27,12,48,44,30,20,46,35,46,42,13,15,25,26,13,15,27,49,11,23,46,21,31,30,12,11,40,25,18,40,45,15,48,17,31,45,33,21,41,29,25,33,17,38,12,30,14,38,50,26,37,32,41,13,21,27,28,22,14,21,22,44,37,14,19,13,43,46,24,35,30,11,23,22,49,49,25,24,35,36,33,34,36,20,11,37,37,32,17,27,26,27,12,30,33,47,37,29,48,27,14,50,23,14,20,42,41,36,23,22,37,28,39,45,39,34,50,23,27,23,28,11,41,34,16,42,22,23,40,21,28,38,11,46,26,43,40,44,27,21,50,45,32,14,50,34,28,15,20,33,15,49,14,30,11,46,27,31,30,47,28,20,43,11,32,41
36,31,27,18,34,21,16,28,25,36,34,48,23,16,42,22,36,48,17,33,22,35,42,34,43,21,33,25,19,26,50,44,17,33,16,49,30,49,27,10,22,36,23,18,31,26,36,25,23,22,32,37,21,40,30,35,35,23,24,18,11,44,40,22,29,26,28,42,43,42,41,19,19,22,35,20,24,49,12,35,20,13,45,18,17,44,13,33,19,23,13,26,48,20,44,35,48,21,23,25,38,28,47,39,35,11,11,39,37,30,39,32,20,30,30,31,43,19,31,17,26,40,37,42,18,23,37,26,12,12,11,22,44,33,48,37,47,31,41,21,29,46,27,12,29,43,23,28,49,25,41,42,17,41,21,35,46,38,41,49,26,14,32,15,50,36,19,34,36,36,15,38,44,21,36,39,39,41,14,11,28,32,48,16,23,22,23,45,33,25,19,15,43,34,27,34,18,15,14,40,41,25,19,12,38,40,21,43,48,47,12,25,26,49,15,39,38,21,12,22,45,30,31,22,34,40,40,43,20,42,34,30,13,15,47,30,44,36,45,21,36,31,17,33,12,17,25,41,33,31,37,30,23,27,38,18,22,13,10,34,29,36,37,30,15,43,12,28,24,23,31,41,25,45,21,47,42,41,22,50,16,40,26,17,38,43,11,39,41,27,47,19,49,25,49,16,35,23,46,14,15,27,18,45,17,28,30,29,31,32,38,28,20,32,35,10,21,47,30,23,47,44,12,23,32,24,31,29,25,28,14,40,37,26,27,17,11,47,10,10,48,40,26,36,17,18,46,25,14,45,42,39,32,22,36,40,38,38,34,31,41,41,18,48,41,50,27,14,27,30,44,24,50,27,21,47,49,25,41,47,46,36,32,49,19,40,38,35,18,30,46,44,43,33,32,39,25,12,37,27,33,33,11,44,23,31,23,46,30,27,23,11,18,29,38,28,28,42,28,40,38,16,35,44,48,32,16,49,33,45,16,31,18,48,47,43,26,24,27,46,28,32,17,34,15,26,12,23,39,28,44,17,26,24,42,30,36,20,23,32,45,21,11,19,33,33,28,24,31,14,45,27,19,13,49,38,14,17,37,36,28,37,48,36,26,30,39,14,11,43,47,50,34,38,40,13,36,30,23,28,16,10,20,14,42,30,12,41,23,47,25,11,38,35,21,22,13,34,41,16,21,36,41,50,35,21,37,27,40,41,17,41,14,38,28,13,13,13,27,34,24,26,37,42,26,11,48,20,30,11,13,49,14,49,40,38,37,28,24,25,27,25,46,23,14,20,25,20,34,30,22,23,12,44,26,32,37,23,18,36,44,34,25,46,38,14,28,35,17,24,42,20,17,15,33,41,31,45,17,27
16,24,34,35,15,48,21,26,34,27,12,21,12,42,48,47,21,50,31,16,47,45,49,29,33,16,44,43,49,24,16,20,42,36,23,13,38,33,38,28,13,13,50,18,50,10,20,32,29,20,35,25,49,12,48,36,33,32,33,32,12,37,19,49,49,44,31,36,23,19,45,29,49,49,36,17,24,27,38,25,21,10,31,12,21,35,27,30,43,41,17,47,26,12,10,37,40,47,12,12,36,11,37,50,11,12,48,48,19,16,14,41,49,26,18,10,37,32,17,17,22,49,46,41,39,37,40,11,13,29,45,48,50,39,14,42,45,41,44,15,49,30,13,38,13,12,33,20,45,18,15,22,16,37,14,47,49,44,45,32,46,19,38,38,17,15,10,44,26,47,48,40,47,48,40,30,31,31,10,43,35,29,21,30,43,47,12,29,16,13,38,25,44,19,40,47,14,18,13,34,18,45,28,12,19,29,50,14,29,30,24,18,18,20,37,26,31,47,19,26,33,27,34,31,42,28,23,20,18,11,30,43,28,11,15,31,26,26,14,32,15,48,47,26,23,26,18,26,31,47,19,28,29,35,41,44,27,23,45,10,23,11,24,35,17,38,13,27,18,14,22,13,20,20,17,25,28,36,45,37,28,24,32,32,26,38,16,45,23,34,11,40,48,35,44,31,43,45,24,28,22,17,36,16,13,48,46,46,45,17,46,29,25,50,48,21,15,36,49,34,35,22,18,32,13,23,21,26,30,10,11,26,35,29,22,17,24,43,26,43,18,48,30,48,36,22,42,10,15,46,44,22,39,34,48,48,38,16,22,30,31,39,26,13,24,42,26,31,42,46,38,22,31,20,39,48,15,39,26,41,22,35,48,36,40,12,11,25,34,11,35,26,44,28,15,34,12,30,49,20,36,47,22,40,13,13,49,24,20,33,31,43,41,33,12,16,45,11,41,27,26,48,37,44,48,20,47,37,21,29,29,16,48,14,49,26,15,18,38,49,28,25,24,26,33,45,48,42,47,45,14,12,49,45,12,39,33,38,43,42,30,20,16,24,15,30,49,49,35,47,39,24,25,27,48,38,38,12,47,38,28,26,34,26,48,32,24,30,26,21,27,32,14,27,33,39,40,44,50,25,34,30,12,22,28,17,44,34,18,45,30,47,32,14,11,14,31,36,43,29,27,30,35,27,26,14,30,31,32,17,32,13,35,28,48,17,49,33,18,28,44,26,39,25,33,22,31,11,43,15,43,40,46,15,43,22,12,37,46,25,37,44,37,32,26,45,13,43,27,38,22,49,23,14,32,35,18,31,23,21,25,15,19,30,45,28,15,23,15,47,47,18,34,25,46,33,44,35,31,42
21,26,40,30,44,23,21,31,15,21,49,42,27,44,29,50,39,33,27,36,12,49,33,48,26,39,24,45,41,43,48,37,37,24,38,36,23,36,27,42,38,47,16,28,23,15,30,50,12,18,39,16,46,29,47,21,38,40,17,49,25,27,25,11,45,33,10,16,33,31,47,23,25,20,11,16,49,23,20,45,32,46,37,14,37,38,41,27,46,22,25,23,22,49,37,16,31,26,36,25,29,48,28,21,44,13,21,35,31,44,21,23,44,42,32,39,30,41,12,29,48,10,41,34,44,14,25,26,35,34,46,17,44,35,41,48,28,36,44,20,23,45,32,43,46,22,20,10,40,39,44,50,26,27,18,37,24,16,45,20,26,36,31,46,39,28,48,40,23,36,15,10,48,33,18,39,21,42,13,26,22,16,42,10,39,17,17,48,33,32,39,29,41,16,37,37,26,46,30,32,27,47,42,33,33,26,41,23,39,10,27,44,42,41,41,41,26,37,30,16,45,28,23,49,42,42,19,38,14,35,19,15,27,36,47,45,30,27,17,38,25,24,18,24,13,11,26,16,35,37,45,42,19,21,18,24,36,31,30,12,24,17,36,41,48,17,29,22,12,32,44,30,39,17,22,22,40,47,14,42,11,29,30,11,31,32,44,24,35,48,19,46,22,45,24,38,38,34,36,42,48,35,27,21,50,50,47,40,27,42,23,38,26,41,40,14,30,15,22,32,27,23,15,11,16,44,26,44,37,25,14,45,39,11,46,49,46,24,24,13,11,17,11,40,11,48,24,28,34,23,20,43,18,38,50,32,30,38,43,42,34,22,50,33,46,39,39,16,28,48,32,48,21,24,38,36,47,30,13,15,48,30,43,47,25,30,33,12,19,21,45,42,20,39,44,12,18,19,24,47,29,39,10,19,49,18,25,50,18,16,33,20,20,42,42,39,50,26,46,35,16,32,44,43,22,15,31,25,28,24,24,23,17,35,14,25,29,48,18,37,33,43,26,44,10,21,25,14,29,13,10,35,29,36,21,48,23,26,44,16,46,29,17,10,13,39,39,49,32,24,33,27,28,33,38,41,14,28,22,12,19,14,34,31,38,10,44,16,31,30,18,16,49,43,39,15,15,41,27,34,33,16,16,20,48,30,44,50,26,20,40,48,42,50,22,34,50,36,24,28,23,14,39,18,20,38,42,31,49,21,49,16,26,43,49,43,34,18,26,41,45,12,38,17,29,41,24,12,35,42,49,24,46,43,31,16,28,39,30,30,48,28,48,37,24,13,20,24,50,40,17,19,21,28,31,28,12,36,28,45,12,48,38,23,25,38,26,28,16,46,21,42,27,47,49,30,45,41,13,43
20,12,37,16,31,48,41,24,15,43,10,32,16,20,32,12,29,18,20,17,11,30,16,24,18,41,23,41,43,39,27,42,44,21,38,33,28,40,29,22,31,27,39,37,45,12,37,24,47,32,46,20,36,28,37,13,15,46,43,47,20,33,23,30,19,37,43,12,19,21,14,42,12,14,10,19,28,38,15,41,23,16,46,49,49,29,41,11,17,18,26,21,39,47,48,35,28,31,43,49,46,25,46,37,40,33,47,18,35,21,36,24,34,41,13,16,45,16,12,26,41,13,23,47,32,18,13,19,49,11,24,19,10,22,49,30,39,47,27,10,35,35,13,29,27,32,45,29,16,46,20,35,50,26,47,38,34,32,48,17,46,22,12,21,12,36,15,22,40,25,43,39,42,44,33,25,32,40,50,34,25,48,26,31,19,39,10,19,29,11,28,26,45,46,39,42,45,20,16,34,32,45,36,19,41,38,44,22,27,29,25,42,12,11,31,29,28,14,36,26,48,24,32,23,34,33,36,24,14,29,36,45,22,20,40,25,36,26,49,15,16,16,21,20,40,12,40,15,26,31,22,39,28,47,24,33,34,11,42,24,30,40,36,31,13,28,42,45,28,48,10,14,15,20,49,48,17,45,31,38,47,18,14,39,36,44,31,40,49,14,25,24,30,45,43,12,25,28,17,19,24,32,50,44,22,23,31,50,23,34,45,28,37,28,30,30,50,19,13,26,33,11,11,13,46,41,20,36,33,22,49,26,20,29,42,23,40,12,36,29,50,17,34,22,11,12,49,46,33,16,35,26,43,23,29,49,42,27,30,29,20,23,18,42,20,41,28,47,35,17,28,27,27,22,33,10,12,14,41,17,46,47,13,38,16,36,38,39,26,17,40,40,50,38,49,35,27,31,29,41,41,22,30,15,12,36,41,32,29,12,33,22,14,10,45,36,30,26,44,28,45,34,28,35,43,20,35,49,15,15,14,13,49,42,41,17,18,22,23,30,23,23,45,48,20,36,43,40,37,49,31,18,37,24,36,48,13,48,46,48,50,15,41,26,41,46,32,34,21,12,44,13,23,45,47,17,17,24,18,22,24,45,33,29,40,14,28,46,35,39,27,25,16,14,35,42,27,34,50,49,29,38,12,44,44,46,21,21,49,47,18,21,46,44,15,17,45,43,12,44,13,39,31,39,29,45,20,11,11,13,29,43,41,28,14,20,32,16,30,28,21,11,37,30,25,22,46,46,19,41,24,29,23,24,25,39,31,15,27,48,35,24,37,38,16,40,11,15,32,25,21,39,49,49,27,36,13,14,41,19,15,20,24,32,24,30,32,34,27,28,46,17,29,38,20,21,43,14,47,40
31,38,19,19,24,45,23,25,26,40,22,46,49,31,38,40,17,28,45,49,34,17,35,32,45,24,21,43,14,12,12,44,48,49,49,18,22,27,43,30,39,37,35,16,15,23,39,47,39,41,35,44,22,45,46,18,48,40,40,28,36,37,34,27,41,12,11,11,16,20,11,30,12,22,22,20,35,46,14,28,26,40,25,20,50,26,40,43,30,22,32,30,43,23,37,15,44,12,30,19,46,27,19,37,14,30,24,18,15,42,45,10,45,35,32,20,29,36,22,28,45,45,29,48,40,38,26,11,35,37,22,19,16,34,30,46,47,16,49,28,29,30,29,47,37,24,47,47,16,47,22,32,13,38,40,41,24,12,42,39,22,16,27,25,23,37,28,28,32,31,39,34,42,24,39,32,21,36,25,34,31,26,28,37,30,45,48,17,15,12,22,11,21,40,29,44,29,28,12,17,47,11,36,25,18,42,41,14,35,22,22,31,32,36,47,21,47,24,26,17,18,17,36,44,41,13,44,40,32,28,48,30,46,14,33,26,47,35,40,48,22,16,36,20,34,44,17,34,49,45,47,31,24,38,13,38,12,36,16,26,19,38,11,38,30,17,30,44,46,15,46,13,16,43,17,18,22,28,24,45,42,41,46,36,24,20,17,48,26,50,36,18,37,14,43,22,26,28,19,21,10,38,17,28,16,32,30,19,16,29,44,17,39,33,33,12,39,23,50,44,43,22,12,37,27,47,11,43,19,28,20,19,24,11,37,46,13,26,21,48,39,35,34,23,42,17,34,17,22,24,49,39,31,37,19,37,13,41,29,29,43,46,15,17,10,35,43,41,17,11,21,44,49,15,42,22,41,40,20,11,11,46,35,11,29,18,37,42,48,20,15,37,41,40,15,21,44,41,11,17,43,29,31,18,21,25,28,13,11,32,50,15,35,32,36,48,42,28,42,24,19,25,37,23,43,32,37,48,44,25,46,38,36,39,36,16,24,33,29,17,45,47,31,26,16,48,47,20,45,18,49,37,41,48,49,43,47,15,23,28,28,23,34,43,49,46,47,12,35,42,47,10,46,47,25,16,12,30,32,29,34,38,41,20,42,45,34,36,11,36,10,39,31,43,33,28,49,45,50,36,39,30,18,43,26,46,11,35,48,18,17,30,35,44,34,46,42,38,43,14,12,18,14,50,47,44,37,34,35,18,25,37,26,50,48,16,46,49,36,23,27,35,20,31,29,16,22,49,13,35,36,22,41,43,18,43,17,34,12,13,26,31,19,39,32,40,38,31,48,13,42,26,19,36,35,43,50,36,17,30,19,19,41,30,33,31,21,38,21,33,26,38,42,48,19,12,42,40,37,33
25,46,32,37,48,11,37,15,23,16,47,46,29,28,17,50,24,12,26,41,47,47,18,26,15,48,42,36,31,13,46,26,36,33,46,19,36,33,13,19,21,40,20,45,23,32,31,36,37,38,37,25,37,19,18,49,43,31,49,39,49,12,33,21,42,21,27,49,43,22,33,34,23,47,20,23,24,43,48,44,21,19,49,40,47,35,50,32,38,49,27,14,15,42,22,29,16,19,43,14,28,46,11,12,34,35,28,37,25,17,48,36,23,33,17,19,20,11,15,20,40,16,31,28,32,24,31,32,36,34,39,39,18,21,24,36,19,50,23,35,25,11,14,30,47,29,46,40,26,12,45,45,34,37,49,43,41,12,27,39,28,14,41,16,38,41,12,12,19,36,29,48,47,25,11,48,48,42,47,15,16,15,28,39,38,34,35,27,28,35,35,20,14,15,21,25,43,45,46,42,14,29,41,19,26,24,13,30,33,42,31,46,25,19,30,13,47,38,50,46,11,11,14,14,48,44,12,49,22,36,33,12,38,44,14,30,20,14,45,47,44,17,47,18,41,36,24,38,40,26,26,25,25,18,47,23,46,38,45,24,44,42,24,23,17,27,19,46,18,17,42,43,24,29,45,35,37,13,30,49,38,24,30,47,40,25,22,41,11,23,44,30,19,44,19,39,21,38,30,13,18,19,17,48,15,49,43,35,36,37,40,21,13,28,44,26,15,38,18,16,45,38,11,25,15,23,38,36,28,44,40,47,50,33,16,40,36,49,12,23,14,37,13,30,12,49,40,22,33,39,44,19,18,25,33,14,32,46,20,17,30,21,42,13,39,19,42,12,19,37,23,47,46,24,30,13,13,21,24,15,38,33,44,28,47,16,11,20,23,25,25,21,48,35,10,18,20,12,11,48,31,15,20,22,22,19,32,31,12,50,34,26,34,19,35,28,48,36,10,42,30,40,21,27,15,30,36,31,18,41,34,47,39,47,18,33,39,11,30,23,35,47,39,17,27,12,43,20,14,19,37,30,35,21,31,32,45,25,11,44,42,46,42,11,47,12,30,45,41,34,34,47,10,46,18,43,16,36,21,26,25,42,15,36,44,44,25,50,30,44,15,37,13,15,48,11,40,50,22,39,40,48,49,17,40,45,12,47,33,36,13,12,25,48,26,18,29,14,23,19,43,23,23,38,28,23,31,14,40,41,39,13,36,37,47,37,20,49,12,33,44,17,12,43,32,45,10,46,24,29,20,36,34,32,14,16,36,14,20,36,29,34,14,46,35,27,42,43,16,40,47,36,26,43,26,47,27,13,14,21,37,32,21,19,33,13,19,49,47,28,19,15,22,23,46,18,34,14,15,47
40,28,35,16,38,48,35,34,19,22,17,22,13,26,38,18,13,11,20,34,35,23,20,24,16,43,36,14,13,14,31,48,18,41,19,15,34,17,25,26,48,39,45,25,42,12,39,32,39,15,48,17,41,28,19,38,43,48,35,32,17,25,16,44,13,26,21,34,49,44,36,17,22,14,49,41,44,25,16,11,38,32,28,13,43,29,19,12,41,24,34,24,19,11,37,14,38,45,34,14,32,43,29,45,20,43,26,43,14,38,32,36,23,28,33,44,30,31,20,31,13,19,15,42,27,35,18,18,30,33,43,29,26,42,13,46,12,15,29,48,48,26,28,16,12,45,37,31,48,19,27,34,43,21,11,13,48,11,21,19,16,24,27,49,44,15,11,34,15,22,21,44,47,13,48,10,50,41,15,25,41,33,37,16,24,37,32,11,35,49,11,46,45,24,30,24,34,25,14,16,30,35,37,37,16,42,18,34,26,21,46,18,24,47,48,15,11,24,24,42,29,13,39,23,48,49,11,18,30,38,41,16,34,15,34,21,11,50,19,33,48,39,32,30,39,45,41,18,26,25,14,37,31,15,40,27,19,44,30,38,30,39,46,46,44,13,26,13,19,40,46,19,30,46,46,29,36,38,38,39,21,13,25,19,13,25,39,22,32,28,30,48,45,19,23,19,43,46,45,15,40,18,27,11,13,16,20,19,42,12,19,43,11,33,23,33,41,11,15,19,38,12,45,28,23,14,38,46,15,15,48,33,43,31,22,21,34,46,18,50,18,11,18,25,48,47,35,11,19,49,35,12,34,15,40,11,40,19,16,21,49,40,38,41,25,39,13,41,22,17,34,28,45,41,26,49,11,28,38,32,22,19,21,26,14,27,14,19,45,18,14,39,21,24,46,48,28,42,37,34,50,26,41,41,46,11,36,32,35,44,10,21,39,19,17,34,39,44,32,12,40,16,40,49,16,27,17,34,12,16,29,17,22,38,34,40,17,35,12,46,15,26,17,14,22,31,32,21,22,20,41,16,30,18,14,11,24,48,27,17,34,29,11,26,33,28,48,43,45,18,27,34,32,11,37,22,45,27,13,48,49,43,11,25,12,15,36,33,39,42,38,17,15,14,38,29,17,34,31,35,38,33,26,47,48,19,16,21,32,49,15,32,46,25,11,11,33,29,31,33,38,19,40,49,25,37,17,32,31,16,27,11,34,33,19,46,44,41,12,19,42,45,39,47,34,25,41,25,21,45,39,18,35,42,40,32,19,12,34,46,34,35,12,27,36,10,27,44,16,34,24,49,40,17,14,40,46,11,13,43,20,36,12,16,44,43,19,14,15,26,13,35,23,42,12,23,48,13,22,28
35,13,17,11,35,15,18,28,27,35,43,38,24,48,42,19,38,40,17,15,38,11,23,28,20,49,28,36,26,24,12,48,27,44,41,39,37,35,26,24,19,13,37,49,30,16,36,40,46,29,23,47,28,29,50,15,40,38,24,39,40,39,48,45,19,32,49,25,39,47,48,38,22,15,48,49,43,48,31,50,23,31,21,36,46,40,47,11,25,42,16,22,31,46,25,23,22,44,39,15,26,50,42,44,21,12,46,23,29,45,43,43,48,11,39,30,46,30,33,17,14,29,34,37,35,28,37,42,23,42,47,28,49,36,37,26,23,26,15,17,16,20,15,34,17,46,25,23,18,12,29,37,28,11,16,13,11,32,18,43,18,22,16,36,27,21,19,26,37,24,33,16,36,27,18,47,28,23,11,47,49,23,48,17,33,15,24,39,24,14,30,46,15,39,28,24,10,12,25,31,18,18,26,28,36,16,23,21,44,12,16,24,36,30,19,42,14,33,23,47,39,46,43,40,35,48,44,33,29,11,17,28,11,26,22,12,38,29,33,23,43,23,37,14,47,26,50,33,46,41,48,38,26,49,23,12,34,31,14,37,14,43,23,47,47,30,17,41,37,13,40,16,24,39,37,30,23,46,28,12,19,27,38,21,10,19,45,22,22,29,31,19,37,27,40,26,43,48,32,23,16,43,32,48,17,17,22,13,43,48,45,36,39,25,20,15,43,12,29,49,47,44,32,29,35,31,19,19,17,47,14,40,45,47,14,20,40,27,18,37,38,41,37,22,36,47,49,32,26,14,17,10,30,42,37,29,34,48,17,48,32,37,27,43,27,31,30,24,29,42,45,33,22,17,19,36,12,40,43,46,43,14,28,37,35,32,37,24,46,21,34,12,28,28,24,11,17,17,16,42,41,47,26,42,48,19,30,35,22,15,43,36,25,28,45,26,11,26,45,42,30,19,30,47,24,37,26,17,13,17,15,44,25,36,36,48,24,44,17,35,20,34,44,36,49,17,41,12,21,30,48,24,15,46,44,43,35,14,25,37,45,31,29,32,24,33,48,32,33,49,33,17,10,49,35,32,22,18,29,40,49,45,46,14,48,23,49,15,22,46,11,29,13,12,48,33,39,43,35,11,26,44,23,25,12,49,21,21,36,17,32,30,49,48,27,39,16,37,16,14,11,28,10,47,27,19,27,41,16,38,22,29,17,14,31,49,31,40,15,33,18,27,40,36,40,24,14,44,41,33,49,46,39,43,18,23,14,11,36,40,12,37,13,41,45,42,41,25,22,20,27,40,43,49,38,48,41,31,22,28,26,39,24,39,35,19,46,43,28,16,40,42,39,36,16,10,23,21,44,42
44,48,36,32,43,17,34,28,49,43,27,11,45,39,31,35,29,42,14,17,27,31,32,28,32,29,12,24,36,40,44,43,31,24,48,11,31,44,13,44,42,13,37,43,41,17,38,24,35,27,48,13,34,12,28,11,49,23,40,32,38,49,33,20,12,25,19,15,18,36,19,35,30,45,33,26,14,17,29,42,36,20,23,18,20,26,11,45,22,47,40,11,43,50,42,41,12,41,23,16,21,14,33,15,42,15,20,15,49,14,48,27,42,24,27,37,20,35,40,27,45,27,38,24,24,40,37,15,12,17,31,42,48,15,43,15,34,40,21,21,28,14,31,34,30,32,22,26,26,28,34,30,39,14,19,35,31,36,13,39,14,46,30,25,45,39,37,31,35,32,29,25,33,47,39,27,44,12,25,23,33,44,20,25,12,47,13,49,31,26,34,32,47,27,27,16,15,40,14,49,31,42,34,20,15,40,17,42,42,48,49,41,11,44,49,20,43,26,35,41,19,34,37,50,16,47,23,14,42,21,30,42,14,39,48,22,18,17,25,38,45,47,27,25,31,43,32,39,22,43,24,28,48,34,15,27,40,37,20,19,13,38,38,26,42,47,31,46,43,36,19,30,27,16,46,35,33,18,26,30,22,38,48,37,39,21,34,28,16,16,24,22,42,12,23,25,30,43,34,18,28,46,15,32,27,14,49,18,36,29,33,29,16,48,34,40,28,13,23,46,23,23,42,45,20,26,18,50,48,35,15,49,37,44,10,43,22,17,45,13,24,31,39,25,27,39,33,25,42,43,50,46,32,41,42,46,40,40,22,32,29,18,14,42,15,36,15,49,17,25,27,20,16,11,31,14,47,49,38,19,49,40,14,36,37,21,27,20,44,37,40,30,40,37,14,29,26,36,37,18,42,35,26,19,37,11,25,41,29,14,43,38,27,24,13,12,28,11,16,30,44,20,33,10,39,11,21,39,41,39,15,30,32,45,47,44,46,35,42,30,28,33,15,29,23,29,30,39,20,48,30,19,18,29,16,14,11,20,36,17,39,21,47,13,28,10,30,12,33,44,13,32,19,42,11,44,32,46,46,38,42,17,13,33,35,18,40,31,40,22,27,44,42,23,36,11,40,13,39,30,10,23,23,47,36,36,13,15,25,27,35,31,34,47,35,40,11,30,13,22,17,18,36,48,36,12,46,38,41,12,16,33,22,46,46,14,29,23,26,10,17,29,20,17,42,22,39,16,30,42,11,14,43,28,24,17,12,31,38,44,31,13,49,46,50,11,22,28,38,47,28,23,48,45,33,15,37,33,15,45,24,40,38,44,45,11,15,11,17,30,10,47,13,13,22,44,45,25,29,11
44,16,30,36,33,42,49,30,38,18,27,23,23,11,23,29,46,36,41,19,36,49,40,10,42,30,50,45,39,23,41,39,16,44,26,15,39,31,18,50,14,23,43,44,28,16,44,33,38,19,50,10,36,20,15,22,21,17,15,33,47,16,15,18,29,45,12,38,17,21,47,27,36,11,12,27,19,42,46,28,17,13,30,18,25,26,23,39,14,16,24,46,12,17,38,44,21,37,18,40,26,39,42,29,12,20,37,22,48,14,13,46,40,22,13,35,49,25,27,36,17,10,29,35,43,35,18,25,43,47,38,21,15,37,47,16,20,18,36,23,41,42,14,43,18,15,29,49,43,22,39,28,31,34,22,14,34,21,27,49,31,10,14,39,17,41,49,26,40,45,19,17,43,45,26,21,15,42,38,39,15,29,43,44,33,39,14,27,25,34,11,14,15,41,31,37,38,50,38,32,39,31,13,18,47,32,31,40,28,35,44,36,43,42,14,40,39,37,34,11,18,50,25,27,11,25,18,13,41,29,18,47,42,28,47,21,42,15,14,20,19,22,34,44,43,49,27,28,24,21,25,46,10,30,25,31,35,43,18,20,26,40,46,11,27,26,35,35,47,40,27,32,28,14,45,14,49,23,25,14,42,19,28,50,20,38,48,45,19,41,32,10,18,46,20,17,40,46,25,18,31,14,16,13,18,35,26,43,47,30,34,24,10,18,33,20,10,45,47,15,27,41,28,36,39,49,11,47,31,24,29,30,26,41,43,14,46,45,43,41,27,48,16,27,26,38,47,47,14,24,26,47,32,34,43,30,49,23,23,23,30,26,24,27,41,32,44,28,31,20,11,38,32,43,13,47,14,46,27,31,16,17,28,45,46,13,40,37,45,20,34,16,15,42,38,48,31,15,39,21,16,33,14,41,15,28,19,47,16,32,27,17,15,42,22,13,49,12,26,14,12,15,37,17,49,12,29,13,30,34,25,18,28,23,44,41,43,30,30,26,20,19,27,23,35,17,25,23,18,18,21,26,45,40,31,33,17,47,12,19,41,41,36,49,31,32,38,39,15,20,36,26,11,29,16,15,34,20,20,14,15,31,33,43,44,49,42,12,47,10,36,29,36,33,14,47,35,17,31,46,14,36,44,23,28,29,28,36,48,45,15,33,16,48,18,32,35,21,37,13,42,24,11,25,13,13,36,46,47,40,32,43,17,18,34,10,27,20,39,46,21,15,49,12,10,20,47,30,20,47,38,46,38,37,38,40,50,11,48,45,19,40,12,25,32,26,27,36,43,45,32,23,12,25,29,15,32,38,17,46,35,28,20,18,15,16,21,32,33,20,16,38,36,37,13,21,21,18,42,27
10,24,26,47,48,25,28,37,14,39,29,46,38,38,30,41,27,31,25,19,27,38,20,32,21,39,49,15,34,14,17,11,38,40,32,39,41,11,20,20,48,34,25,16,45,16,29,11,38,15,27,34,33,43,42,44,50,41,15,20,35,49,47,14,16,17,16,49,48,26,16,16,43,45,33,14,28,38,12,21,14,38,21,17,31,23,23,39,17,13,48,38,40,36,36,16,24,37,23,15,25,41,26,31,16,37,28,39,31,42,28,20,23,39,18,46,13,17,49,10,14,22,39,36,13,12,34,22,24,37,14,47,48,48,16,17,26,19,18,50,26,10,41,37,21,21,21,32,11,24,32,41,42,33,36,38,45,20,13,39,34,42,24,35,16,14,17,21,39,28,21,37,23,33,21,22,22,43,34,28,15,37,18,29,17,25,27,43,49,19,47,39,35,48,30,33,33,39,46,13,42,16,12,21,48,49,16,32,16,20,41,31,22,43,26,18,42,14,15,49,46,19,13,29,28,44,30,27,27,34,42,11,15,23,12,44,46,40,18,31,44,12,38,18,17,48,42,22,38,45,33,23,21,17,31,44,24,21,47,26,48,22,41,34,35,48,38,25,48,28,16,41,41,39,39,14,31,35,14,17,19,20,14,49,38,18,22,36,18,49,41,30,40,30,32,16,46,28,26,11,29,17,43,44,46,11,43,30,20,44,41,50,16,39,35,38,35,29,24,43,49,14,34,18,20,34,24,27,48,26,16,19,21,18,33,38,13,11,30,30,39,47,41,36,25,18,22,40,26,43,13,28,13,39,26,46,32,49,44,41,50,20,35,44,22,34,14,27,16,15,27,31,46,26,46,39,37,36,16,44,28,14,20,14,22,12,40,38,38,30,48,34,29,26,49,22,37,11,30,22,28,24,40,12,30,44,19,25,17,35,35,28,38,25,35,36,18,31,21,31,15,11,43,42,24,40,44,40,40,24,39,20,38,47,14,24,28,12,48,21,16,48,39,25,44,26,48,20,33,28,21,17,47,39,18,48,27,43,26,22,33,37,38,22,32,25,31,29,13,21,33,44,44,12,37,21,37,23,29,18,49,30,47,40,25,43,23,18,32,40,21,44,13,46,39,11,29,31,35,32,35,22,44,40,34,44,47,30,46,22,26,32,12,11,31,21,36,21,40,13,24,50,40,16,16,27,42,16,22,41,17,43,32,13,29,49,35,11,48,29,16,33,10,34,41,24,36,30,32,38,18,32,21,26,46,24,22,25,21,11,17,25,16,32,26,29,26,40,35,37,35,24,39,24,11,39,36,31,14,27,12,13,22,12,40,35,50,43,26,47,22,25,28,38,29,49,36,47,44,26
48,46,37,15,12,37,42,22,39,32,27,42,23,27,25,36,17,46,16,25,27,42,18,19,27,18,25,41,39,29,20,47,35,20,15,30,23,49,48,13,42,25,36,49,31,24,32,49,48,39,38,38,14,13,44,28,27,32,46,44,30,18,11,45,45,29,29,47,22,38,21,46,13,14,12,20,21,36,13,34,43,36,49,33,22,14,17,29,10,14,23,22,36,24,34,29,45,39,33,20,42,28,43,17,48,12,38,27,42,36,12,42,44,30,18,13,35,44,43,36,21,15,39,42,25,15,27,30,50,31,12,46,28,34,24,13,44,22,11,41,42,19,37,11,46,33,47,25,24,27,30,41,41,27,24,36,41,46,42,23,23,19,25,41,23,40,40,40,22,27,24,31,27,17,38,12,35,28,46,36,22,42,42,17,32,49,41,30,15,30,25,29,16,44,49,48,36,22,15,35,46,30,34,39,48,18,14,19,40,14,21,34,12,43,22,38,38,12,12,29,48,11,20,45,25,27,46,34,45,39,35,41,48,17,38,35,44,20,18,18,13,16,46,33,33,48,20,36,19,48,29,24,33,46,31,43,31,32,26,50,18,40,14,36,30,50,27,26,27,15,13,41,16,47,48,18,27,14,17,23,33,35,19,16,45,34,40,36,15,23,15,32,14,25,42,35,22,18,38,39,49,46,41,45,39,25,33,39,41,20,29,35,46,13,36,24,26,37,40,41,45,17,45,39,48,34,26,46,22,42,32,40,13,34,13,36,41,38,35,42,35,46,23,37,24,38,44,36,13,20,16,44,21,19,18,38,10,14,31,27,27,45,22,23,24,20,37,49,22,49,22,22,29,20,15,42,30,10,36,24,39,37,11,23,33,11,35,40,42,13,12,39,25,11,16,47,30,49,33,36,41,42,38,26,45,23,24,40,42,15,10,20,41,43,38,35,27,19,26,32,44,42,35,49,42,17,19,48,34,47,43,37,17,10,28,13,20,15,30,48,31,19,20,41,48,44,45,49,39,11,20,17,20,24,25,49,36,47,31,38,33,43,33,45,31,35,17,29,22,45,43,35,25,14,25,15,47,17,49,45,12,35,50,42,43,37,39,25,32,45,50,15,24,38,47,40,18,22,46,39,10,33,23,33,19,32,50,21,15,19,12,21,28,21,40,32,26,24,39,22,39,38,20,25,21,47,26,41,23,23,26,20,11,28,16,16,37,39,37,37,14,47,34,44,11,45,35,10,43,20,20,20,36,40,14,27,39,33,46,39,35,25,10,23,30,49,43,17,36,18,29,27,18,26,41,47,26,21,34,50,18,18,44,19,32,43,31,47,43,38,31,41,49,16,34,33,47,15,44,30
34,35,43,20,33,36,19,17,21,47,36,32,25,44,41,26,40,29,28,10,20,20,26,25,25,41,15,13,46,25,29,48,47,42,22,32,17,16,50,30,40,27,49,44,12,20,49,20,38,34,35,28,42,11,31,21,24,33,11,47,38,26,23,24,27,43,19,15,11,12,29,40,34,45,22,49,20,42,38,42,12,38,45,29,15,46,43,49,17,28,34,31,28,44,28,41,46,47,20,30,16,39,39,16,45,22,36,49,50,37,44,22,27,41,27,24,48,22,36,19,31,36,11,41,18,37,21,45,22,14,44,30,40,34,42,23,38,15,12,33,20,13,34,15,37,48,46,22,31,24,38,31,32,31,37,22,27,15,21,38,21,33,41,49,31,20,30,29,16,32,16,14,24,48,12,46,42,36,49,48,19,30,48,32,23,24,13,32,46,38,38,46,23,13,22,19,33,33,12,23,44,35,19,34,42,46,50,21,23,26,48,16,31,24,33,26,18,24,43,14,32,34,31,35,46,10,39,18,10,20,45,29,43,49,43,28,29,22,35,49,46,27,21,13,21,11,32,40,34,48,23,35,18,47,43,25,26,26,12,48,49,38,49,38,30,17,42,32,36,18,26,12,26,27,29,13,47,36,20,31,25,15,22,36,29,27,41,32,50,39,11,15,15,16,43,33,12,22,10,41,39,22,28,14,32,13,16,22,32,49,30,17,24,20,34,25,14,17,28,21,33,22,15,11,42,32,37,15,30,10,33,44,35,45,24,10,18,44,29,41,32,46,34,49,16,11,24,35,23,41,43,44,13,34,23,24,25,21,12,43,18,26,14,30,42,21,16,31,42,48,48,27,45,21,21,21,32,49,13,49,12,10,31,28,28,37,21,27,33,14,20,22,22,33,21,33,24,39,31,45,22,11,46,20,19,30,13,22,48,40,43,24,30,30,18,28,26,12,50,10,23,42,17,37,24,10,10,18,40,44,22,28,42,32,46,40,39,16,39,42,25,31,41,22,17,11,45,24,12,18,47,42,27,37,11,14,11,17,18,11,48,12,11,15,16,30,20,44,22,43,47,26,18,36,41,43,26,26,43,38,46,17,34,21,35,28,23,24,12,48,46,41,33,44,44,24,26,34,42,15,25,25,49,44,32,15,12,30,48,18,29,37,37,24,37,19,37,11,41,47,39,14,12,13,32,16,32,19,44,17,23,18,26,26,36,41,50,48,29,39,23,28,31,44,26,46,20,12,12,19,30,37,38,33,12,40,41,37,42,30,20,15,11,46,29,14,41,11,38,26,27,11,50,16,24,14,28,49,39,17,37,13,19,42,37,22,29,34,42,36,41,17,44,46,26,18,26,15,38,36
38,45,28,23,16,36,14,26,17,20,11,45,30,17,11,38,45,12,25,21,47,22,26,50,31,16,11,40,38,47,32,40,26,29,36,33,46,43,40,17,31,10,19,45,13,28,35,28,33,32,34,15,26,35,12,40,44,30,14,42,18,16,11,16,12,31,16,23,32,25,10,22,19,45,31,42,47,40,23,23,33,14,37,12,42,15,17,49,22,26,17,12,40,39,28,47,31,21,37,41,14,24,30,27,16,30,40,13,29,44,45,21,21,40,15,48,19,45,23,24,25,42,27,20,31,44,35,41,16,31,17,44,12,45,10,48,20,38,19,45,22,42,40,25,36,37,22,37,46,27,25,38,25,18,14,27,46,22,31,16,36,13,31,40,27,48,33,35,12,20,37,47,29,10,41,17,13,33,19,33,37,44,43,33,34,43,40,23,12,42,34,27,32,33,15,37,45,48,41,18,28,37,27,20,12,44,29,40,42,25,43,24,30,20,27,21,27,27,41,42,45,13,26,14,19,40,27,21,21,24,15,18,23,34,26,30,34,34,23,13,42,28,11,41,37,48,42,49,20,23,17,37,32,26,31,16,20,11,37,22,37,42,37,47,45,22,18,19,40,16,28,24,20,11,44,23,12,42,42,45,46,20,18,44,42,25,11,32,46,15,23,24,49,11,11,34,36,21,29,31,42,17,17,35,14,44,22,23,34,39,47,15,45,39,24,26,47,21,11,24,34,43,46,49,39,17,20,15,18,23,12,43,32,24,44,23,15,11,42,10,28,14,50,33,45,20,48,43,36,50,29,30,23,40,35,41,24,11,11,15,15,20,14,22,29,45,36,49,34,17,12,11,15,33,24,24,47,10,40,27,19,32,18,26,22,24,25,34,24,40,28,38,48,24,47,20,33,34,48,39,26,35,32,19,20,15,25,34,42,18,32,39,37,29,39,15,22,47,29,26,41,32,21,39,27,35,33,44,33,12,10,29,49,36,49,27,10,43,48,33,27,47,36,38,33,12,26,13,14,25,40,45,28,11,33,48,32,14,22,49,13,19,46,43,44,11,28,48,31,49,16,45,30,13,49,48,12,38,50,38,35,46,32,29,23,18,27,14,24,47,11,36,26,22,43,49,33,33,50,38,11,17,22,31,31,24,34,31,42,24,36,43,40,22,19,39,50,37,12,48,45,48,22,28,41,36,19,26,29,21,35,42,43,48,16,42,40,45,34,15,41,12,27,50,29,36,41,15,48,34,47,49,13,40,50,43,25,39,37,37,29,27,16,39,15,49,38,45,41,30,21,14,42,46,36,50,16,47,30,48,26,11,19,47,14,31,11,30,10,20,40,26,37,45,10,34,16,13,14,12
30,27,21,46,40,46,12,27,21,44,25,32,37,48,48,45,26,28,18,50,24,42,29,35,34,33,26,23,44,12,10,23,48,33,40,28,25,35,37,15,14,40,25,23,17,33,30,17,10,10,27,28,34,17,46,39,46,44,23,42,22,45,24,46,31,13,38,11,16,36,44,36,24,14,41,33,49,14,38,45,19,29,25,23,38,27,37,48,33,37,38,31,39,30,41,37,15,13,37,33,20,36,28,27,43,44,14,16,23,27,12,11,30,30,42,20,31,20,34,28,23,36,27,41,28,42,39,44,27,29,13,41,49,13,48,11,38,36,18,31,13,26,34,24,15,39,12,20,35,44,38,10,16,40,30,34,33,46,36,39,38,41,42,10,37,28,45,22,49,43,19,34,28,41,21,34,46,42,28,42,34,12,21,21,27,17,42,33,15,43,22,18,31,48,45,22,28,48,31,10,34,28,43,13,10,13,32,43,24,13,36,32,18,40,46,31,16,23,40,37,44,16,14,27,33,46,17,46,13,14,35,48,36,48,22,30,31,44,44,46,48,41,46,23,26,47,46,37,23,34,45,27,26,20,15,36,27,24,10,50,12,48,31,14,13,24,27,32,40,26,41,26,18,50,27,11,39,22,30,34,37,47,34,19,40,48,25,47,43,17,17,22,31,44,13,26,12,14,45,30,49,25,16,47,13,34,12,30,24,45,22,42,11,13,28,13,27,26,49,20,39,11,48,39,16,43,30,14,21,32,19,27,13,35,28,33,35,13,43,24,18,42,18,32,42,42,16,40,13,36,27,33,33,11,42,34,32,36,11,11,38,24,46,16,42,13,39,12,16,32,27,18,48,41,25,21,19,38,39,26,15,41,20,34,16,26,42,17,23,15,13,24,23,19,36,39,37,31,17,44,30,32,22,29,41,29,12,26,23,29,46,30,14,11,18,22,49,11,19,39,43,18,27,13,15,36,37,14,46,27,34,31,15,33,37,38,49,23,34,12,49,46,11,26,34,27,48,25,42,11,34,12,16,12,32,37,17,19,37,41,20,18,45,45,26,18,38,36,24,42,26,37,38,47,13,36,33,13,16,11,31,21,33,20,42,45,21,28,43,24,10,30,19,37,38,22,19,30,11,45,17,41,30,18,12,13,26,40,15,19,45,11,12,25,23,49,50,28,31,22,23,28,24,36,32,40,39,23,49,26,13,45,30,12,48,27,44,35,42,17,26,35,39,19,24,19,38,32,42,40,30,20,20,49,20,30,45,15,42,36,27,23,30,39,18,49,40,40,45,12,47,17,13,25,35,15,46,30,43,38,12,46,36,48,17,42,20,20,47,25,44,20,29,40,22,39,28,21,36,43
38,35,41,19,20,42,19,28,45,34,44,14,34,30,33,37,35,40,42,47,45,10,15,47,18,22,41,21,33,32,33,33,23,29,14,10,40,46,35,38,17,35,18,32,22,25,27,11,42,37,19,40,12,25,21,37,15,11,39,39,26,16,26,11,14,30,11,49,33,19,29,33,37,46,21,39,41,20,44,12,30,21,27,37,17,47,41,25,44,45,21,12,48,37,19,19,34,20,37,27,14,22,28,29,42,34,13,46,32,23,27,31,41,29,30,33,25,28,22,18,11,31,45,17,33,43,37,30,17,42,49,13,34,43,16,25,30,20,11,39,16,27,39,10,21,39,32,43,29,47,35,27,14,40,49,47,49,30,11,15,37,38,50,21,21,13,39,49,28,14,31,44,10,20,24,22,23,21,35,35,29,35,22,21,45,40,46,29,23,24,22,24,40,21,16,16,18,23,19,33,46,29,26,20,13,24,49,48,32,13,49,47,31,46,47,17,21,22,29,31,47,16,28,18,18,36,21,43,47,28,20,21,35,14,41,32,27,41,35,29,24,36,50,49,38,16,17,13,34,27,23,47,46,30,38,29,19,21,45,28,20,23,19,43,23,19,29,15,31,42,39,29,35,26,16,13,26,25,13,30,24,29,36,16,12,35,18,32,34,46,26,21,21,42,14,37,43,12,30,41,39,38,25,23,14,13,25,18,34,21,35,14,40,49,12,26,47,46,30,33,42,11,27,43,32,29,24,22,46,29,38,35,35,40,49,41,16,47,17,30,20,33,26,30,21,22,46,27,43,38,26,30,33,23,23,29,43,23,29,22,18,28,10,23,32,47,12,46,46,11,40,13,34,50,10,30,20,48,18,42,13,34,11,17,43,29,14,20,34,45,46,25,36,37,16,38,13,48,27,30,18,41,41,35,36,26,33,33,13,45,21,26,22,25,45,13,26,50,40,17,49,16,33,48,15,42,49,20,26,37,36,50,15,49,45,19,47,29,46,22,12,28,25,43,45,22,28,29,14,40,46,47,18,45,43,10,34,31,42,49,45,24,41,48,25,39,44,27,37,18,19,21,36,21,12,17,49,34,12,32,43,21,16,33,35,13,24,42,20,26,48,30,14,38,49,35,38,30,14,31,46,31,40,13,42,37,17,32,46,44,32,41,40,10,26,34,15,46,13,41,36,17,14,41,38,29,21,38,44,15,30,19,40,29,24,19,29,41,13,29,16,19,37,14,21,45,26,22,36,16,16,47,40,46,23,16,47,29,12,17,23,27,32,43,27,17,27,41,24,32,34,32,39,30,22,24,37,50,24,13,12,23,35,37,44,36,44,34,48,45,30,33,23,10,13,39,13,50,24,32
34,19,35,34,26,21,13,27,28,23,46,38,22,12,43,13,20,32,22,39,40,45,18,34,27,28,49,32,37,24,30,28,45,32,39,25,14,35,43,21,43,27,30,38,37,25,17,49,37,38,12,43,18,27,21,46,19,21,29,40,17,48,33,40,48,21,18,21,13,44,35,31,30,49,46,30,15,22,32,13,39,13,23,16,42,48,30,13,21,19,33,34,13,17,12,20,29,11,16,26,44,37,17,38,24,36,12,47,22,45,27,42,49,29,31,32,32,21,47,27,14,33,15,40,23,13,37,47,17,20,39,40,40,21,12,42,25,18,31,50,31,18,22,43,31,38,19,13,33,27,19,37,12,21,28,42,11,48,41,41,11,14,36,45,19,16,35,34,25,32,38,45,14,15,38,13,45,12,12,11,33,40,45,45,48,35,27,33,21,40,41,25,11,42,49,39,31,22,24,36,23,25,45,29,49,26,15,14,44,24,40,24,27,44,42,24,22,39,31,50,43,47,21,26,22,43,45,36,27,19,30,49,12,12,25,11,12,14,44,16,28,32,46,41,12,49,50,36,47,38,22,36,44,28,48,28,13,27,19,45,46,41,31,13,26,17,49,15,32,10,25,33,20,26,41,18,44,46,20,42,33,24,24,45,32,44,21,15,31,13,14,32,35,38,47,36,19,48,42,14,11,42,29,16,14,39,22,29,33,13,44,40,18,34,30,32,25,36,48,19,30,38,49,30,22,23,22,40,46,21,50,25,32,35,22,35,45,47,39,29,47,13,42,17,15,42,10,45,21,25,28,47,36,44,40,41,14,24,47,31,32,14,37,47,43,15,13,20,47,17,18,31,48,25,25,19,15,29,15,32,29,11,43,44,28,19,40,44,24,33,21,12,40,30,24,20,29,25,44,25,24,38,46,43,32,35,37,26,20,43,42,15,27,17,33,12,39,33,43,43,15,10,43,39,33,33,24,42,38,39,24,27,20,40,22,41,39,16,45,16,39,35,16,45,41,37,44,18,21,49,28,44,49,26,40,29,30,27,23,47,35,42,34,13,36,13,15,28,31,48,27,19,31,40,25,13,50,38,21,13,24,49,45,33,17,20,34,30,45,38,46,14,23,40,48,40,24,48,23,46,31,40,40,15,15,31,43,50,15,26,47,16,44,20,46,22,36,11,27,29,31,12,35,19,22,47,11,32,33,26,32,36,36,26,33,20,15,24,34,18,45,33,43,31,21,28,31,18,11,10,19,16,28,33,44,33,47,47,39,37,45,26,16,44,27,50,30,39,22,11,13,29,33,23,48,39,30,29,22,32,10,13,32,24,31,23,30,15,24,17,46,22,16,23,32,39,27,45,46,23
