The number of jobs:
1500

The number of machines:
20

The power of each machine at differnt speed levers:(where rows denote machines: 1 to 20 and columns denote speed levels: v1 to v4)


10,28,37,45
5,12,22,45
20,27,38,45
20,26,36,45
11,26,37,45
18,25,32,44
15,20,35,42
17,28,35,45
9,29,36,43
5,11,29,39
6,11,23,33
18,28,37,45
18,26,33,40
15,22,37,45
14,19,38,45
18,29,37,45
10,19,25,41
19,28,38,45
10,30,37,45
10,24,36,43

The basic processing time of jobs processed on different machines:
(where rows denote machines: 1 to 20 and columns denote jobs: 1 to 1500)
21,46,24,33,19,23,33,37,49,25,25,32,43,35,49,17,50,42,30,39,28,37,40,16,11,21,40,36,43,44,33,37,37,45,31,42,22,43,38,25,24,43,11,45,45,31,21,28,46,14,43,29,37,19,23,22,17,39,26,25,36,30,17,30,37,42,17,11,13,23,41,46,26,11,19,47,30,46,37,42,47,35,41,26,15,42,41,18,30,14,18,22,20,16,29,11,22,24,49,19,47,49,49,29,41,50,37,14,40,50,33,30,48,23,18,17,16,46,32,30,12,16,37,26,21,47,37,12,25,36,17,26,21,25,49,23,34,36,26,44,39,37,27,47,17,24,48,18,43,48,16,38,41,17,34,32,17,11,50,27,24,41,32,21,13,41,28,22,49,16,12,23,36,38,18,22,16,41,17,29,18,19,36,24,37,38,23,41,48,42,16,32,22,27,20,28,17,16,21,50,19,37,48,17,16,23,34,19,35,45,31,44,33,21,38,50,47,29,15,21,43,30,21,29,17,14,25,32,12,41,49,25,14,36,26,26,30,17,18,39,28,31,43,46,31,43,21,14,19,21,24,38,32,15,41,12,11,40,36,23,12,29,42,32,22,27,42,36,26,35,39,11,14,38,48,31,35,30,38,34,17,41,32,30,24,32,49,16,22,32,20,20,49,38,13,44,39,38,18,14,46,19,19,21,34,21,13,47,34,37,40,32,32,12,46,35,18,36,21,48,50,13,11,41,25,20,47,11,38,32,27,36,36,45,12,36,20,14,32,45,43,29,45,44,43,30,45,47,21,24,43,18,17,16,18,33,43,16,36,33,41,20,16,20,21,21,24,30,43,43,34,16,14,30,33,50,19,30,32,41,26,33,44,41,11,19,35,48,33,21,42,24,49,37,14,40,12,24,24,27,29,25,27,48,15,45,41,27,16,33,45,39,43,34,30,17,15,35,31,45,37,12,31,22,30,15,39,16,33,19,30,34,32,39,47,46,26,18,45,32,42,37,24,43,28,43,17,32,28,26,33,12,27,34,23,17,13,33,15,12,35,12,27,30,10,19,42,32,44,31,37,49,34,29,23,22,13,29,25,47,17,20,22,39,40,42,35,38,49,21,40,27,17,20,32,17,20,25,28,43,41,17,46,47,45,15,47,16,13,27,45,48,16,12,27,49,44,22,31,34,15,30,44,12,43,45,12,35,28,14,11,34,40,29,37,28,10,35,23,11,46,20,33,11,22,37,28,15,18,40,12,39,17,38,49,30,17,23,15,33,42,43,31,37,25,26,37,14,20,36,13,12,26,24,12,38,17,22,20,38,18,33,24,40,21,27,41,35,30,36,29,45,11,21,40,30,37,27,16,32,37,24,17,30,42,48,16,21,40,12,18,44,34,36,12,17,14,49,46,30,40,34,26,45,49,15,48,20,20,35,34,36,35,41,48,46,50,27,34,40,20,27,31,28,45,35,20,13,39,14,39,15,13,38,46,30,45,44,45,46,26,17,37,26,47,46,33,37,40,32,49,24,28,20,45,33,28,11,49,26,29,19,43,18,13,22,44,41,16,11,18,15,33,39,28,25,44,32,34,32,22,11,32,13,21,19,22,20,15,44,18,26,11,37,19,26,48,15,25,15,47,22,31,46,21,39,33,45,49,22,29,34,14,46,49,24,29,26,48,35,41,45,30,30,35,13,44,40,32,50,17,44,34,50,18,43,26,22,11,17,41,16,44,25,18,30,29,40,42,12,25,34,46,31,17,44,40,33,13,35,11,42,13,41,41,40,47,30,20,10,44,36,11,47,42,11,26,36,39,47,20,47,39,18,20,13,43,12,29,25,47,11,49,28,16,47,45,21,30,11,25,37,40,48,23,44,17,14,45,38,11,30,41,37,27,44,21,37,17,25,41,29,21,24,36,44,47,13,17,46,44,20,14,42,18,30,34,15,10,31,11,11,28,13,32,14,37,30,28,43,21,36,19,21,15,17,37,33,36,47,39,39,38,47,16,40,37,22,29,12,29,19,49,17,44,17,37,40,45,13,31,34,10,24,41,28,48,28,18,29,23,35,39,12,30,27,16,35,17,13,25,44,15,25,30,18,39,33,15,27,44,25,48,42,34,38,42,35,34,33,27,17,37,32,48,13,29,19,30,27,22,28,19,10,23,36,20,35,12,21,23,13,11,26,23,39,22,43,34,45,22,15,29,44,25,32,20,33,11,48,38,41,38,36,31,34,12,19,11,11,15,38,24,42,38,23,18,34,32,33,39,41,24,38,19,30,18,20,48,32,14,20,20,48,20,12,40,28,15,28,16,13,20,45,43,12,22,45,22,43,15,35,12,41,18,34,41,29,37,23,46,27,29,33,44,21,39,26,38,42,32,27,25,36,46,11,24,30,23,23,20,32,42,47,29,22,17,36,10,34,33,14,48,35,33,29,26,45,13,35,28,34,37,15,25,49,37,15,26,48,39,38,24,17,49,30,15,45,18,24,36,45,23,40,11,38,23,50,23,46,19,27,24,49,10,15,45,18,35,19,43,24,38,24,15,13,22,20,45,50,11,38,15,21,34,33,19,20,23,20,10,29,49,39,18,45,11,23,25,39,28,29,22,36,48,19,35,13,50,27,49,44,44,11,15,39,35,45,13,45,43,27,35,17,36,20,35,13,32,18,23,28,38,21,18,36,44,35,13,35,26,28,23,44,50,34,25,38,19,15,43,12,30,14,26,24,15,21,22,17,34,36,12,15,19,39,47,44,24,15,29,20,17,40,47,42,30,35,36,17,27,49,26,45,12,45,11,29,46,22,25,12,27,48,14,27,38,22,36,35,11,22,44,47,37,31,20,19,13,40,37,16,44,18,23,15,36,12,35,34,43,24,48,23,35,37,33,26,29,31,49,37,19,43,44,29,17,19,11,16,24,13,31,18,46,46,33,45,34,27,39,34,33,42,41,35,47,26,47,25,21,49,35,43,28,41,35,29,46,40,11,47,36,18,43,28,34,40,40,25,23,41,39,48,24,16,23,42,12,12,38,18,14,26,33,25,18,49,31,26,31,12,26,49,41,46,48,13,43,44,33,44,11,49,25,29,47,31,47,45,25,13,19,22,45,26,14,22,17,12,45,39,10,29,44,42,35,13,11,13,37,25,19,34,33,34,45,46,25,14,22,41,16,45,38,32,20,38,38,21,41,41,35,28,15,35,15,38,34,14,43,41,14,23,33,40,42,45,17,43,41,47,14,36,38,26,45,17,20,24,39,25,45,45,38,46,38,42,42,24,46,11,49,35,45,41,17,21,20,45,10,18,32,21,19,40,22,18,13,36,20,10,47,27,21,42,11,14,41,24,37,19,43,13,12,50,19,18,34,19,47,26,31,44,41,24,45,45,39,28
16,22,45,41,17,48,22,49,39,48,25,44,41,40,40,33,13,27,22,14,28,29,38,24,17,48,23,41,18,17,13,49,13,44,39,36,44,12,25,29,20,27,42,40,26,14,34,27,34,45,45,22,25,17,47,22,43,47,45,20,21,18,45,12,19,22,24,47,21,40,44,30,44,36,33,38,44,17,49,32,46,18,33,18,34,45,44,46,24,48,19,40,42,14,45,35,14,47,29,29,15,42,41,36,29,12,26,50,39,15,48,19,27,24,34,12,23,40,14,20,35,28,34,40,17,28,41,23,28,12,37,38,21,42,41,39,37,33,24,25,17,17,21,16,43,31,26,43,43,36,14,20,48,15,25,31,15,26,33,34,29,33,15,31,27,46,49,28,21,40,27,46,18,30,45,34,47,29,38,14,17,20,12,43,30,39,29,26,17,37,49,24,44,48,43,23,11,44,32,14,17,45,20,37,27,14,35,38,19,25,22,32,22,24,19,39,48,20,21,20,11,11,19,18,41,38,17,11,28,30,13,24,20,47,25,22,39,20,30,28,35,21,28,23,48,23,24,25,34,12,41,12,37,37,38,27,26,13,27,14,18,24,24,16,12,36,38,36,44,12,16,23,34,34,27,45,37,35,42,47,35,39,47,21,11,48,39,26,20,34,27,31,24,24,32,16,10,27,27,41,40,16,39,31,26,48,16,30,46,24,25,15,18,11,30,23,44,30,38,12,48,17,36,35,13,35,21,47,21,44,24,42,15,31,34,35,33,23,28,16,35,49,46,36,18,31,34,11,30,31,44,48,18,25,41,13,45,46,37,24,33,27,35,15,25,36,40,49,40,29,12,35,32,18,16,13,31,32,32,29,47,26,39,28,26,31,33,24,40,45,16,11,20,49,19,50,30,37,25,45,29,25,37,30,26,20,42,29,25,48,17,17,26,23,35,36,28,26,13,47,49,33,33,27,49,20,23,21,48,27,46,40,12,16,11,37,13,50,11,23,26,47,39,10,42,24,14,30,41,37,44,20,38,39,28,19,18,11,34,36,17,26,21,29,36,26,20,13,18,47,49,16,21,14,42,23,36,30,16,27,27,14,16,18,41,20,28,30,49,43,16,45,42,27,20,20,36,25,44,46,20,36,13,27,17,38,46,39,20,47,11,42,23,26,46,37,12,35,29,47,25,32,42,29,12,14,29,32,19,33,14,24,16,25,48,45,42,17,10,27,37,42,26,27,41,18,30,19,35,33,42,14,22,28,23,24,12,10,34,36,49,31,46,23,10,19,11,13,38,32,36,44,31,22,26,17,19,27,32,31,29,30,12,12,27,42,43,46,20,10,19,33,14,22,41,22,19,45,20,21,16,34,48,12,15,48,31,17,22,16,29,20,28,16,18,22,48,22,48,44,21,25,33,14,28,23,13,41,44,31,14,15,39,31,12,44,35,42,20,22,20,48,34,12,39,37,23,36,27,49,23,14,17,41,38,33,33,16,39,32,42,33,29,20,50,33,42,12,17,12,15,21,28,38,44,45,21,21,33,38,16,12,39,24,46,25,23,48,46,22,22,45,46,35,26,46,39,37,38,16,21,48,47,26,48,19,43,22,21,16,42,24,45,25,33,26,38,13,45,12,47,24,15,24,33,15,18,46,16,19,40,23,49,42,49,27,31,12,24,30,48,48,41,12,28,24,37,46,14,40,43,29,48,33,20,50,13,28,43,23,25,23,45,18,14,45,36,34,28,49,48,15,10,26,15,37,20,16,33,37,13,42,33,46,30,16,26,24,38,29,16,24,45,14,12,17,11,26,48,45,17,19,26,38,14,27,35,20,24,41,20,18,42,49,11,26,45,50,34,40,45,18,43,21,11,35,28,46,10,29,37,43,33,27,38,14,36,16,37,14,21,37,12,21,25,27,17,33,32,30,38,16,41,10,46,16,22,29,33,44,45,29,31,12,12,42,36,27,34,21,18,21,10,25,42,13,44,48,30,41,17,16,21,37,22,25,38,41,44,46,19,22,31,40,21,40,14,25,33,27,39,34,30,36,12,35,18,15,30,13,47,40,40,34,20,50,39,33,17,29,13,33,11,49,31,48,26,27,24,31,37,38,43,40,19,28,30,46,35,32,44,22,24,10,45,15,37,33,41,13,17,28,36,24,45,28,45,18,36,20,44,40,38,20,30,29,21,20,36,26,27,11,36,28,21,12,45,48,12,35,32,11,16,18,11,25,19,32,50,22,39,17,42,15,36,17,15,38,23,41,18,23,16,32,41,49,20,43,26,32,18,14,38,18,46,14,47,34,44,44,10,45,41,26,17,34,41,44,28,32,44,10,14,47,11,34,24,39,13,24,16,35,49,20,41,31,32,42,49,49,50,28,25,37,46,18,20,47,23,42,16,41,39,18,16,43,41,21,43,43,35,16,16,24,31,27,47,49,36,39,21,39,21,21,13,38,23,27,47,18,39,21,21,33,29,12,12,29,25,37,33,33,24,20,20,30,41,18,12,46,27,12,33,26,25,45,16,15,20,17,37,48,15,22,20,31,29,20,50,39,27,29,33,18,39,45,49,43,50,30,36,36,21,37,48,15,11,35,16,39,37,14,35,40,11,45,49,29,31,30,45,18,36,39,46,38,37,45,33,45,11,27,22,13,33,10,25,18,48,43,17,43,46,46,40,21,38,36,15,18,36,35,29,29,36,11,25,22,11,22,34,12,43,11,40,13,31,30,28,39,23,35,12,50,39,28,44,21,22,35,11,28,23,37,34,36,41,27,13,38,20,35,49,11,43,29,32,48,47,43,12,21,14,20,49,22,16,35,34,24,13,27,28,22,47,35,16,26,45,28,21,28,41,28,49,40,16,26,13,28,19,14,32,30,19,29,18,38,11,15,21,36,15,33,14,22,39,14,18,48,17,44,24,15,29,25,25,45,13,27,36,37,44,38,42,31,47,26,28,22,33,32,49,31,39,21,48,39,40,50,33,30,21,14,34,31,44,50,37,40,34,38,38,34,20,31,30,15,27,45,30,16,39,49,25,21,19,40,48,27,30,21,26,29,37,21,26,44,31,29,16,35,14,23,25,46,22,21,44,26,32,50,29,18,43,29,45,15,42,50,28,39,49,41,48,24,41,18,38,46,17,41,17,40,41,24,16,26,18,21,17,13,13,11,14,38,28,22,20,26,36,22,44,12,25,34,26,18,17,13,11,27,14,49,27,19,34,27,25,22,49,15,32,41,44,42,28,22,44,12,37,28,26,32,47,44,38,29,21,41,45,15,49,29,29,10,10,32,39,19,26,26,21,21,32,16,37,47,47,30,30,21,29,15,23,43,39,12,21,31,10,19,18,20,38,48,44,29,32,38,27,14,30,18,11,24,28,43,18,50
24,32,20,43,25,12,41,17,25,10,29,46,49,11,41,40,14,20,45,44,42,19,41,28,47,30,47,15,38,22,26,22,46,31,18,45,15,16,33,14,37,24,42,29,31,50,38,35,33,49,26,26,29,30,25,37,28,34,20,29,49,38,31,17,22,46,35,24,24,33,49,35,14,31,39,23,36,31,28,48,28,20,44,33,41,12,41,29,11,17,33,32,33,22,24,23,23,48,41,29,41,46,13,46,26,20,16,29,11,32,33,11,23,45,35,39,49,19,19,49,49,41,13,32,31,25,41,20,38,23,17,40,32,27,32,12,31,45,26,34,34,28,21,25,30,38,39,17,38,49,35,17,41,43,39,24,23,49,30,21,22,21,37,46,30,18,26,33,40,45,23,39,26,41,29,40,40,35,22,31,20,48,13,13,36,31,35,20,21,14,11,39,24,14,36,49,30,18,15,24,33,11,18,34,19,35,47,42,21,37,30,26,25,20,18,27,13,14,36,29,37,18,25,39,37,12,31,29,25,32,24,46,38,18,21,15,10,14,37,16,42,27,12,38,34,37,15,16,14,17,30,30,14,48,25,46,28,27,13,42,35,42,20,41,22,21,14,34,45,20,40,30,21,21,22,46,26,21,34,29,40,20,24,22,16,47,46,31,32,30,23,22,20,16,45,40,43,45,46,12,43,44,42,30,50,41,27,27,11,16,21,41,21,16,12,33,23,25,33,42,26,13,36,17,30,17,44,31,16,34,45,17,38,47,42,12,24,26,21,20,37,16,40,23,24,40,30,12,45,47,49,26,40,11,15,37,15,11,47,13,36,25,12,14,14,43,17,38,20,32,13,20,21,33,15,38,27,21,42,31,29,12,34,41,15,45,29,26,49,36,29,28,20,30,24,48,35,25,39,45,23,41,49,43,32,27,25,35,44,49,48,47,14,20,14,10,19,38,19,13,43,17,32,45,41,12,45,17,23,40,13,29,24,45,37,22,37,36,20,39,33,28,22,39,19,33,38,35,19,39,45,33,22,25,44,46,32,38,36,25,14,21,16,30,17,12,31,49,50,35,42,23,30,48,47,39,12,14,33,35,15,33,32,15,33,33,15,46,19,12,11,29,20,26,18,39,38,46,22,28,10,23,15,17,24,48,14,19,45,47,30,37,22,16,39,27,14,13,18,13,13,15,10,36,13,17,45,37,31,49,24,29,13,20,26,39,40,40,30,36,27,20,31,28,29,15,22,33,41,15,37,19,15,20,35,34,19,44,21,34,45,17,17,35,40,28,47,14,21,24,14,37,43,11,27,14,36,29,38,49,47,22,42,36,25,15,19,16,23,17,43,40,20,26,20,49,43,34,22,33,19,23,11,18,35,42,18,15,38,20,16,30,43,26,11,15,20,13,48,41,38,48,40,42,20,45,18,14,31,25,40,24,32,49,50,32,27,42,27,36,36,35,35,27,35,28,22,30,49,38,22,18,24,36,23,35,30,35,39,21,25,34,16,26,46,24,30,18,43,23,18,12,33,46,31,32,26,19,10,39,26,28,31,32,12,11,21,18,28,25,27,30,43,25,42,13,46,28,38,24,25,11,11,29,42,18,50,34,26,22,31,16,43,45,22,22,45,26,42,47,33,22,45,25,20,33,20,39,15,18,34,41,16,41,21,50,27,33,26,33,38,49,22,33,32,19,31,42,12,50,44,19,30,20,11,22,44,20,33,28,28,29,13,23,47,33,30,30,12,26,47,11,46,15,10,18,32,42,44,12,14,24,19,26,41,37,29,47,16,26,22,12,13,24,21,33,32,31,41,14,34,20,38,47,29,48,22,17,39,13,29,13,36,25,47,17,34,47,48,15,50,17,47,12,26,34,31,31,21,19,37,30,45,14,41,36,49,38,44,13,46,14,15,36,11,46,18,22,43,48,23,49,35,24,13,47,26,21,19,26,31,24,35,42,40,40,26,50,21,12,13,27,37,41,41,33,32,16,46,18,28,12,17,15,41,30,45,40,39,40,13,32,48,34,35,31,30,34,21,19,14,43,10,49,12,26,24,11,48,11,25,11,41,19,33,21,31,41,16,16,13,46,16,11,10,36,18,42,18,24,27,13,25,21,33,11,14,26,26,39,13,23,12,44,33,17,16,18,28,17,35,12,45,16,24,38,44,38,14,38,21,21,39,16,44,37,17,22,43,25,36,26,33,13,27,34,16,30,21,44,29,21,27,27,25,16,40,49,33,15,11,21,25,30,24,37,46,42,23,11,15,36,22,31,46,38,23,19,26,48,28,16,16,31,21,14,42,18,11,26,14,50,28,16,43,47,33,46,46,40,24,43,44,41,20,26,31,50,49,22,32,24,39,29,18,26,31,25,30,45,41,35,31,29,11,47,12,46,36,33,20,37,20,39,22,25,10,25,31,18,40,47,41,26,12,17,26,17,21,31,49,25,12,30,15,34,28,18,37,11,17,46,29,18,20,21,20,34,36,43,20,15,39,17,46,36,14,38,44,22,45,10,23,17,25,48,41,42,28,40,26,38,30,25,22,21,17,18,17,11,12,43,17,39,13,15,27,46,24,50,44,20,48,17,15,40,14,18,23,15,47,18,29,22,11,23,47,46,21,19,15,15,11,15,40,22,29,11,24,15,39,37,13,44,49,20,40,32,19,44,39,16,42,25,16,35,29,18,44,33,12,37,33,14,48,45,34,22,48,29,46,36,45,35,45,50,45,12,22,37,33,23,41,21,34,19,34,34,26,32,27,28,19,13,48,11,43,22,35,44,22,43,19,37,31,43,15,48,41,49,21,33,30,24,43,14,33,41,25,31,13,11,24,32,10,49,12,21,31,39,13,34,26,21,18,20,22,30,27,29,17,17,29,31,40,43,39,21,46,40,37,15,43,11,18,24,32,37,23,41,15,27,45,15,33,46,28,14,50,28,23,33,23,16,15,12,41,34,39,11,45,48,30,35,35,42,25,33,20,46,22,45,32,40,49,23,48,36,40,18,23,45,46,20,24,44,36,26,16,12,48,41,25,20,42,32,17,36,50,34,41,15,30,33,45,27,27,40,18,39,29,40,22,34,47,44,22,28,13,44,26,40,36,42,45,47,47,38,29,20,19,33,33,34,18,48,21,32,44,37,18,20,14,27,12,49,31,36,32,17,33,49,31,25,19,33,10,14,22,24,13,48,26,17,48,34,34,26,12,19,35,37,17,22,23,29,26,16,27,23,15,38,14,31,11,20,44,31,42,29,29,32,13,19,17,49,50,33,30,22,40,30,19,44,30,15,27,17,25,16,48,29,44,39,45,25,16,19,36,33,10,21,21,19,22,49,37,37,43,26,44,15,42,46,20,16,10,21,27,36,40,29,39,15,35,25,23,27,32,12
25,34,50,24,22,14,47,50,30,26,21,31,26,23,24,47,34,14,47,23,19,49,37,31,22,12,26,47,32,12,37,22,19,12,21,39,14,35,28,38,33,36,23,19,34,43,14,12,45,12,35,48,20,13,39,12,43,19,23,45,33,41,43,36,43,21,41,44,14,50,11,48,21,17,12,47,33,29,43,29,39,26,38,45,48,41,36,31,47,22,11,15,17,12,49,50,40,14,50,50,26,11,18,18,19,17,31,30,40,49,20,31,42,49,18,47,20,49,43,49,42,43,11,34,39,30,36,50,20,43,15,20,40,33,39,33,16,18,20,31,30,23,36,16,24,36,17,40,31,31,42,12,48,11,16,24,11,16,28,35,42,24,15,11,34,22,21,45,47,41,15,38,32,14,20,11,39,43,20,23,22,19,48,36,38,21,21,43,47,45,22,31,27,22,18,23,30,36,19,13,14,44,40,33,35,43,35,43,17,30,48,21,32,38,42,15,12,34,37,24,10,28,46,20,14,35,37,27,11,12,10,26,36,35,29,45,12,28,17,40,30,33,23,36,33,48,13,15,36,11,45,25,35,38,26,38,34,19,48,24,37,37,15,19,31,35,41,16,30,15,27,33,40,24,14,29,18,17,12,47,32,31,19,35,11,19,11,48,36,13,47,46,41,26,35,33,42,24,42,39,25,38,32,15,22,26,12,38,47,25,36,43,30,43,47,28,50,20,24,38,23,48,31,27,17,12,10,38,34,30,25,46,32,20,50,32,50,32,20,47,27,14,27,21,42,43,37,23,16,44,46,32,13,29,36,32,43,47,42,40,34,27,47,25,39,14,49,37,20,43,38,25,30,47,13,39,14,25,20,19,24,29,18,46,44,11,24,42,50,32,34,21,18,34,23,32,22,50,31,43,24,31,20,21,22,35,25,29,46,27,25,35,40,44,36,30,26,38,29,34,24,46,34,31,15,19,47,17,39,12,41,33,15,18,18,46,12,11,12,22,32,13,25,25,19,47,14,49,11,29,14,27,49,31,21,46,33,15,13,27,27,29,18,23,13,40,31,14,25,18,29,45,25,36,12,28,38,21,43,44,28,18,29,37,36,25,34,20,48,18,27,17,38,49,14,36,20,46,40,19,44,17,23,39,12,41,50,40,41,49,21,30,36,43,12,34,47,19,11,45,27,36,40,40,28,27,14,30,21,44,26,35,26,36,47,36,37,32,16,29,45,19,27,43,10,30,21,37,48,33,41,26,25,40,43,37,27,45,30,19,36,42,36,29,16,45,21,16,23,43,22,44,12,41,37,24,25,15,30,14,49,13,43,16,26,45,12,45,35,30,49,18,21,49,24,31,35,27,29,38,10,13,27,21,48,30,28,34,38,45,29,35,47,12,16,46,38,44,35,28,12,14,13,39,16,50,13,17,50,44,22,27,14,35,15,35,28,15,15,17,22,15,24,40,32,42,34,31,42,46,24,45,32,10,30,16,34,46,11,44,34,34,19,19,36,33,36,14,47,41,24,31,31,31,34,16,38,21,46,11,11,40,43,35,48,21,35,31,14,32,46,12,15,41,36,41,20,21,20,31,13,25,10,42,40,16,14,34,46,28,40,10,39,37,20,36,19,14,10,28,20,34,16,27,36,37,25,19,44,31,39,24,23,16,27,16,43,46,26,26,31,19,22,25,12,42,26,20,47,41,27,46,49,31,46,40,40,21,25,42,27,35,22,39,23,23,28,20,33,26,25,44,41,36,14,44,27,48,42,16,47,22,36,25,14,42,28,43,42,32,34,34,25,10,30,37,19,15,32,11,24,14,37,33,24,20,32,47,29,39,34,24,49,31,38,45,49,11,18,33,39,22,21,26,11,39,50,37,11,32,21,21,32,26,38,14,23,39,26,32,43,45,25,29,24,46,39,18,28,32,18,17,11,27,23,50,19,33,45,41,15,14,26,16,23,22,30,47,42,44,17,30,13,45,26,20,24,30,45,35,45,35,14,23,20,33,11,37,23,45,12,37,42,14,48,38,23,18,25,50,42,39,32,11,20,35,23,44,37,43,49,32,48,45,21,38,13,41,30,26,23,19,41,36,44,13,49,21,19,11,47,38,44,31,20,17,41,12,31,17,34,30,31,20,30,13,48,41,11,40,29,12,41,30,28,38,31,32,11,19,37,13,27,20,20,44,13,46,21,24,31,18,24,50,35,43,27,40,35,43,28,14,25,50,45,16,37,11,15,29,16,31,25,23,19,38,16,39,27,43,20,45,38,50,46,24,13,32,32,49,44,30,18,15,45,36,32,40,32,24,36,18,33,18,28,13,36,31,34,37,23,20,37,12,14,27,22,38,48,24,45,41,16,20,47,35,23,48,40,11,29,47,27,34,43,39,10,35,26,24,13,13,29,23,12,13,30,40,14,39,34,33,33,49,42,27,29,48,23,35,13,18,25,15,34,27,22,28,25,29,15,31,35,34,15,29,30,36,47,17,26,30,24,16,20,43,24,45,45,49,23,32,50,15,21,16,33,34,10,38,18,46,22,10,24,45,47,16,12,25,36,23,29,48,12,40,46,47,25,13,37,45,21,29,20,21,14,38,47,45,34,18,28,22,20,23,42,49,41,13,13,14,50,38,48,37,20,32,36,35,44,18,45,12,21,12,41,27,38,40,35,48,26,37,33,12,18,32,16,35,39,12,41,28,36,26,38,48,42,16,29,14,30,46,18,41,12,18,42,19,45,33,18,50,40,12,26,49,39,17,15,47,32,11,36,49,27,30,27,47,17,16,37,38,17,32,49,26,24,29,16,17,16,26,29,25,20,43,14,39,21,17,33,35,42,25,35,31,16,49,17,18,25,12,38,13,24,47,20,35,18,49,45,34,33,46,13,12,49,20,19,34,34,30,21,39,48,41,36,20,33,34,22,20,46,34,26,35,29,25,47,25,44,16,11,46,40,24,28,29,49,15,10,42,43,30,14,11,26,29,35,21,47,14,34,42,31,38,37,27,18,12,34,22,29,41,28,22,33,36,26,48,47,38,44,38,28,25,37,13,24,23,45,16,27,21,35,20,11,34,13,30,47,29,22,13,35,31,46,36,40,42,32,25,20,40,16,26,34,22,47,43,29,21,42,17,21,37,49,22,33,44,21,24,49,34,25,25,46,15,21,10,11,45,23,31,39,11,35,17,42,45,13,16,14,49,49,27,46,48,35,25,40,48,26,21,10,36,27,24,41,45,31,14,40,18,37,23,25,27,15,41,10,16,42,44,24,30,28,20,42,19,42,23,36,13,15,44,40,14,35,39,18,43,26,35,26,26,46,27,28,44,31,42,43,12,14,44,16,47,28,39,37,11,13,28,44,29,25,19,33,36,21,24,27,26,38,23,28,23
13,16,32,27,45,48,43,40,41,19,44,10,32,44,26,45,23,19,44,32,45,39,15,47,21,35,12,16,46,26,45,40,43,24,38,46,26,36,23,39,45,34,40,16,13,34,35,34,41,39,14,18,24,48,45,35,43,25,21,42,22,39,26,19,28,21,43,32,14,37,37,10,28,29,38,40,30,15,46,17,26,34,13,25,11,40,34,41,47,22,29,41,33,32,42,36,36,28,21,49,42,35,43,45,24,44,14,11,12,27,45,15,22,25,17,17,41,41,16,24,25,17,18,13,20,23,12,14,12,11,44,38,42,32,28,31,11,42,44,15,31,36,30,45,35,10,42,14,47,26,38,43,42,44,29,26,11,47,21,42,13,25,31,45,23,31,16,20,22,48,11,44,27,33,37,15,44,25,15,37,38,28,28,34,49,39,27,15,49,30,14,44,38,30,41,49,18,47,26,48,48,44,33,15,23,34,29,14,22,21,49,31,20,18,18,14,13,37,16,28,19,14,46,30,19,44,41,30,27,50,41,42,45,46,20,41,26,25,39,26,36,37,26,41,36,25,39,11,17,46,25,46,24,28,31,35,17,25,13,28,29,24,39,19,36,33,27,24,31,31,11,43,26,18,11,37,47,30,35,33,11,25,11,38,17,47,21,42,16,28,40,49,35,12,31,50,32,44,42,45,29,17,40,49,32,20,14,45,35,22,18,14,48,43,46,25,45,38,44,45,29,24,18,27,18,45,30,21,26,45,36,14,14,49,26,19,46,29,33,19,28,40,25,43,32,42,33,11,12,11,40,27,25,47,27,38,45,38,26,26,48,48,38,11,24,25,14,19,46,30,39,11,37,32,10,44,40,39,30,42,20,45,45,19,16,32,49,13,34,20,33,11,29,17,48,11,46,42,27,39,14,46,41,43,34,42,40,50,18,28,39,24,31,47,16,24,26,21,28,10,14,44,47,32,39,16,11,19,27,40,23,34,37,17,14,36,34,13,35,49,30,34,29,31,37,39,46,29,27,47,19,11,11,28,22,40,36,18,35,24,40,26,18,36,20,16,13,28,35,23,23,32,17,37,15,14,23,40,17,18,44,16,43,19,35,15,27,47,49,30,38,21,32,40,24,14,24,48,50,23,29,32,23,38,20,41,14,38,23,16,14,45,23,23,47,40,12,27,23,28,15,15,27,24,38,10,44,34,35,42,43,14,17,34,45,39,28,39,42,37,17,35,41,31,50,49,16,42,19,13,23,43,26,29,36,49,13,18,23,39,32,46,12,23,47,27,41,25,27,45,49,15,26,40,18,32,15,28,37,43,27,14,16,24,48,41,39,14,45,43,41,24,35,29,43,21,18,35,31,40,39,44,33,42,10,10,20,16,26,23,15,34,49,13,42,22,47,36,39,13,31,10,36,24,39,42,28,41,24,49,14,31,28,26,11,31,35,39,32,19,46,35,19,47,15,44,43,19,49,50,43,41,22,25,35,43,30,43,35,35,29,39,16,39,41,31,50,33,45,27,25,47,35,33,45,30,12,24,36,28,34,22,19,33,31,19,49,24,33,33,30,48,34,19,28,34,19,39,36,15,24,42,49,35,43,40,21,39,49,49,43,19,12,33,22,34,41,11,25,24,27,42,20,22,44,31,45,24,47,47,45,16,22,20,43,16,17,40,46,17,22,37,40,13,21,16,29,32,47,14,14,36,43,37,15,28,24,28,39,31,11,18,26,12,30,21,37,48,46,17,30,20,27,15,26,33,42,21,11,21,46,34,38,20,43,12,25,29,49,34,24,17,39,43,24,44,45,28,41,14,20,21,27,22,42,30,18,36,32,37,23,49,16,47,35,14,43,49,48,39,45,33,47,14,34,23,26,24,38,14,49,23,19,35,12,40,46,40,45,10,41,32,42,37,28,48,47,33,40,46,29,43,20,22,40,37,13,43,23,26,23,20,39,36,34,44,38,30,23,49,27,20,26,45,47,41,12,17,15,14,14,33,26,42,31,12,11,39,23,10,22,17,50,27,23,36,38,20,42,16,24,39,44,44,24,34,29,46,28,11,30,22,37,14,10,40,14,36,30,28,10,39,21,46,14,29,30,11,42,16,43,10,46,45,14,40,37,10,23,15,47,14,12,27,15,13,24,24,12,22,46,45,30,32,49,30,32,23,46,45,50,46,33,41,19,13,35,49,28,38,28,44,13,18,13,23,15,30,13,28,37,27,16,24,27,46,50,36,43,19,18,48,43,46,43,21,30,15,33,42,26,22,34,27,46,18,40,45,34,44,36,35,41,46,45,14,46,43,48,19,21,15,43,26,23,22,24,23,10,28,26,39,46,14,31,32,43,34,20,44,18,24,27,38,32,20,31,49,35,37,45,12,30,42,44,37,12,28,34,48,26,22,22,14,26,42,38,26,40,41,44,41,39,36,12,22,29,12,23,30,48,15,28,43,28,36,32,14,12,24,18,29,41,37,22,33,39,10,29,25,45,27,35,15,41,16,15,19,29,10,21,21,12,46,13,33,45,11,48,38,44,26,44,35,24,15,40,39,36,46,18,42,49,19,46,22,47,36,49,45,15,45,11,22,48,39,34,32,19,18,13,32,25,15,18,23,29,13,12,48,33,35,41,26,10,43,35,19,46,38,17,14,21,18,33,31,29,47,41,21,15,31,34,27,26,22,39,33,25,49,15,25,20,19,48,20,27,24,22,30,36,20,26,34,12,28,33,27,38,25,47,32,32,45,16,28,20,20,38,42,12,32,22,17,17,19,29,33,47,47,37,38,33,18,21,21,27,31,36,47,38,22,36,18,27,48,42,18,31,33,34,18,15,33,11,37,32,11,19,46,32,20,22,48,20,24,16,33,34,18,34,46,31,44,25,47,25,25,38,46,41,30,43,16,31,20,35,30,21,45,17,43,10,12,24,20,36,14,15,26,42,46,13,44,30,36,42,34,29,14,29,40,46,40,31,19,12,16,21,28,19,25,39,49,28,39,15,35,41,42,39,24,39,17,24,41,47,44,31,21,49,23,19,29,50,31,42,30,20,33,44,14,44,30,29,37,12,13,40,49,40,23,27,48,48,33,25,15,30,45,11,20,34,36,16,23,43,19,11,39,18,28,42,24,21,42,18,27,48,34,12,16,23,38,20,49,16,11,38,20,14,10,18,28,40,31,33,26,33,11,36,31,43,28,44,28,24,21,27,24,39,38,33,15,33,46,21,48,19,21,18,49,43,26,29,13,42,46,36,42,39,22,21,48,33,39,25,26,29,47,21,19,47,41,29,45,28,45,10,45,14,46,14,13,44,46,31,15,36,48,25,21,45,39,20,12,14,27,40,50,47,41,27,40,12,39,43,22,26,27,16,45,40,33,17,16,26,45,20,21
46,20,22,37,50,37,41,31,43,42,17,26,33,22,27,44,17,38,47,38,17,20,33,49,28,27,12,15,48,26,27,31,17,28,45,30,25,20,13,18,35,17,23,42,17,32,12,46,23,43,39,48,15,25,50,36,12,27,19,19,15,31,17,11,31,19,33,45,15,23,16,14,37,26,21,20,45,44,17,33,30,39,19,39,42,46,43,40,35,30,38,32,48,33,47,15,48,45,12,27,34,26,17,45,10,48,28,35,15,31,44,49,13,33,33,23,24,25,12,50,50,29,45,41,41,19,37,30,11,27,36,19,25,16,11,17,44,14,31,19,31,28,16,21,35,49,47,46,38,44,29,48,20,16,49,39,40,15,27,15,37,45,16,37,27,30,43,15,31,33,10,27,28,36,42,50,20,41,21,44,20,28,11,36,31,49,47,31,49,21,19,30,30,33,31,32,18,11,17,13,22,21,20,23,42,44,16,34,35,41,28,23,47,24,43,46,24,37,22,14,29,29,25,42,17,32,34,15,16,50,48,39,33,48,25,50,22,11,34,24,18,33,12,49,26,35,22,49,21,32,32,35,33,34,46,44,39,13,44,27,36,47,32,26,25,45,50,36,14,20,27,29,31,27,49,24,23,17,23,49,47,13,46,33,45,43,36,17,46,40,25,32,25,14,27,18,17,34,44,46,29,20,25,30,39,34,12,42,37,16,46,27,11,43,19,31,13,33,35,28,25,43,44,16,39,15,33,23,27,43,25,11,31,19,43,14,42,43,48,43,21,13,36,45,27,15,44,13,40,32,21,17,43,13,40,20,50,38,38,37,24,43,12,49,39,16,12,35,13,19,24,31,47,19,32,16,19,39,27,33,48,46,43,15,24,31,15,39,37,50,46,14,39,10,26,33,16,11,28,41,48,20,31,13,21,39,44,11,42,43,34,33,19,19,15,33,13,48,29,30,48,31,20,42,46,27,21,32,33,17,15,20,44,28,25,25,32,31,15,22,34,38,37,45,27,18,33,26,26,29,43,31,21,49,45,33,26,13,42,12,14,39,40,26,23,19,13,36,43,33,21,35,28,31,46,31,48,43,23,47,26,33,31,33,16,11,48,43,34,39,25,16,41,33,31,18,50,21,22,38,41,14,24,26,46,38,10,17,45,13,17,11,28,35,43,39,29,14,39,50,47,48,14,17,33,23,39,26,25,40,31,48,30,27,28,37,19,31,19,24,29,12,32,42,45,44,32,36,26,47,17,37,19,48,19,19,22,38,24,14,25,18,36,47,17,11,29,27,26,38,39,39,14,46,29,21,39,41,47,31,16,42,25,13,44,45,24,11,41,36,49,10,20,28,30,44,44,33,16,18,28,38,18,46,30,38,33,27,41,33,38,17,34,45,47,12,27,36,45,48,33,48,50,39,41,50,49,16,22,19,48,42,15,37,10,28,26,30,32,33,36,34,40,50,50,37,21,35,17,47,32,49,49,36,15,45,41,29,46,47,19,34,25,29,49,35,39,50,41,38,11,45,37,12,24,17,14,37,19,38,49,40,37,48,30,12,29,35,16,36,32,28,38,11,27,13,47,13,35,47,19,13,16,34,20,27,50,24,39,22,16,49,20,19,25,20,40,25,25,17,25,11,47,13,18,18,19,11,42,24,33,26,20,36,24,12,17,34,44,35,33,24,34,42,50,46,30,26,39,22,41,12,43,27,43,24,13,42,19,36,34,30,22,25,38,13,41,24,22,13,16,33,22,32,47,18,19,25,32,32,37,18,39,20,44,32,10,35,37,17,49,27,23,49,44,43,11,32,27,38,42,14,24,23,20,25,24,29,30,26,36,41,11,40,48,42,10,27,48,49,38,11,30,17,45,19,11,31,29,26,23,30,15,36,13,50,38,28,26,26,41,22,42,24,42,36,47,12,26,45,47,36,46,46,30,30,42,27,11,19,41,13,15,42,10,29,44,49,44,13,47,25,50,43,40,30,42,42,26,27,27,31,41,34,39,19,44,28,24,46,33,49,36,36,28,37,30,34,18,33,44,45,31,25,33,44,23,12,33,25,28,38,49,26,22,43,18,48,42,47,33,22,18,42,12,24,31,38,28,44,17,28,49,22,24,12,26,15,17,23,26,21,43,30,37,43,37,26,12,48,19,36,44,28,13,47,34,17,13,12,20,29,29,22,49,17,10,29,19,24,14,48,37,39,30,44,45,39,11,32,45,39,11,32,31,44,21,23,38,47,35,39,30,15,35,28,28,11,46,21,25,46,14,11,19,16,48,11,14,27,25,16,13,49,34,37,48,19,22,12,13,20,13,42,28,45,12,47,29,13,35,30,21,14,14,34,45,42,45,29,48,29,44,37,36,23,31,15,30,11,50,19,46,41,14,23,39,30,11,34,21,49,41,48,46,24,15,28,33,15,45,47,38,14,32,40,20,23,12,23,13,43,25,22,45,33,14,36,26,16,44,18,43,17,16,14,22,34,27,28,44,30,34,13,39,16,34,35,24,31,20,32,42,18,15,17,14,33,47,39,43,36,43,22,37,16,47,14,42,39,43,11,27,31,42,34,29,35,41,11,35,26,35,21,22,36,46,37,21,24,42,34,48,40,37,27,13,42,31,14,33,32,18,41,19,22,28,48,47,39,50,39,44,32,34,45,13,17,16,25,25,41,16,34,27,40,16,21,38,26,11,35,15,30,32,26,26,16,49,46,41,39,21,21,46,19,21,40,45,33,18,35,16,48,40,44,33,24,24,43,30,50,20,32,16,48,18,16,32,26,12,23,29,23,25,16,24,13,32,24,38,50,38,34,27,33,28,18,29,21,20,41,49,13,25,14,25,17,32,13,18,42,15,23,15,21,39,15,19,46,21,35,45,11,30,28,48,38,30,19,49,11,24,45,12,21,31,14,21,49,37,29,32,43,44,34,42,33,40,40,35,17,18,33,21,28,18,28,29,33,26,44,24,34,38,16,46,34,24,32,33,29,21,32,45,29,21,33,35,20,47,43,16,40,19,44,50,43,35,35,13,11,21,23,40,34,37,33,48,16,48,32,36,21,29,30,41,18,20,42,11,40,22,45,21,19,12,45,47,24,21,22,49,33,37,24,38,22,23,25,38,36,42,38,25,19,21,46,13,15,39,46,34,40,17,16,26,32,27,47,48,37,34,42,40,42,16,32,16,39,44,28,42,20,14,24,31,38,48,34,25,48,28,33,19,42,25,25,17,13,33,23,37,36,28,22,33,20,19,47,45,20,19,11,42,19,43,32,33,34,19,15,35,20,13,39,14,10,31,46,22,12,29,38,30,11,46,20,40,17,48,14,37,43,27,29,12,31,37,43,45,48,18,37,32,23,15,15,24,20,25,46,30,47,26,20,34,41,40,34
10,10,25,13,49,20,20,28,23,43,28,44,47,23,14,39,42,32,43,21,27,17,17,30,46,45,43,20,27,13,26,32,41,47,26,40,50,18,43,22,28,38,43,14,48,19,11,31,11,44,11,22,35,20,42,11,46,21,30,31,29,32,34,42,12,39,31,35,13,21,31,14,19,43,35,45,45,33,39,38,31,10,41,27,50,44,27,32,18,22,48,15,21,27,30,31,40,12,27,12,35,39,38,31,43,32,41,36,34,44,48,41,42,49,48,30,20,31,41,18,38,18,14,10,47,33,37,16,23,34,49,48,15,33,19,22,45,47,18,23,29,39,47,19,28,28,31,22,14,45,43,21,44,26,14,21,24,36,37,43,33,39,11,47,19,33,45,39,38,38,17,30,48,17,32,20,40,18,36,35,12,25,39,35,44,32,11,46,47,27,40,41,14,49,46,49,32,38,45,29,16,46,12,38,13,38,34,19,45,40,11,14,13,45,12,44,35,22,43,30,11,23,17,49,39,12,33,30,23,23,41,25,48,12,24,23,20,12,48,50,14,45,17,39,20,16,31,12,12,44,18,40,33,39,49,24,26,11,20,44,36,42,36,23,40,11,49,28,23,46,23,34,18,39,11,50,33,23,33,24,47,34,45,46,12,27,18,40,31,37,16,19,21,28,37,24,21,20,19,27,38,37,12,24,13,11,48,34,17,11,47,14,42,38,31,44,46,29,26,46,30,38,50,12,38,16,22,31,45,12,16,49,38,43,17,45,27,18,24,42,20,29,45,18,25,48,40,17,12,45,45,40,43,22,36,18,43,35,37,33,10,27,36,42,26,16,33,36,40,47,30,36,16,16,47,36,37,12,48,40,13,15,12,23,30,48,40,32,41,19,38,15,17,10,30,18,46,44,37,38,18,20,37,12,26,22,17,15,39,49,37,13,24,38,33,34,16,17,34,33,11,41,35,38,35,49,25,34,42,49,50,18,36,22,47,34,22,43,19,24,32,27,16,50,29,28,40,27,31,35,28,40,45,22,37,45,29,12,48,43,48,36,49,25,25,33,32,25,32,16,49,48,22,16,43,46,28,34,25,38,35,22,43,46,36,33,42,43,39,31,43,45,13,33,19,15,20,14,29,46,19,23,34,10,32,37,44,23,32,39,40,12,40,16,38,39,49,22,36,37,41,22,41,23,12,10,36,18,30,49,11,33,11,13,35,19,33,11,13,14,11,29,44,35,22,45,32,23,43,18,10,18,25,43,25,31,43,35,40,39,44,35,26,10,15,37,25,21,13,12,36,26,46,15,24,35,10,45,27,15,49,34,19,42,12,25,23,26,26,13,24,48,30,21,11,37,47,45,46,42,47,18,39,31,43,20,40,12,21,24,31,24,12,50,30,30,34,28,13,13,37,30,23,29,17,21,23,30,26,20,29,23,36,33,20,37,49,44,41,11,23,10,15,17,44,43,38,37,45,26,13,26,46,43,31,33,28,13,17,36,27,43,41,15,42,29,45,17,41,18,21,18,18,23,26,47,37,42,43,15,11,43,35,18,15,37,24,13,25,37,16,32,32,39,36,30,27,49,37,11,46,29,41,19,10,13,41,47,41,15,41,47,15,36,33,33,40,14,42,14,34,39,31,47,30,23,47,41,34,13,49,34,39,15,42,23,25,50,31,45,12,11,47,11,24,44,39,21,39,40,18,16,29,27,26,15,49,13,13,23,25,24,12,19,41,39,32,38,11,37,31,30,42,11,29,28,19,27,26,39,40,26,16,16,15,37,28,26,34,47,17,22,49,20,18,29,11,11,39,47,34,46,28,29,43,39,29,30,48,10,21,49,25,47,19,32,42,20,27,26,27,43,43,24,28,42,22,12,14,35,19,16,29,30,13,28,37,22,39,34,50,24,25,42,45,33,46,33,33,13,39,33,24,45,18,44,19,21,15,32,27,18,25,27,21,24,47,38,13,48,24,16,46,47,38,12,44,11,37,31,14,30,11,38,46,35,36,35,27,29,39,27,22,33,36,44,24,15,33,36,30,11,47,28,36,50,40,33,17,46,46,30,31,19,37,21,34,11,41,16,41,40,48,22,13,19,45,22,46,34,30,35,17,26,11,46,10,39,28,38,47,45,15,27,46,10,37,46,24,36,49,33,44,14,47,49,37,10,29,30,25,49,49,21,16,50,31,43,31,36,16,48,34,27,49,11,28,25,11,49,36,11,24,38,41,13,44,38,26,33,23,12,19,48,48,16,39,48,16,32,39,38,33,46,45,14,26,44,38,19,39,14,46,47,45,37,27,40,32,11,11,47,25,42,16,35,13,24,40,13,20,46,47,21,18,13,46,10,42,24,17,34,17,13,49,35,40,38,38,10,47,21,27,37,18,22,41,42,22,14,31,34,38,46,34,15,20,30,37,42,48,19,21,48,47,24,46,11,34,15,13,27,12,29,30,49,43,15,50,50,17,19,33,43,23,16,20,14,41,22,33,15,42,15,40,24,37,32,26,24,38,28,41,30,19,28,11,30,25,39,23,29,33,18,17,22,21,32,49,13,40,40,44,35,24,48,33,16,14,41,13,47,27,32,15,35,35,12,43,47,47,12,34,34,11,46,30,17,40,40,29,44,44,44,24,48,31,24,26,41,30,17,47,33,37,42,45,28,31,12,15,22,46,42,13,20,34,32,21,33,47,26,30,19,36,30,26,32,23,49,14,45,16,42,37,26,33,34,33,48,43,36,46,41,27,41,34,47,14,16,31,15,42,48,49,49,29,42,16,18,48,18,26,44,38,47,30,23,40,44,16,36,14,49,45,42,22,45,42,38,47,48,44,19,21,38,33,34,38,36,12,26,31,39,18,32,37,19,18,14,16,11,23,39,39,48,46,11,20,48,23,17,25,30,44,20,16,42,21,49,47,17,17,26,35,25,15,33,14,28,25,44,21,48,36,19,16,14,31,24,29,34,22,44,37,27,44,45,26,14,23,12,32,44,13,28,14,46,40,23,19,45,29,20,23,31,43,16,12,22,40,17,35,31,19,34,17,12,17,10,30,21,13,14,35,47,23,13,35,18,11,36,41,41,22,17,41,22,36,32,14,37,30,38,27,17,16,36,43,14,23,32,16,11,15,11,18,40,36,14,45,36,23,19,22,12,16,37,24,40,44,34,38,44,21,47,34,15,28,15,36,12,42,13,41,20,39,12,41,17,22,44,45,15,20,19,18,11,28,46,15,44,22,30,20,18,49,46,29,23,17,28,22,30,23,42,12,20,38,22,31,12,42,20,25,14,22,49,29,38,45,31,29,37,30,16,25,17,25,19,39,33,28,16,24,44,16,34,12,16,46,49,14,48,21,48,28,45,37,36,46,28,29,29,21,42,30,26,22,11
17,25,37,24,48,14,14,32,37,20,11,24,26,41,50,37,43,19,42,34,13,30,36,16,12,30,31,16,34,30,47,27,42,40,49,25,40,25,36,29,43,25,22,44,14,35,27,12,47,30,50,15,38,26,35,26,19,43,30,20,29,11,49,27,13,22,44,25,25,39,34,24,37,14,22,14,36,27,49,25,16,40,21,11,38,49,14,31,39,19,20,29,15,40,23,27,11,34,41,41,26,20,16,33,33,28,25,45,16,23,18,31,47,19,28,42,23,16,19,22,42,30,47,45,27,15,15,26,20,25,43,45,15,34,33,23,34,14,22,41,37,25,33,29,37,20,26,45,13,22,38,44,20,16,39,37,29,27,42,42,42,19,31,43,50,25,32,36,26,17,15,23,32,36,17,42,11,40,30,33,16,24,11,16,25,39,28,12,15,27,38,31,25,31,36,11,15,23,35,37,36,43,13,50,47,33,20,46,10,30,47,44,24,32,36,19,28,11,25,47,11,21,33,38,22,34,48,41,16,49,21,31,33,23,32,29,43,15,37,15,32,23,39,22,21,28,31,27,23,46,30,44,26,22,27,10,43,18,26,46,35,31,13,23,26,45,20,15,40,25,22,13,45,49,40,12,23,30,21,34,38,23,27,22,15,15,12,27,20,27,35,35,30,40,41,33,20,13,23,26,37,30,43,23,40,39,24,39,22,24,38,27,33,15,14,48,17,28,23,41,33,39,45,31,41,12,36,13,16,40,16,14,46,23,16,46,29,27,17,10,43,23,44,27,18,13,28,47,50,20,16,13,14,27,29,49,36,29,27,43,41,30,33,21,49,40,45,35,42,37,46,15,29,12,50,19,16,15,33,46,13,25,42,41,29,30,27,17,15,25,46,13,23,29,43,28,41,31,28,33,49,45,46,40,13,28,15,32,45,18,17,24,28,43,34,48,16,43,26,15,14,41,11,41,41,17,25,44,34,36,27,30,11,13,17,11,30,24,11,41,29,39,14,28,49,23,46,21,18,13,18,28,39,13,23,46,21,45,27,37,25,36,21,47,42,36,23,33,11,19,14,27,37,49,34,20,47,38,16,17,49,38,21,40,31,35,25,27,36,13,20,11,28,37,16,23,19,16,44,47,18,40,50,45,18,15,39,47,15,15,34,44,16,27,32,17,39,29,12,46,32,22,24,43,19,45,34,42,33,22,13,18,23,28,36,26,41,31,16,28,16,12,36,11,12,15,20,46,45,46,43,39,16,21,39,34,41,13,19,44,37,30,30,31,15,41,20,17,38,16,34,18,25,37,23,13,36,27,32,26,39,35,35,49,46,25,44,37,11,41,17,15,37,27,39,35,35,36,13,48,12,42,50,12,11,41,13,22,16,18,39,40,14,27,46,39,25,39,44,16,14,40,10,20,29,19,32,13,22,44,13,22,35,22,32,17,31,13,39,48,40,35,45,35,36,37,40,27,35,47,25,15,17,41,41,39,45,45,27,39,20,42,30,49,25,10,20,41,34,21,11,34,22,16,47,31,36,16,23,18,30,50,34,44,22,11,38,48,20,25,43,37,28,23,36,41,40,41,47,47,16,50,26,40,47,35,33,42,12,47,12,15,48,22,38,31,44,46,39,40,33,17,12,34,14,33,12,46,28,10,36,27,48,38,29,42,34,45,11,11,18,12,14,41,11,20,45,46,23,45,22,16,29,30,30,44,23,49,45,45,37,46,29,38,49,14,24,16,30,25,36,25,36,15,23,48,38,44,43,40,19,29,46,13,32,35,45,35,23,46,35,45,10,39,39,21,24,24,46,33,47,32,21,36,48,38,42,16,12,30,11,35,35,29,22,30,48,17,36,45,30,21,38,44,15,24,11,36,22,41,49,41,13,49,38,44,16,25,40,26,22,12,25,26,20,12,23,26,13,11,49,42,21,42,14,13,30,25,24,31,42,35,22,43,33,16,15,23,49,15,26,24,37,47,48,26,24,45,34,44,37,16,31,40,34,13,14,20,31,22,19,34,25,29,26,12,24,28,15,24,17,15,13,31,46,27,33,47,27,38,49,44,19,37,16,32,18,36,30,49,42,33,17,19,34,17,17,50,26,39,22,14,11,49,15,36,46,29,12,39,15,40,22,35,30,48,50,45,33,42,47,25,34,36,27,42,49,46,42,38,17,12,41,43,21,11,46,31,48,13,19,39,49,11,35,18,22,49,48,45,12,14,37,49,40,11,42,44,31,40,14,36,15,33,36,11,15,24,49,31,42,40,29,40,40,21,18,46,21,24,19,49,40,23,40,32,40,38,17,35,29,41,10,49,30,30,35,44,50,34,37,30,47,28,39,13,19,37,20,40,32,22,38,48,43,42,22,43,15,13,40,19,27,35,50,21,15,50,25,18,29,36,45,18,26,38,22,34,17,22,38,32,32,20,34,42,36,35,27,42,17,28,18,27,19,35,18,41,11,19,15,28,45,29,21,26,14,25,38,21,26,39,28,15,26,34,32,16,20,21,15,35,42,28,19,22,13,26,28,18,16,41,16,45,42,13,20,20,16,48,25,39,23,21,41,25,28,13,15,31,39,22,13,33,20,15,20,48,31,12,26,21,29,38,45,23,21,20,23,41,34,37,35,35,22,31,16,22,39,43,24,10,45,30,47,49,18,50,19,24,34,11,35,28,40,28,36,21,30,22,32,26,25,46,46,21,31,13,42,37,15,40,27,16,33,40,31,41,18,33,33,34,28,19,18,29,50,47,30,14,27,19,21,12,19,27,15,49,24,42,37,40,34,46,38,27,23,41,38,23,20,40,15,24,38,45,34,24,37,15,40,18,11,19,24,33,37,43,34,40,21,30,25,46,28,24,17,21,17,49,35,29,34,21,18,32,20,38,29,43,23,43,15,33,25,47,12,32,44,12,30,32,34,30,44,44,49,27,14,16,16,37,43,37,30,33,40,20,14,36,48,19,31,41,35,32,35,25,12,42,10,37,46,32,18,25,33,31,26,18,36,21,10,14,15,33,38,41,38,48,42,44,48,50,19,43,17,46,30,49,49,35,25,23,19,39,22,45,35,41,37,40,47,13,36,32,43,26,46,30,14,49,46,47,22,19,46,49,41,25,47,10,17,27,29,11,33,44,18,30,18,16,35,16,38,31,26,16,43,43,34,47,14,50,13,14,46,35,43,29,41,39,19,50,48,34,43,38,35,50,23,22,25,32,14,18,12,18,42,28,16,32,10,44,19,30,23,45,46,17,24,48,29,13,25,22,45,17,27,11,11,37,39,22,39,23,46,46,13,44,15,36,18,26,42,32,19,29,50,27,16,11,20,19,34,24,15,28,32,46,23,33,45,14,27,15,46,11,27,17,41,30,33,12,30,34,38,20,20,38
20,35,11,38,47,12,15,48,41,33,24,47,30,13,26,41,38,26,23,36,13,36,17,23,15,19,19,15,12,46,38,30,10,33,41,45,46,39,39,38,30,44,36,18,23,11,42,44,38,12,25,12,33,46,22,47,21,24,42,23,24,11,23,13,35,11,18,25,20,50,37,18,48,47,41,34,21,19,29,41,19,36,42,48,44,11,28,12,48,27,48,16,24,24,31,50,31,23,46,45,20,33,34,42,19,36,16,34,43,37,20,42,37,27,18,35,40,47,27,19,39,26,47,31,24,21,46,28,14,21,22,38,30,42,35,40,45,44,32,17,38,44,17,47,20,16,28,22,46,48,16,35,23,19,21,44,18,45,35,36,33,31,19,38,33,30,49,14,27,21,13,16,32,45,48,12,22,47,10,36,16,47,37,29,12,47,18,16,30,18,42,22,14,40,42,28,22,29,41,13,28,19,31,45,25,15,45,39,35,23,33,14,49,49,13,27,13,38,18,42,19,25,14,29,36,41,16,49,32,33,47,33,24,26,26,43,14,39,15,12,31,10,44,11,23,42,12,22,44,25,45,32,15,36,28,27,19,48,47,27,10,47,16,46,39,41,10,28,22,49,46,41,14,16,39,23,10,28,36,31,29,28,43,12,16,37,11,10,22,18,25,33,30,18,44,13,27,15,26,34,43,36,14,48,39,49,18,35,29,16,31,21,35,39,32,18,26,35,42,29,12,18,13,13,37,35,30,44,13,33,33,14,33,18,39,35,30,12,32,39,45,31,32,34,41,28,35,35,20,26,35,22,12,20,23,40,45,23,24,13,36,35,15,46,31,11,48,18,34,38,19,26,46,47,18,34,21,33,41,39,35,44,44,10,35,35,24,28,30,42,33,43,45,25,42,11,37,36,22,32,17,23,26,31,21,42,41,50,26,16,46,49,36,35,22,38,21,21,35,14,45,35,26,48,10,28,26,32,25,46,45,35,43,39,34,27,24,38,33,43,26,27,42,20,47,39,26,15,10,23,30,37,31,37,50,20,46,20,44,27,32,46,36,28,27,39,31,47,28,22,30,33,36,42,47,36,39,42,39,30,46,41,46,13,46,49,49,34,26,49,28,15,10,43,39,26,21,37,28,13,15,31,32,46,37,39,20,47,31,47,49,44,10,40,25,33,11,28,12,29,11,33,47,16,21,20,11,14,42,41,32,43,15,28,18,48,13,47,21,39,37,34,28,25,25,34,25,34,28,23,48,20,20,30,28,47,16,26,27,36,41,49,35,47,22,43,42,24,16,47,16,16,23,15,23,29,19,48,24,21,47,16,47,49,18,32,49,23,13,15,26,29,15,33,23,38,43,38,15,40,19,12,45,22,43,36,50,48,25,15,44,46,37,17,14,47,17,36,13,33,44,30,48,30,19,34,26,46,19,29,35,45,41,30,32,28,15,27,43,17,49,24,46,24,25,20,30,21,45,20,10,45,44,18,34,26,16,27,20,44,39,36,37,16,23,45,43,28,14,36,31,33,17,14,48,32,49,47,47,27,21,39,23,22,36,21,34,39,34,23,41,43,27,47,22,13,20,34,32,49,35,48,29,39,13,30,35,39,41,15,20,24,43,18,33,49,34,31,13,26,34,39,14,44,40,39,39,13,19,22,24,12,45,44,10,11,35,36,11,36,31,35,15,46,27,50,47,18,13,43,38,20,18,14,44,42,42,41,29,22,47,38,14,23,39,47,26,17,27,21,50,45,35,19,48,25,21,26,31,20,43,31,32,30,35,19,26,38,38,44,26,43,40,11,16,16,45,21,43,45,45,48,31,20,23,50,11,14,24,11,29,48,50,44,27,26,36,19,31,32,39,12,28,20,15,38,13,25,34,26,36,24,19,43,23,20,13,14,12,49,36,29,37,32,30,27,13,30,30,48,16,28,29,48,13,42,43,42,17,42,35,25,14,39,16,26,22,28,29,32,29,12,27,33,32,20,24,48,40,19,40,43,19,36,39,29,39,31,22,34,35,38,30,41,36,21,16,43,33,34,25,16,31,25,47,11,11,25,11,31,26,12,25,20,32,41,48,33,30,35,16,37,20,32,46,43,35,40,25,39,49,29,19,46,21,30,16,47,27,44,38,31,30,34,21,35,42,34,24,33,29,12,30,46,28,18,18,10,38,42,17,30,40,41,11,11,33,24,31,17,46,26,16,37,19,32,35,24,23,20,40,10,19,30,24,41,32,15,17,42,11,40,31,26,44,41,18,27,37,43,41,10,20,28,38,37,12,21,28,32,18,38,37,14,25,43,35,48,26,19,18,21,38,46,22,25,45,38,17,29,37,28,45,39,50,24,35,15,33,41,23,20,44,49,39,15,43,44,30,18,48,30,38,43,24,26,31,13,49,38,17,29,41,42,26,23,34,24,29,10,34,49,37,43,31,43,32,31,18,46,25,34,47,16,41,36,23,18,46,29,21,44,34,36,42,36,32,23,31,10,27,20,17,12,45,24,35,30,22,23,11,30,48,28,19,46,42,14,21,40,44,37,46,48,19,16,42,49,20,11,35,21,39,42,34,30,50,23,43,26,22,46,23,20,44,16,48,19,28,17,38,12,15,34,17,31,41,32,36,35,18,16,19,28,20,33,36,24,16,26,34,45,31,24,48,43,27,22,34,24,37,32,40,24,12,42,40,49,32,36,43,41,49,22,31,12,34,40,36,22,11,35,44,40,31,46,31,21,34,29,16,15,22,44,31,40,39,12,33,18,33,47,22,18,49,40,34,17,43,11,29,42,42,26,27,39,16,34,14,44,11,49,19,45,35,46,38,26,13,16,23,27,40,14,21,11,49,11,25,43,21,18,35,44,34,44,30,16,42,13,47,29,19,32,49,33,40,44,39,34,49,44,15,22,14,25,12,11,18,47,37,23,21,25,30,38,31,16,12,28,10,19,15,44,17,19,46,14,23,28,22,45,20,28,20,24,34,23,11,33,29,37,41,28,21,39,32,34,35,30,48,45,33,39,40,28,31,48,28,24,15,41,25,39,16,28,29,35,11,29,26,32,43,32,17,11,24,25,22,17,45,43,17,25,22,49,28,36,45,31,40,35,26,12,38,37,35,18,10,42,48,40,17,28,40,48,34,42,17,39,34,10,35,45,11,35,37,39,38,16,23,31,42,19,29,39,12,43,20,30,40,23,24,44,39,46,32,11,15,47,26,18,11,44,25,48,22,49,48,42,24,27,44,43,41,18,38,30,17,30,38,19,12,43,42,17,33,21,41,41,22,40,32,33,35,11,17,31,39,41,21,23,41,39,47,39,39,41,42,18,30,47,25,28,42,36,45,40,17,35,42,36,46,47,36,47,37,11,26,36,43,49,35,18,25,17,36,26,46,49
38,46,41,12,21,25,23,39,30,16,22,41,20,28,22,28,30,50,13,28,44,24,26,24,22,26,37,26,23,42,31,21,17,47,25,39,38,45,22,30,16,35,10,47,45,11,30,41,30,17,47,20,15,42,42,39,13,12,45,32,39,20,47,29,17,39,16,16,28,28,18,36,32,44,30,23,23,44,30,15,12,14,44,31,18,48,15,32,16,27,41,16,27,31,16,33,32,13,14,24,35,18,10,19,19,35,47,44,15,45,15,13,34,11,16,35,18,25,17,31,14,28,15,30,45,33,29,34,24,28,23,45,19,40,27,13,20,11,18,28,17,32,29,37,21,47,41,48,24,31,18,24,31,24,50,14,40,38,33,32,42,25,45,18,20,23,26,47,16,26,21,43,41,26,24,45,25,24,35,36,45,35,23,38,16,11,35,21,33,18,24,47,49,38,41,50,32,30,24,48,23,42,16,41,34,26,33,49,20,48,46,16,25,45,49,38,22,12,31,16,30,15,31,39,40,21,37,19,33,22,11,10,11,42,25,12,46,42,40,25,22,46,41,46,18,38,44,32,47,14,33,32,48,49,14,32,16,28,38,36,42,35,12,14,25,26,20,20,36,43,40,13,17,28,12,12,36,37,44,42,16,49,46,37,30,30,14,46,23,47,44,31,46,21,28,13,38,49,46,20,27,50,18,14,11,45,17,28,19,48,21,28,12,36,50,18,38,47,36,40,28,22,12,16,42,41,39,44,44,48,21,50,24,26,39,34,40,37,39,17,19,20,31,39,32,11,43,34,20,13,50,36,28,32,34,45,28,16,38,23,24,16,32,12,32,26,13,26,27,21,12,24,48,29,21,39,22,36,38,47,35,11,21,25,48,35,19,38,19,25,11,38,48,25,31,43,41,36,34,17,21,17,50,20,43,18,17,38,14,15,44,27,44,35,14,32,22,35,37,41,35,49,10,27,49,26,30,31,48,16,24,22,38,49,25,40,44,18,34,44,14,35,28,11,28,11,36,22,15,50,29,43,39,17,42,48,18,35,49,17,28,50,40,31,45,13,24,44,25,30,11,43,42,23,16,15,11,46,35,30,25,48,26,20,15,35,28,17,42,46,16,46,15,37,16,35,29,43,32,38,43,30,20,12,12,38,19,15,30,20,42,16,24,41,50,48,38,38,13,30,18,11,29,48,30,29,36,15,49,31,42,44,41,47,22,13,14,11,36,12,43,22,21,25,41,11,46,36,14,11,14,43,16,38,11,15,33,22,35,13,41,22,35,38,29,50,50,38,37,19,31,37,27,15,45,33,43,26,40,19,46,17,37,28,19,41,46,11,16,36,24,16,23,15,38,49,33,30,34,39,32,13,21,14,36,30,12,47,17,25,33,48,27,20,39,14,21,21,37,30,43,20,46,42,24,26,19,33,48,38,44,38,42,31,22,30,38,32,23,46,38,40,42,16,49,29,37,25,49,22,41,26,25,37,31,24,49,37,28,38,50,36,18,31,28,37,37,17,50,45,41,22,30,14,34,38,45,47,16,20,14,41,48,36,47,20,23,10,48,14,38,18,32,46,39,13,10,17,47,34,41,15,25,41,32,22,48,25,15,41,37,27,18,24,22,23,13,31,29,19,35,46,17,44,27,13,11,41,47,16,44,18,32,33,25,22,46,32,29,40,38,37,37,46,44,23,45,37,46,16,33,41,34,12,47,41,17,17,42,24,11,33,49,39,21,39,35,21,19,46,11,33,19,23,15,17,49,22,46,32,15,26,21,43,28,42,19,28,37,39,21,43,39,26,50,44,33,42,24,38,16,14,19,21,37,36,29,12,41,49,13,38,16,35,30,24,15,46,33,13,36,15,19,28,10,29,37,47,17,10,37,25,18,12,35,33,21,25,29,15,21,47,15,21,30,49,12,22,29,41,36,40,18,21,47,33,37,49,18,15,29,48,31,42,44,34,32,37,47,23,44,48,15,42,22,12,17,14,12,37,45,30,38,47,39,24,11,42,31,30,14,10,16,12,17,35,28,41,47,14,33,45,34,19,49,17,30,21,45,11,19,32,20,12,19,34,23,50,29,18,19,21,14,25,46,31,46,30,48,18,37,41,37,41,32,41,23,11,45,11,47,47,38,37,24,21,39,35,13,28,16,43,41,15,40,47,11,46,45,39,12,32,42,13,21,23,40,19,20,22,28,26,19,24,31,38,19,13,49,48,12,37,46,49,11,30,29,38,29,48,37,24,15,32,26,49,16,48,30,45,32,41,35,39,11,31,28,23,25,30,24,34,17,17,36,22,33,21,47,42,36,39,22,44,32,20,17,13,38,40,17,43,12,42,44,24,37,28,48,27,35,41,48,45,40,14,16,34,44,35,29,29,47,30,10,44,17,18,26,36,20,43,45,40,46,19,11,37,17,30,47,26,42,42,10,14,42,26,22,40,39,26,28,37,40,48,28,44,32,33,38,46,37,31,39,15,11,40,11,48,18,19,40,34,21,37,19,12,14,13,48,17,35,10,40,44,19,30,20,27,18,44,38,29,39,16,42,10,13,20,26,38,30,14,41,28,31,25,26,22,24,16,39,10,30,19,21,29,19,33,10,28,50,42,25,31,39,15,50,31,38,40,33,22,40,23,19,30,41,37,41,17,36,42,14,17,17,39,27,19,27,37,38,23,35,38,21,48,42,23,28,31,18,16,31,34,14,36,35,41,35,40,30,47,19,25,23,24,32,21,50,21,41,42,16,26,47,30,39,19,23,25,34,45,18,27,21,48,34,30,38,22,29,22,25,50,44,33,21,28,30,20,35,30,46,15,32,49,16,16,21,25,16,15,13,16,23,14,38,26,49,39,18,16,14,17,20,29,14,22,33,43,23,27,30,34,43,16,30,42,44,26,40,25,10,25,45,44,16,24,14,11,20,33,25,47,28,16,39,46,48,28,40,23,36,28,35,13,33,36,21,48,30,39,17,40,29,37,43,37,41,26,18,38,24,37,20,12,28,48,48,30,27,37,23,41,48,22,15,23,38,24,27,22,36,40,41,41,10,44,37,48,40,33,15,11,35,37,39,20,40,31,18,15,42,45,43,28,26,35,46,45,28,38,36,22,44,33,14,33,12,45,31,17,33,12,40,28,49,39,35,42,47,28,47,37,42,25,27,45,30,41,21,29,44,38,38,46,42,33,50,31,17,30,23,20,26,35,23,39,40,13,32,34,50,16,40,13,16,17,40,45,14,33,38,11,32,14,21,45,26,26,15,37,31,12,18,17,40,34,30,33,36,47,39,40,16,32,48,24,19,12,13,31,22,48,49,15,16,42,35,11,13,15,13,14,25,33,47,43,47,15,41,45,24,14,35,46,41,17,36,18,23,20,19,20,23,11,24,27
33,22,16,45,24,10,34,36,42,30,47,26,28,45,22,26,28,24,43,34,13,13,16,22,38,11,12,39,10,10,20,11,38,25,45,47,42,28,39,46,28,27,11,47,42,29,49,43,41,27,13,27,13,20,26,14,23,35,38,27,35,44,36,36,32,48,45,38,25,31,19,30,32,47,30,35,35,48,43,21,10,21,38,23,45,16,44,33,29,38,16,24,37,39,35,47,48,49,17,47,23,14,39,15,13,33,26,15,32,39,45,38,32,48,38,37,15,13,30,16,38,10,36,26,44,34,37,35,43,14,35,44,37,45,25,17,17,42,49,35,48,41,15,18,45,40,25,44,48,46,35,43,40,44,26,26,21,28,27,39,26,15,34,36,34,38,45,22,34,27,22,31,12,33,15,47,45,11,44,43,12,27,33,40,31,41,50,34,16,48,39,48,19,30,27,42,25,20,35,11,29,41,40,44,16,17,32,11,44,20,45,31,27,14,17,32,15,44,41,19,47,21,29,15,13,20,41,33,24,16,16,28,19,31,29,15,32,42,27,28,24,36,45,46,21,30,15,48,24,46,20,11,44,29,16,31,18,19,33,24,33,18,34,49,26,25,40,24,39,36,50,11,23,40,29,30,32,13,15,10,42,28,22,46,35,32,17,31,15,30,39,40,45,17,50,30,36,39,21,40,47,48,45,48,30,31,39,42,31,14,50,10,18,32,14,28,22,11,15,16,33,24,16,28,41,15,42,41,30,33,50,26,27,12,26,40,14,10,13,32,44,43,30,35,42,10,26,14,34,34,44,13,28,31,32,21,37,36,28,35,13,45,27,23,36,16,26,27,38,48,20,43,15,29,19,49,21,13,23,26,47,49,12,42,47,44,29,26,36,19,18,20,12,36,49,33,50,43,47,48,32,37,33,28,16,18,15,25,25,19,46,37,16,11,26,20,34,18,43,22,37,50,45,36,30,19,35,37,48,49,25,26,49,38,32,24,31,28,38,19,24,21,18,38,10,21,11,16,28,12,16,16,38,17,35,28,40,36,49,17,33,36,47,45,48,37,31,11,31,46,40,25,15,48,22,49,47,37,46,26,40,39,14,32,36,35,20,30,31,41,39,27,19,37,15,30,20,27,13,24,25,40,42,33,29,30,26,44,46,41,16,28,43,32,11,41,19,42,37,26,13,26,24,16,16,28,28,13,33,14,23,24,21,22,46,24,33,30,31,27,32,41,19,38,11,13,26,39,41,32,40,44,11,17,43,42,47,25,34,18,16,42,32,31,31,14,27,33,10,10,32,41,46,11,31,41,12,35,19,23,16,48,44,15,28,37,26,12,25,12,11,40,44,20,46,10,40,20,36,46,41,27,12,36,11,41,38,11,20,33,13,18,11,50,35,33,24,40,16,13,16,44,49,48,25,32,25,27,37,28,43,31,20,43,15,49,42,42,15,43,35,43,29,39,40,31,11,32,28,19,20,48,40,14,12,34,49,31,23,30,38,37,11,46,19,47,12,48,39,33,26,50,49,36,29,45,19,40,10,40,40,14,29,30,28,49,38,17,34,42,14,44,32,40,23,34,39,35,47,24,33,43,24,47,49,38,33,33,49,23,25,27,23,30,27,15,10,45,19,48,24,16,28,14,18,31,31,29,26,25,47,26,30,19,34,26,27,16,22,36,36,34,11,13,26,27,18,34,32,19,40,38,27,12,16,26,21,19,37,40,16,36,45,11,25,32,24,44,13,28,35,32,20,36,36,50,35,10,20,20,19,25,40,24,23,46,45,15,25,24,35,36,15,22,42,28,30,45,44,11,46,22,27,23,32,31,46,33,29,38,40,35,18,30,18,18,33,44,30,13,20,32,37,34,22,37,16,40,37,37,16,30,45,27,39,28,42,13,16,45,48,13,27,48,41,13,31,13,22,46,13,24,46,13,50,45,21,26,45,28,18,28,44,43,13,39,16,39,22,40,28,49,27,16,24,36,32,33,48,39,45,42,31,36,15,47,33,31,26,41,44,13,20,26,32,22,44,45,26,10,41,45,43,26,21,18,27,26,30,38,49,12,20,27,14,19,23,35,26,36,19,14,22,23,34,14,24,31,24,35,32,46,35,36,27,47,36,13,18,31,47,42,24,44,29,17,33,18,17,18,18,22,30,15,17,46,47,21,19,48,33,24,23,42,35,45,48,22,25,23,18,28,32,49,10,28,17,39,29,30,29,14,16,14,10,14,46,12,16,36,28,38,19,32,38,35,23,28,11,37,38,30,40,15,42,24,35,13,20,18,44,15,43,37,46,25,11,21,30,43,18,49,41,41,47,22,22,44,28,42,15,37,28,38,35,34,50,11,18,48,33,11,40,27,36,31,35,44,25,14,32,13,26,47,27,29,18,44,16,29,49,27,13,46,36,12,21,46,23,39,43,34,23,36,22,29,26,41,34,25,45,20,31,15,43,10,22,21,43,24,28,25,38,23,29,17,32,47,46,21,42,33,24,26,40,22,29,17,32,19,10,45,43,24,38,41,49,19,20,40,25,38,36,30,35,35,13,31,24,30,44,17,38,33,14,16,15,42,44,38,29,31,46,41,24,15,20,19,11,34,23,47,22,50,25,19,38,32,30,25,45,41,13,45,19,19,26,16,24,13,44,27,27,40,41,25,27,48,23,40,41,38,39,14,19,34,49,32,35,48,20,37,31,45,40,13,45,44,25,42,12,26,46,28,37,25,41,30,49,39,38,21,50,21,22,32,36,40,15,41,16,34,29,16,42,42,46,12,44,32,14,15,44,49,38,46,35,48,19,35,34,47,35,19,15,47,48,34,49,16,35,45,36,17,36,50,43,17,40,37,35,15,22,18,35,11,32,24,19,20,27,28,43,37,38,17,33,29,12,49,13,42,23,45,15,38,17,44,15,15,32,47,34,13,14,18,22,16,26,22,39,17,14,41,13,30,12,28,10,23,19,37,46,36,45,32,22,37,34,44,16,18,22,37,21,18,11,16,47,34,24,37,47,28,29,39,38,26,28,33,39,15,31,44,14,25,29,31,37,40,24,49,16,42,24,16,17,24,22,18,50,28,33,36,33,25,29,45,12,47,18,35,38,18,38,24,48,41,25,21,41,14,42,36,32,24,37,37,45,32,40,50,30,21,33,17,27,19,13,49,21,38,42,41,11,22,24,36,15,50,37,40,27,13,39,50,32,29,48,26,46,17,44,17,22,19,26,19,41,39,17,44,12,34,34,35,11,12,42,18,11,39,38,21,50,42,25,36,11,47,18,11,16,46,43,13,49,38,18,16,36,31,25,20,17,24,12,25,16,17,35,21,17,25,37,30,18,36,41,14,13,16,41,44,32,19,10,45,37,20,19,43,47,10,36,47,32,11,35,46
40,12,34,41,39,32,27,47,26,30,49,11,36,30,31,34,20,43,48,39,47,23,12,18,10,17,28,39,18,42,23,40,26,33,19,40,25,28,42,32,39,43,39,29,28,46,37,23,21,23,23,50,17,26,29,40,17,25,44,48,34,29,14,21,33,38,31,37,31,49,24,16,26,30,26,13,45,48,49,20,26,41,36,30,45,30,41,44,16,42,16,16,44,42,41,39,13,44,14,25,15,40,43,37,47,16,23,46,39,39,24,48,32,19,29,46,12,40,37,46,13,42,30,36,33,29,14,11,14,38,50,28,13,38,28,41,14,30,27,29,20,25,25,37,31,34,37,11,16,30,31,31,50,28,30,43,45,46,47,34,47,30,42,25,40,17,22,21,34,15,11,49,17,43,27,47,28,15,15,18,18,43,32,47,24,21,35,37,37,14,35,32,44,44,23,50,15,38,12,49,14,34,47,39,28,19,24,43,11,43,47,31,17,25,22,16,34,39,47,44,30,36,25,33,30,48,13,48,33,15,34,45,18,25,12,28,39,47,39,20,36,17,28,13,19,28,34,26,37,18,43,48,40,46,10,10,44,38,16,39,31,41,26,19,47,39,47,48,31,35,48,50,44,21,19,49,14,22,31,18,15,23,37,19,15,10,45,16,33,26,23,20,16,35,28,17,20,44,20,14,14,48,34,37,45,42,19,49,31,13,21,47,28,43,33,40,30,19,42,17,38,47,28,30,30,21,35,18,47,35,18,22,46,18,19,23,43,47,12,33,50,17,29,17,28,32,39,32,38,13,46,44,46,20,49,25,19,39,36,12,35,10,42,17,35,14,11,32,35,22,43,22,12,44,38,37,48,49,43,12,20,39,44,50,12,41,41,30,21,42,12,43,48,14,26,38,12,39,28,41,14,13,42,39,37,23,39,38,12,27,42,31,26,46,13,24,30,49,48,15,15,21,15,43,40,29,41,12,12,44,26,34,39,41,30,27,24,40,20,18,47,23,44,29,29,40,32,45,48,30,34,22,41,31,17,12,42,19,11,18,17,20,15,50,41,29,19,44,36,16,29,45,43,21,34,11,35,25,22,46,17,29,37,26,38,17,24,50,30,28,40,29,32,47,44,33,35,15,29,18,33,19,48,18,10,42,33,49,35,17,13,25,11,43,20,28,41,11,28,25,28,37,28,16,21,13,31,19,16,36,49,25,28,47,27,50,46,45,13,49,38,12,23,42,33,43,15,35,24,39,49,28,36,40,19,26,38,37,28,19,42,41,26,23,39,19,47,17,20,45,46,30,25,44,27,30,50,28,40,46,20,20,49,16,38,44,29,22,38,47,45,38,48,23,24,36,41,20,32,27,12,24,37,25,14,29,34,20,14,36,28,48,45,25,23,30,13,20,27,19,21,39,21,26,22,17,30,42,35,29,49,10,41,45,38,16,48,47,39,44,32,40,24,11,13,15,44,30,23,36,48,46,32,18,31,42,35,50,37,27,33,17,13,25,22,14,27,12,33,46,28,11,17,33,26,30,33,49,10,43,21,16,39,21,26,14,14,28,19,11,28,21,16,33,41,11,20,45,36,43,27,37,18,26,11,45,14,42,32,22,25,38,20,43,25,29,49,41,44,47,44,35,13,25,21,17,36,24,17,48,31,43,22,46,23,21,31,32,45,27,14,11,29,39,24,37,13,24,10,13,48,32,48,14,16,33,37,18,28,15,21,37,18,25,17,34,14,39,39,38,12,20,36,10,15,30,38,35,38,48,21,16,36,49,34,44,42,17,15,14,36,50,42,33,13,18,47,14,21,27,42,17,17,19,33,31,31,18,44,26,32,40,36,28,33,34,34,27,50,26,17,46,12,19,13,13,20,44,36,45,37,29,14,20,11,19,29,13,35,34,15,18,35,44,40,23,11,37,37,42,27,18,34,22,41,34,34,32,32,15,42,16,44,21,39,40,41,25,14,33,25,47,35,39,32,18,15,36,45,38,26,11,39,32,47,49,16,30,33,11,39,34,19,29,16,41,23,40,36,10,32,39,18,31,47,31,36,47,29,28,10,27,11,15,24,43,23,25,25,33,45,29,18,29,13,48,13,27,13,27,44,23,41,44,18,42,28,47,33,28,35,49,35,18,18,39,26,42,17,48,24,13,33,29,33,29,28,44,27,38,45,24,13,45,21,16,49,29,43,49,18,38,41,22,41,17,27,24,28,14,23,34,17,15,44,32,20,20,23,34,17,28,44,23,32,25,32,34,38,45,43,22,38,31,16,39,23,27,43,17,29,28,49,41,30,22,38,41,28,16,28,25,18,12,35,35,20,41,23,38,31,35,19,34,20,33,26,18,37,12,39,17,46,18,35,30,39,38,19,11,32,20,18,28,27,35,15,44,35,15,45,46,37,18,49,14,45,17,20,18,41,36,44,45,36,15,29,23,31,12,37,40,42,49,45,16,50,30,49,42,20,49,34,28,36,31,36,14,12,39,29,39,24,11,47,37,39,22,36,15,23,40,38,48,11,48,38,29,35,26,38,15,28,48,38,47,26,33,15,44,20,43,38,43,35,30,17,46,46,15,37,34,19,27,28,38,31,13,25,39,33,46,14,43,11,11,23,26,15,18,18,39,20,27,30,31,10,49,26,16,50,45,27,30,36,38,28,41,32,44,49,17,31,17,39,24,16,24,37,39,44,38,31,15,21,30,30,15,28,31,25,15,30,19,24,47,25,28,21,36,45,47,18,39,27,42,29,27,23,25,37,27,19,19,17,46,25,29,18,40,37,48,49,33,25,47,17,14,27,12,42,45,31,39,38,15,32,16,27,30,37,37,39,21,34,12,15,25,21,25,13,42,11,19,45,16,30,39,41,27,33,45,45,50,20,17,26,22,45,35,33,34,28,21,16,49,11,42,21,44,33,15,14,29,33,42,46,48,25,33,48,32,23,26,42,45,28,42,40,44,50,16,47,34,46,16,21,32,26,42,23,12,36,33,37,48,38,39,12,41,50,22,27,24,31,47,12,42,14,19,42,32,46,33,24,37,22,28,43,13,49,13,13,15,25,45,37,15,20,22,28,17,23,32,26,30,45,44,46,36,38,20,45,11,19,32,31,34,15,15,27,44,39,12,24,26,15,43,12,21,24,27,29,28,39,30,49,19,36,21,35,18,29,30,40,12,18,30,33,28,23,29,47,24,21,47,32,33,19,32,44,50,42,48,36,13,45,17,24,15,42,33,48,24,48,50,13,14,23,13,40,38,48,18,45,14,33,25,28,41,11,38,16,38,24,33,36,15,29,19,41,48,48,15,17,32,46,10,42,30,43,44,34,35,23,32,35,35,25,13,23,17,45,18,18,24,17,22,27,30,40,26,25,40,49,27,33,14,36,43
20,12,22,37,33,21,48,46,28,49,17,32,10,32,41,17,14,18,41,27,37,15,31,46,12,49,14,27,10,44,34,15,25,23,12,21,13,34,35,39,24,40,45,15,45,47,32,46,43,33,35,43,36,25,22,11,25,20,47,21,27,41,41,16,27,25,20,13,20,39,28,30,25,48,18,12,49,11,17,25,45,43,21,21,34,48,19,43,23,21,34,33,40,33,43,21,31,36,41,37,27,21,13,38,16,23,39,35,44,34,42,20,22,23,41,33,42,46,32,23,43,15,22,45,47,43,25,40,50,27,19,16,10,44,19,50,24,30,21,11,16,48,46,45,42,28,42,20,38,29,39,11,50,29,37,43,36,30,29,29,30,31,28,16,12,30,22,17,38,23,18,48,41,49,23,19,33,15,28,23,34,35,43,49,42,47,29,44,32,37,22,42,22,28,38,34,42,30,46,25,35,21,35,45,20,46,49,47,13,41,11,13,40,44,19,40,12,43,12,19,15,29,11,42,25,16,28,32,25,47,23,46,15,34,12,14,13,42,11,33,49,46,46,12,46,43,16,31,22,29,42,50,46,17,11,17,46,34,36,18,47,40,32,40,26,40,21,32,47,24,21,17,45,35,44,24,43,10,10,43,44,42,16,27,14,23,19,36,38,39,20,48,33,35,39,17,50,33,26,19,11,25,32,47,21,26,34,38,21,42,49,46,32,37,30,36,16,18,33,17,35,17,10,26,19,37,26,29,14,27,19,16,48,11,47,41,16,25,39,16,35,17,18,30,22,26,31,45,32,26,31,23,46,10,30,17,14,43,26,13,22,26,39,25,10,30,14,36,33,35,16,37,30,44,50,15,45,15,30,18,24,27,31,37,19,29,22,26,25,49,26,29,42,28,11,44,39,17,33,34,42,49,12,30,30,34,41,32,26,18,27,14,28,49,18,16,42,17,14,16,45,31,11,43,17,29,43,47,17,40,16,42,17,47,18,48,13,10,33,27,30,22,24,16,35,38,48,22,15,38,49,17,26,19,12,17,35,27,25,38,14,11,24,45,13,25,13,33,45,13,41,38,24,36,44,37,36,39,38,45,30,10,25,42,45,46,32,32,28,36,14,31,44,16,37,36,20,36,37,10,31,49,25,29,40,29,33,21,35,17,31,48,38,10,29,28,33,34,15,15,29,19,41,22,35,38,47,18,41,34,20,19,31,21,43,19,20,21,37,42,41,12,20,16,12,31,36,36,12,42,40,29,46,32,38,33,44,23,39,19,34,10,40,11,32,29,23,35,38,42,45,24,28,29,24,36,37,14,38,29,30,12,46,27,46,16,29,25,41,44,26,16,42,43,17,29,43,24,24,21,37,16,42,10,14,29,25,26,48,39,29,30,27,41,48,31,33,26,37,49,23,40,25,34,15,42,38,11,48,38,30,32,31,17,26,36,31,44,47,21,23,38,15,25,40,45,35,19,32,31,33,33,33,10,41,35,20,22,38,29,28,50,13,19,20,26,21,47,45,43,31,26,22,11,12,19,12,22,27,31,36,15,26,49,42,36,47,25,45,28,30,43,36,30,20,42,21,29,45,45,42,26,39,13,42,12,31,36,21,16,18,18,18,48,29,18,34,29,37,25,41,47,13,28,31,42,37,28,24,24,42,35,34,28,16,16,39,40,29,49,30,30,47,39,22,28,11,13,15,28,17,18,23,31,49,30,36,11,44,38,31,45,29,12,15,18,35,39,24,28,32,10,19,42,24,42,26,21,25,42,39,23,31,20,22,49,47,50,38,11,41,25,35,47,32,11,21,12,21,27,37,11,35,42,38,27,27,24,19,14,42,27,47,18,17,46,39,35,28,37,15,23,40,34,29,40,50,39,50,43,36,36,47,44,26,11,27,44,33,10,30,33,32,49,34,32,48,42,18,48,24,33,15,27,22,24,24,16,26,24,34,47,12,24,23,40,46,34,42,39,34,30,47,47,41,22,25,30,26,42,43,12,32,49,42,20,33,24,49,18,36,35,32,39,39,37,11,50,30,36,15,27,20,20,29,31,44,37,33,39,39,47,23,43,40,23,11,44,15,20,18,28,14,44,15,39,20,45,49,15,45,44,43,21,47,28,38,12,17,16,21,24,21,39,18,13,15,13,25,38,24,37,12,48,32,47,13,45,11,27,24,41,33,15,35,25,29,43,26,36,13,32,10,35,19,31,48,16,32,36,30,47,24,45,13,21,40,40,30,34,29,12,16,44,41,37,38,23,34,18,24,39,50,33,24,23,49,42,49,38,14,14,25,24,36,40,33,14,10,15,23,14,12,41,41,32,35,33,18,38,26,22,48,34,23,50,30,27,28,22,43,33,29,44,29,12,50,16,35,31,20,25,49,48,17,43,30,27,42,17,16,31,44,43,32,22,34,21,30,17,44,15,16,46,46,40,43,25,20,26,32,44,25,31,30,26,21,27,13,12,19,12,13,44,18,32,26,36,13,47,27,15,17,33,42,19,38,28,22,45,29,47,38,30,36,39,24,41,39,49,41,49,13,18,34,46,12,47,14,48,41,35,38,18,15,15,29,40,40,33,48,42,48,10,30,10,27,17,44,33,37,48,47,43,47,10,30,15,17,27,41,19,11,22,19,16,10,25,50,13,24,32,30,32,26,27,39,46,29,42,20,27,11,27,43,41,41,18,21,34,19,33,31,40,33,14,24,11,19,44,21,18,46,25,26,34,49,32,26,39,48,29,49,23,49,35,14,45,24,37,48,17,38,23,31,22,35,46,31,42,11,41,30,13,21,27,21,14,30,11,41,11,21,15,41,16,35,21,20,25,31,29,27,44,25,43,48,35,34,38,45,11,42,48,49,15,18,37,19,42,45,20,46,11,29,18,17,19,30,20,26,26,31,37,22,12,24,43,16,43,33,32,18,17,19,49,25,49,32,35,22,36,16,45,45,17,28,15,44,15,19,49,30,28,48,31,11,24,41,38,17,14,16,15,31,10,18,46,45,14,41,20,31,31,31,14,20,26,11,17,39,39,15,46,13,33,37,19,33,16,18,35,43,39,22,21,47,26,36,49,48,28,45,29,34,38,12,35,48,24,32,45,11,22,44,35,21,13,16,24,35,19,39,15,44,19,38,22,13,28,19,16,37,23,47,21,35,26,39,21,47,11,23,43,46,33,14,13,24,11,23,34,43,30,40,44,34,29,11,31,45,48,46,19,44,22,40,36,46,26,19,11,26,20,12,17,18,17,44,14,29,43,40,14,12,17,16,44,20,40,39,42,37,38,41,27,46,46,40,27,45,28,37,25,38,33,31,15,10,28,47,45,45,46,33,30,33,29,31,22,35,43,30,34,35,28,48,40,27,12,17,44,17,20,15,37,21,36,46,35
22,31,37,47,22,32,11,31,26,22,30,13,20,23,49,35,31,29,15,18,36,41,41,45,39,16,20,35,43,47,49,38,50,14,44,42,47,11,26,32,15,27,24,39,46,44,34,40,46,25,34,26,46,26,24,43,42,29,26,46,44,19,31,21,33,28,13,40,38,25,31,29,46,13,49,18,13,47,15,18,23,13,15,49,42,28,26,20,35,16,50,39,49,45,30,41,36,46,15,10,34,20,45,20,49,45,29,13,19,49,46,38,27,22,14,30,36,10,36,14,19,49,42,24,45,34,12,33,36,22,36,28,24,43,10,48,41,44,19,15,21,12,35,15,16,21,27,34,41,48,10,26,44,23,46,22,30,20,24,45,40,14,33,33,47,41,22,11,48,27,37,38,30,49,49,40,39,43,32,11,45,13,18,29,10,49,17,30,35,32,33,19,24,25,24,38,43,40,31,49,14,23,27,44,48,37,41,24,39,23,23,22,43,35,26,30,19,39,43,49,45,11,19,12,47,42,37,36,38,36,12,14,14,49,46,22,18,24,50,21,25,36,41,16,26,41,46,35,44,17,46,38,31,19,23,30,25,25,47,15,15,19,24,13,40,24,31,20,18,47,38,31,36,17,22,31,27,32,45,43,50,29,39,35,31,10,49,39,30,40,22,36,16,14,19,12,25,36,45,35,45,43,48,46,24,35,34,40,24,39,19,21,20,19,27,48,13,36,45,47,28,23,13,36,23,14,46,12,22,48,26,20,44,33,49,26,37,24,50,41,42,14,15,17,31,16,31,46,49,16,24,16,20,49,11,21,25,36,44,21,36,44,34,47,48,25,14,31,30,30,28,35,24,47,20,19,31,29,44,35,15,42,26,26,46,47,34,20,20,11,28,42,26,41,33,33,32,33,47,24,48,42,47,24,29,21,42,38,31,29,48,28,33,41,45,42,23,33,19,25,13,47,31,31,43,42,18,22,16,23,36,37,37,10,20,10,37,29,38,45,33,45,25,49,13,10,30,22,18,45,42,50,21,31,13,20,17,32,32,23,40,22,25,13,20,48,25,24,16,21,40,25,44,11,46,36,17,30,37,23,24,13,46,11,19,45,12,25,15,23,47,38,20,33,24,29,41,18,25,38,26,15,42,26,10,23,15,14,37,33,43,26,11,45,40,39,12,40,33,12,46,37,35,46,26,37,45,46,15,19,27,49,33,35,38,32,27,41,47,31,28,25,42,49,15,11,27,31,39,46,20,43,13,43,36,29,18,37,16,32,33,45,22,45,29,12,15,30,49,35,42,14,45,32,37,47,42,23,39,11,16,44,49,34,31,38,16,28,39,39,33,20,37,43,28,15,12,44,11,21,18,36,39,49,39,46,26,45,43,27,20,40,37,41,46,16,28,47,26,11,38,28,14,41,48,18,35,29,37,20,49,20,49,39,42,18,37,45,13,13,17,20,33,40,36,33,26,28,41,31,18,36,31,13,21,48,31,41,41,15,12,28,13,30,18,41,14,21,25,26,38,46,27,39,18,39,18,15,21,48,21,38,29,36,12,17,37,43,26,37,22,50,10,36,14,25,41,36,37,40,47,14,27,19,36,47,16,28,20,12,30,47,41,27,22,24,43,47,39,34,25,18,21,29,35,23,16,35,49,49,22,26,20,49,11,27,36,45,25,48,20,39,16,33,30,29,40,46,17,38,19,37,18,42,35,32,32,26,13,34,31,50,45,35,31,17,36,48,42,13,36,14,21,17,33,39,31,11,28,33,41,11,29,30,44,24,12,38,49,44,20,24,28,46,23,46,22,18,26,18,42,48,20,27,15,17,13,42,26,33,22,28,33,20,22,38,35,45,16,32,32,24,25,17,49,22,25,18,19,23,34,26,45,25,14,27,18,48,33,38,20,39,37,36,34,23,41,40,30,38,47,38,37,43,42,28,15,14,27,35,44,28,14,35,33,29,36,29,28,20,42,48,26,45,14,17,33,41,20,29,45,24,10,40,49,26,36,49,11,14,21,43,13,37,38,38,20,15,47,43,28,44,38,47,14,15,21,20,16,45,45,39,48,40,20,45,14,48,46,21,14,24,16,49,39,14,14,12,16,25,39,30,19,31,40,44,40,14,27,12,17,22,11,22,18,26,42,15,15,12,19,43,35,29,24,23,46,30,29,39,19,22,40,19,36,42,11,44,39,49,42,20,26,35,43,37,18,39,46,22,38,26,31,12,47,22,28,42,33,12,14,11,44,34,41,44,12,41,30,16,16,18,16,43,38,29,16,26,49,11,39,48,34,17,31,15,48,27,17,37,27,30,34,46,43,15,45,20,44,33,18,33,38,23,10,12,28,25,10,42,37,15,20,33,22,45,27,22,10,35,17,11,32,25,38,37,33,13,19,11,47,37,45,30,43,12,47,27,23,37,32,24,45,16,26,15,50,29,18,21,41,31,12,35,30,42,14,31,21,46,18,48,24,32,15,23,20,42,49,43,22,29,35,25,44,46,19,29,16,22,15,19,13,16,17,49,38,44,43,49,37,17,11,45,24,13,47,13,47,49,36,31,39,14,19,15,10,46,35,12,46,34,17,21,18,26,47,39,38,17,33,34,14,31,20,31,20,39,21,10,13,36,46,40,21,30,34,34,17,12,47,11,10,14,17,44,20,17,28,34,47,36,46,49,28,20,29,26,25,12,11,25,33,25,50,18,11,35,36,22,25,46,39,15,48,38,22,14,47,40,50,31,24,38,34,47,26,13,33,49,15,28,36,18,40,47,38,36,25,33,20,43,29,12,50,37,43,26,15,33,41,46,23,34,21,11,28,20,49,40,38,19,30,30,19,29,37,19,27,13,34,17,28,46,50,47,23,20,47,17,48,12,35,15,30,24,14,40,10,19,33,36,19,12,46,33,13,26,27,30,32,41,17,11,27,24,47,45,27,22,41,21,46,25,34,14,34,39,37,11,35,15,12,18,37,43,11,34,13,26,32,34,15,31,30,38,19,26,33,27,25,34,26,41,35,42,20,23,47,15,10,45,31,26,30,42,27,43,27,12,19,31,36,30,42,12,16,43,36,13,25,37,23,30,22,45,46,25,26,17,25,24,27,35,18,42,11,12,38,36,24,36,10,48,36,33,12,42,43,14,15,20,20,45,30,49,44,35,38,49,40,43,35,48,14,44,46,18,33,17,47,31,42,35,40,32,32,27,45,26,49,16,24,40,49,46,23,44,18,26,30,46,41,23,20,21,23,28,42,40,11,20,46,35,14,38,37,35,31,32,22,27,20,37,13,12,45,31,49,43,49,49,42,50,33,42,48,41,31,43,50,25,45,29,36,40,48,24,25,12,16,12,16,35,12,18,38,18,20,23,30,24,34,32,46,12,20,31,11,15
40,37,32,42,32,40,21,22,37,17,31,14,39,17,21,17,34,36,48,16,46,36,14,35,47,11,20,20,44,19,16,37,13,39,25,25,49,15,42,38,45,24,39,47,22,40,27,44,12,48,32,28,36,33,33,37,44,28,47,11,12,44,36,39,47,16,22,12,19,15,21,24,13,30,18,41,30,43,42,49,45,44,36,49,42,34,15,25,38,43,37,38,13,36,34,43,32,14,50,31,40,37,20,18,28,20,21,31,34,40,21,36,29,25,44,28,16,23,25,11,12,31,40,10,34,26,46,26,12,47,47,27,45,31,42,39,48,40,21,37,23,42,45,19,18,37,24,38,21,42,17,36,16,39,24,16,32,28,33,30,28,32,16,22,23,37,47,14,19,30,44,39,15,37,39,45,44,35,14,33,26,13,39,39,50,14,41,23,45,23,46,46,43,22,15,32,21,31,15,27,27,13,16,36,47,37,36,20,12,43,21,10,21,24,36,24,19,11,24,14,33,46,19,33,25,26,15,27,36,20,16,23,48,19,45,33,20,36,24,28,24,30,47,47,18,42,16,35,32,48,14,37,49,15,12,18,22,44,40,15,36,40,29,16,27,21,44,50,12,34,38,11,12,47,39,18,46,48,48,17,17,38,21,40,41,11,50,40,20,30,17,45,43,19,28,15,15,24,38,46,40,16,22,24,19,46,45,49,47,18,38,22,25,21,38,18,20,42,25,31,45,35,42,21,25,20,14,22,33,18,37,41,14,24,37,31,27,22,43,20,44,27,22,27,50,29,41,34,49,15,25,13,21,40,25,29,33,43,44,19,16,28,49,38,33,16,35,16,30,49,13,27,45,36,47,43,35,32,21,27,38,32,19,27,39,33,31,18,50,48,31,40,38,25,34,46,22,44,29,19,37,25,12,40,26,35,45,11,40,28,24,30,18,44,11,42,25,25,36,42,24,48,30,28,45,41,25,34,43,41,23,23,27,48,27,17,43,49,36,50,10,19,37,14,47,35,21,20,16,34,41,10,30,22,20,13,37,36,38,27,37,25,36,36,16,21,34,30,21,24,49,43,10,44,34,21,47,35,24,37,35,46,25,46,27,21,37,23,34,22,25,21,30,24,43,37,35,41,16,43,36,13,20,18,13,30,48,20,10,45,35,28,43,29,30,25,46,41,35,45,11,13,10,31,46,36,37,44,20,40,33,27,40,33,49,11,33,35,25,43,34,49,46,14,31,45,48,10,14,36,47,48,40,20,12,33,43,31,43,19,11,45,12,47,45,42,10,44,11,28,42,30,15,27,45,12,37,50,46,33,33,11,31,26,44,21,38,12,32,47,44,22,36,42,11,47,43,42,37,13,29,49,32,36,20,43,14,24,43,44,49,49,40,38,32,39,39,27,33,13,20,20,39,38,35,28,27,33,47,12,33,36,31,31,30,40,27,35,20,37,34,38,15,43,25,13,42,35,42,47,47,33,31,48,21,36,32,17,44,16,12,35,44,43,17,48,29,47,14,16,44,32,34,45,22,36,38,11,17,35,46,21,34,23,16,21,27,47,48,27,27,28,46,22,35,12,15,40,21,35,48,28,29,25,34,26,26,45,14,39,16,22,47,30,27,39,38,13,46,45,41,33,24,46,36,49,41,28,22,27,15,30,46,27,16,19,45,19,14,10,24,19,18,39,47,49,39,25,20,42,22,19,27,10,10,17,36,45,37,33,32,26,14,31,49,19,29,35,29,36,15,32,35,34,31,28,33,26,31,22,13,30,16,42,44,14,29,15,28,30,25,12,16,36,39,30,48,29,17,45,27,28,49,16,35,31,47,20,25,34,16,45,38,28,24,23,49,18,31,44,47,16,43,39,22,19,37,10,15,49,47,28,36,39,25,11,12,41,26,12,30,47,29,18,23,21,23,46,44,15,21,34,41,11,30,39,33,29,11,48,16,41,43,19,15,32,14,43,27,12,32,49,29,37,30,22,49,17,50,42,45,28,40,23,40,41,46,28,17,14,50,36,11,40,44,19,29,16,32,15,29,45,47,18,11,26,38,37,47,28,38,48,42,42,21,44,35,23,39,46,45,22,42,47,31,46,22,30,39,17,11,44,19,16,13,49,21,32,20,11,44,17,37,35,17,13,45,23,20,26,36,13,24,49,37,35,29,31,34,34,47,20,29,30,35,35,25,33,26,36,37,23,27,40,16,17,33,44,25,14,49,26,35,28,38,13,12,39,24,32,17,20,33,26,32,38,12,23,11,44,15,12,42,35,43,25,44,25,43,13,46,39,26,37,42,19,45,22,33,43,34,14,40,36,47,20,12,37,27,42,26,26,16,25,14,50,15,46,37,29,16,23,26,48,48,44,17,33,17,28,11,22,48,16,35,39,12,43,31,20,12,25,38,37,40,38,45,13,24,13,50,41,22,19,26,35,18,23,15,48,42,35,26,27,40,37,15,24,20,27,45,31,45,15,40,11,37,50,39,37,10,14,34,21,30,34,39,13,41,27,23,27,29,34,44,36,19,44,32,28,28,38,45,20,50,43,20,28,32,49,36,21,28,30,46,38,37,35,48,11,39,25,42,26,21,43,29,27,25,45,40,39,31,44,45,34,40,25,34,19,43,43,25,47,13,17,22,43,21,14,25,48,14,18,50,33,49,42,32,46,18,44,21,44,25,43,42,12,34,38,42,39,26,36,20,14,11,31,36,34,32,10,26,10,21,50,37,33,30,29,44,32,21,12,29,43,40,11,11,34,38,44,21,26,12,27,31,25,23,36,44,17,21,19,31,46,36,27,20,21,41,40,38,36,16,40,21,37,17,32,17,42,18,49,15,46,14,29,26,43,20,10,25,17,43,45,20,23,18,41,42,22,44,23,26,27,33,11,13,12,39,50,11,23,41,27,24,50,20,49,30,46,19,34,14,43,16,16,28,42,10,43,28,37,10,31,27,43,35,33,41,45,49,29,34,12,13,24,29,32,20,41,46,41,13,13,38,42,29,22,16,12,30,25,35,15,27,38,28,48,24,41,25,24,47,22,43,20,39,33,27,45,36,21,15,33,34,25,50,34,26,28,48,17,44,19,32,27,37,32,21,45,33,31,24,22,20,46,33,25,50,29,32,26,23,13,43,39,26,31,29,20,14,38,29,35,45,10,22,14,11,31,42,33,36,48,39,45,24,19,24,30,26,22,24,21,47,42,12,45,24,14,34,12,13,15,50,34,14,25,46,31,23,31,21,44,25,30,40,45,16,42,22,35,39,42,35,42,14,42,35,41,48,13,49,19,20,30,24,22,32,26,20,38,17,13,42,13,37,42,25,45,17,30,39,17,17,15,11,45,39,17,13,16,43,45,47,39,31,40,26,22,26,31,28,27,49,11,20,28
20,11,39,43,49,37,48,13,29,23,43,22,40,21,16,29,24,31,25,44,43,24,12,30,46,37,18,25,28,12,42,29,26,11,15,26,43,43,34,26,18,11,24,49,30,50,15,33,42,47,24,16,13,34,28,31,15,30,44,22,31,46,41,13,44,49,29,27,19,38,38,42,50,25,15,34,45,26,50,31,31,26,11,38,47,47,10,14,44,49,42,20,48,23,19,22,42,38,20,43,21,48,21,12,34,18,21,44,31,19,26,21,30,43,13,24,22,41,33,41,48,31,46,26,29,47,27,10,48,46,33,46,12,26,41,23,46,26,24,40,44,32,28,50,40,14,24,13,18,45,19,29,45,26,29,19,22,42,13,17,15,14,34,14,20,19,40,34,10,27,28,15,20,30,11,16,28,15,20,45,22,42,13,46,37,11,30,30,40,15,27,50,48,50,47,44,22,47,14,27,39,34,28,48,43,22,10,22,48,43,38,34,17,11,32,44,27,14,20,38,17,24,32,11,45,45,17,23,34,13,19,14,43,10,48,28,34,36,39,42,41,11,47,23,14,30,47,24,10,20,24,47,14,42,24,34,45,45,35,29,16,21,17,22,38,20,40,25,17,20,43,31,46,30,33,49,48,41,28,13,46,34,35,29,26,42,46,29,19,27,47,10,23,45,33,13,36,30,13,47,48,28,16,32,13,16,33,35,30,22,40,47,13,45,47,19,37,35,50,40,16,34,42,32,30,32,21,27,19,12,45,15,27,29,45,49,19,34,30,38,22,18,21,35,24,37,19,26,28,46,26,11,30,10,36,20,43,48,33,48,11,28,50,36,30,42,43,31,46,43,35,50,19,45,19,27,22,29,35,12,33,45,28,16,45,18,15,15,25,31,20,33,46,16,26,35,29,32,42,44,35,45,11,39,10,45,47,41,32,27,44,47,39,40,35,40,38,34,25,46,18,44,45,39,49,23,11,41,41,49,44,43,33,12,17,36,21,17,45,49,38,48,30,16,11,28,24,33,39,29,48,26,34,17,28,20,26,50,48,15,46,12,35,21,27,43,20,34,15,25,27,24,50,46,15,25,36,49,14,29,33,31,45,32,42,41,48,18,34,27,12,37,16,33,16,41,33,32,39,34,11,34,50,42,34,24,26,19,43,16,48,29,16,25,22,35,43,32,14,47,30,33,43,20,12,26,43,45,41,43,12,49,31,46,27,38,18,17,14,28,35,37,35,21,43,16,15,12,14,25,13,19,32,22,46,24,31,29,36,43,10,47,12,35,26,45,23,10,10,39,33,29,33,33,48,42,26,14,39,14,26,14,35,25,39,11,18,14,36,18,41,20,31,41,45,24,38,48,41,37,23,39,15,33,11,34,28,23,33,42,24,25,19,41,25,38,28,17,36,46,26,32,47,45,28,17,41,12,44,17,45,35,43,11,20,47,43,22,49,29,47,13,31,12,24,37,19,49,29,37,26,25,41,35,36,33,49,17,25,15,21,18,34,23,42,47,12,50,32,26,33,41,37,42,28,31,17,25,34,34,23,43,22,49,15,48,40,11,46,40,33,21,23,37,24,30,31,46,15,47,12,43,47,43,38,28,12,37,35,22,10,48,15,49,42,29,21,48,30,33,29,25,40,26,24,36,44,29,17,46,27,16,26,42,18,15,25,46,37,14,33,45,38,22,18,17,22,45,49,45,12,18,43,21,15,21,27,20,14,24,21,18,29,23,15,11,35,43,15,28,36,14,14,22,42,49,18,26,39,43,38,26,47,31,21,36,15,37,10,45,19,47,17,33,31,46,31,34,47,28,45,20,15,34,29,31,37,28,45,29,50,24,21,41,46,32,27,44,42,35,27,27,16,49,12,16,47,46,16,27,38,23,42,49,24,43,11,12,44,34,50,42,16,27,37,37,40,19,17,29,25,44,46,32,44,19,27,20,19,45,43,36,19,20,16,28,47,11,31,38,29,19,34,22,39,22,29,14,38,19,18,45,31,47,22,37,33,48,22,26,38,35,15,42,39,47,26,22,36,46,36,20,19,46,15,20,16,13,18,40,36,19,33,38,12,33,25,16,44,30,12,16,49,28,46,46,17,42,41,39,17,21,38,38,19,22,10,50,25,36,25,43,11,12,18,37,44,38,17,28,22,11,12,32,44,33,12,29,41,43,37,23,17,11,19,18,39,36,46,42,37,32,46,21,33,42,28,19,35,45,43,33,33,11,32,16,15,26,44,18,25,32,10,30,34,11,20,36,44,31,27,19,47,30,44,48,12,23,11,22,17,35,27,19,29,18,12,24,28,43,47,18,21,47,38,36,22,42,25,39,11,34,34,13,32,14,46,12,35,26,47,31,19,23,45,49,13,45,20,29,15,14,36,17,48,15,21,44,29,36,37,43,12,23,28,21,40,35,34,26,33,13,12,23,11,48,48,16,41,26,46,17,40,38,26,18,19,16,41,24,34,20,19,24,35,28,20,36,45,38,12,42,34,35,37,20,11,18,42,11,26,44,46,26,38,15,37,32,20,43,46,23,48,50,35,31,26,46,21,43,17,17,27,49,22,26,48,18,48,23,28,26,42,30,28,22,32,23,45,31,31,40,30,40,32,48,17,18,22,41,31,14,14,18,40,30,25,14,28,19,14,36,44,45,41,25,33,22,19,42,32,37,32,37,27,45,28,18,37,44,42,33,26,35,32,22,47,41,46,42,18,12,15,19,39,26,29,17,35,16,23,21,23,40,18,14,20,37,22,23,14,21,11,25,19,12,46,17,44,34,22,40,19,38,17,48,26,13,33,35,50,11,38,29,15,47,29,12,17,47,22,13,35,35,40,34,33,20,21,15,38,35,23,37,22,30,48,40,49,36,29,28,10,32,14,11,43,31,34,45,26,39,13,34,30,33,42,29,26,33,15,11,36,39,35,11,46,12,39,18,16,35,28,47,22,35,34,35,39,23,17,44,40,32,32,46,14,40,12,36,50,27,36,32,19,37,13,39,22,40,25,24,17,18,46,37,27,19,17,20,12,49,29,26,42,47,33,44,23,40,30,27,30,23,35,36,41,10,19,30,49,31,45,18,27,17,39,27,19,47,29,47,34,12,13,49,36,23,35,14,11,11,33,37,15,26,28,36,40,33,49,50,49,18,24,31,12,17,10,28,17,23,22,35,22,11,32,15,13,35,33,29,14,48,34,14,35,47,40,22,38,22,45,48,44,40,11,26,23,27,43,30,14,39,41,29,33,13,19,44,37,46,43,45,20,12,44,17,20,24,48,25,33,45,38,45,45,17,47,31,25,46,17,47,18,22,25,50,18,30,44,30,36,44,30,38,22,43,35,16,44,22,40,41,21,18,46,39,19,49,29,45,39,45,15,41,39,19,32,13
18,39,15,42,29,37,19,18,31,15,20,11,11,47,14,22,11,33,30,45,11,23,16,47,50,16,45,42,38,19,44,19,17,37,26,44,46,32,12,46,40,15,42,13,31,42,27,24,45,11,43,19,18,23,19,25,17,42,35,16,44,31,12,37,45,15,24,46,39,39,12,35,37,13,34,23,35,13,47,40,39,33,32,34,48,12,24,16,30,20,17,11,26,47,14,12,41,41,17,37,14,26,23,40,16,48,33,10,21,17,40,37,35,16,11,48,43,37,35,49,20,27,11,41,17,17,29,18,21,23,13,44,12,23,18,41,46,21,20,22,33,13,30,47,15,30,33,31,17,22,11,42,29,46,21,13,22,29,27,42,30,40,21,33,41,39,14,43,32,24,25,37,22,25,11,17,24,50,46,13,18,11,49,36,23,41,34,18,23,26,23,42,41,29,12,34,15,29,34,32,34,32,22,49,26,40,22,45,41,28,14,27,20,13,31,43,38,35,42,25,41,33,49,37,16,32,41,35,37,39,35,15,50,42,28,25,31,37,17,40,35,20,33,42,23,39,14,17,12,29,50,44,16,24,35,20,31,19,11,32,33,38,25,42,16,22,43,26,31,28,48,36,38,33,38,37,45,30,36,32,11,23,18,48,45,17,48,19,18,23,18,19,49,46,30,47,41,33,39,12,16,38,26,40,27,44,48,48,23,11,49,20,24,19,24,29,34,33,20,14,14,19,22,21,47,38,25,13,11,47,36,38,23,24,41,29,15,31,44,36,29,28,23,14,15,27,16,12,27,48,45,23,30,27,12,19,42,23,40,26,39,40,33,49,37,30,17,12,36,19,48,22,17,20,36,34,43,21,27,42,26,25,43,35,33,15,24,11,10,49,31,34,30,26,33,35,31,42,36,49,41,11,23,25,26,29,47,50,11,27,46,28,35,46,41,31,37,19,14,11,30,20,41,21,40,12,23,20,38,17,49,37,50,34,39,10,18,46,21,41,31,18,40,41,49,14,33,50,14,26,39,35,40,43,37,41,43,22,28,45,45,27,30,16,14,28,47,49,12,39,31,46,18,41,17,30,29,44,40,37,11,49,38,42,10,32,20,38,49,22,43,35,48,49,47,13,21,16,19,29,37,25,11,10,25,36,30,21,46,18,44,37,33,15,41,20,26,17,37,28,18,33,12,36,36,18,23,33,20,13,19,21,39,29,24,32,49,12,31,41,25,14,11,27,49,44,30,33,25,22,36,36,40,33,23,25,40,27,30,48,32,21,13,14,43,12,49,23,18,41,18,27,21,25,42,13,18,11,20,28,18,38,42,12,40,46,13,36,36,24,31,50,46,33,19,46,14,33,13,43,39,22,41,48,27,36,28,15,34,25,15,24,14,17,22,16,19,46,25,32,46,28,49,29,45,34,48,20,19,33,35,17,27,39,32,25,46,18,14,40,44,27,50,14,43,16,24,48,11,16,47,24,15,47,43,10,43,12,45,21,24,14,41,12,39,25,45,42,11,16,43,37,21,12,44,19,49,39,29,34,35,10,15,18,50,28,45,45,43,18,29,27,41,25,45,42,32,40,41,35,27,46,42,22,29,14,22,47,50,14,17,29,49,33,14,20,48,33,26,39,15,35,23,15,15,12,20,42,24,46,35,23,40,11,15,34,39,37,41,21,26,16,22,38,49,20,35,29,21,13,14,23,25,28,26,15,41,21,19,50,28,26,40,29,10,30,33,28,22,18,14,21,25,23,29,32,20,40,21,26,46,45,24,38,30,45,27,12,28,43,17,23,44,15,41,32,17,13,49,38,19,14,27,46,40,50,23,41,43,27,27,35,36,31,41,44,16,37,15,37,46,22,27,31,23,11,32,50,25,43,24,44,11,26,50,23,34,32,25,27,18,43,30,40,33,39,26,47,26,33,48,19,36,36,17,18,32,19,26,27,46,10,18,37,31,35,25,27,36,17,44,13,41,15,15,12,43,40,36,19,19,36,41,29,39,36,14,20,19,13,17,15,39,22,30,24,40,38,49,36,50,35,39,14,49,38,43,39,28,35,17,26,24,14,40,47,14,25,35,39,31,46,31,24,20,46,32,26,27,45,15,37,35,19,18,22,25,49,18,43,36,39,34,40,19,48,27,28,44,20,22,26,20,47,10,28,46,45,25,46,40,10,23,24,32,17,28,35,16,42,35,30,15,30,23,41,43,43,26,17,34,28,41,15,42,45,27,49,36,42,27,32,24,44,30,27,42,34,31,11,34,35,19,15,26,17,21,23,43,29,38,25,39,36,25,31,11,37,50,17,17,20,26,47,21,26,28,34,29,36,15,40,36,30,37,30,37,26,20,21,49,38,30,19,12,30,27,45,46,43,39,27,34,10,26,23,16,28,31,28,19,37,47,47,38,17,40,15,41,24,13,25,41,25,36,33,20,24,30,43,28,42,27,27,20,15,47,20,24,21,16,38,31,32,24,42,30,10,30,38,41,45,16,24,11,22,33,49,17,25,38,33,44,14,28,30,42,49,41,46,25,15,28,40,48,45,31,35,49,28,22,39,11,12,21,38,26,18,31,44,19,38,16,24,11,15,31,50,12,20,25,24,26,40,18,44,48,35,18,14,11,18,48,23,28,33,25,25,48,42,30,34,21,24,46,18,31,50,41,48,14,34,34,11,30,49,45,21,41,16,30,26,45,44,22,13,38,46,29,11,46,21,21,40,38,30,36,24,34,48,40,16,15,43,46,35,34,26,43,28,47,22,28,48,10,30,27,47,21,38,26,26,49,28,22,26,20,48,47,31,40,31,44,15,50,42,46,22,41,28,42,48,20,44,23,35,46,13,49,39,12,50,17,25,48,26,34,19,32,29,15,50,34,15,26,18,16,27,41,26,20,32,12,41,49,17,33,34,29,14,28,26,43,41,12,29,20,22,23,43,15,28,16,43,14,24,30,28,25,14,42,12,40,38,12,35,39,18,47,44,38,23,46,48,39,37,30,39,38,14,22,25,44,29,24,14,36,47,22,16,30,49,23,33,41,41,37,41,12,40,25,14,38,42,31,26,34,38,13,22,17,46,31,25,37,23,43,49,23,47,32,31,16,19,26,16,40,19,25,37,40,18,23,37,46,30,12,35,32,47,33,32,17,40,35,20,37,22,30,32,37,12,23,20,17,34,43,19,38,36,38,49,11,44,48,30,49,23,41,19,18,11,14,17,23,46,12,25,27,27,18,47,50,40,47,40,44,35,29,44,18,44,35,47,42,34,45,38,46,35,16,32,12,38,38,39,28,11,27,33,45,28,37,27,15,43,41,20,32,14,16,34,35,47,25,33,38,39,17,27,31,35,28,40,26,20,33,33,41,34,27,46,45,16,35,48,17,30,38,29
27,36,19,29,50,47,38,38,42,38,43,13,20,33,24,31,37,39,40,35,31,40,19,17,41,24,42,17,11,49,45,25,12,33,47,25,31,21,28,32,21,31,18,44,48,50,29,29,13,19,21,26,34,45,12,10,47,42,46,34,25,12,45,21,39,42,19,13,43,40,12,30,17,21,29,34,18,32,15,34,38,42,16,45,23,23,22,49,16,25,44,32,27,41,47,33,19,35,42,15,16,25,48,41,34,14,28,26,33,26,41,10,37,18,29,49,42,22,14,16,19,18,35,36,44,44,21,24,23,32,37,26,46,18,10,13,24,14,49,12,41,33,11,41,48,22,40,37,44,48,40,23,12,34,30,20,32,22,19,12,15,13,46,25,10,37,30,19,44,33,22,50,21,45,41,19,38,44,13,25,29,36,35,37,50,21,15,45,10,38,26,34,22,25,37,39,48,34,23,34,42,38,18,29,13,20,41,44,15,20,45,31,29,41,29,33,20,33,24,18,11,20,34,39,35,41,15,21,25,14,21,35,34,19,39,47,36,18,26,32,37,27,42,39,19,23,47,44,28,24,21,25,16,45,46,32,36,27,31,45,29,26,48,20,13,40,23,46,36,24,25,12,19,47,49,10,18,31,47,13,13,11,44,19,34,32,13,13,41,25,21,45,16,10,41,15,30,15,47,23,17,18,25,24,24,27,13,46,40,31,35,11,44,33,46,24,41,13,21,13,25,49,28,24,33,22,38,39,29,34,36,42,20,10,48,35,45,18,47,21,32,35,39,11,48,42,31,30,26,34,25,22,43,32,49,23,16,30,46,45,30,29,23,24,36,19,33,13,35,48,20,16,16,26,32,12,38,38,44,50,15,42,41,18,36,46,30,11,20,32,44,43,17,15,42,25,18,12,27,42,29,11,32,28,36,30,25,35,38,14,28,21,14,15,24,43,37,19,19,21,45,47,20,41,14,20,36,18,29,33,29,42,37,17,27,32,20,48,15,30,48,26,49,41,19,18,33,31,15,16,39,45,45,42,24,13,33,50,46,42,20,23,42,12,42,39,33,42,30,37,34,39,15,48,19,50,16,34,45,41,38,35,14,30,48,17,38,31,24,37,45,35,30,27,49,13,33,28,25,46,41,14,38,23,32,29,42,12,22,46,48,42,22,45,11,35,39,27,37,15,18,14,29,40,20,42,30,12,10,41,36,49,19,44,40,21,26,44,13,24,50,22,15,49,38,45,11,41,19,31,10,10,45,17,29,26,40,30,13,12,13,26,30,42,50,14,35,44,20,27,26,41,19,43,44,15,48,45,40,27,38,38,30,34,43,46,19,26,26,44,27,31,13,12,12,19,47,11,26,25,24,32,46,37,42,11,22,10,49,10,38,49,16,17,27,20,50,11,34,42,42,42,40,40,17,49,25,31,43,38,25,18,28,13,33,45,13,48,17,30,14,10,37,39,12,29,12,32,25,18,32,50,31,27,34,25,30,22,19,12,29,43,39,34,23,12,29,40,18,38,37,47,36,34,22,40,40,12,36,26,47,17,49,31,38,34,18,28,39,46,19,18,40,47,39,45,12,17,29,38,34,43,36,22,36,11,26,17,29,32,31,36,30,46,35,22,27,27,17,12,22,31,47,22,48,31,11,17,33,19,10,47,30,24,26,20,14,39,50,15,16,50,40,14,40,38,17,45,31,33,45,25,33,27,43,47,44,23,39,29,28,43,14,48,22,29,16,20,19,44,36,30,36,47,13,15,42,34,39,11,22,37,32,15,34,20,14,33,18,16,41,32,42,19,18,15,27,30,30,37,45,42,40,40,37,19,25,47,12,47,31,16,21,44,24,46,22,22,44,33,29,34,32,36,48,43,47,32,31,33,36,24,39,48,42,46,41,26,28,49,16,26,13,21,30,48,19,20,20,47,25,45,38,46,11,13,42,21,42,30,13,40,25,36,18,24,21,36,24,14,34,27,26,36,14,13,15,14,30,35,24,16,17,27,16,33,44,31,33,12,40,10,10,14,20,18,15,46,23,50,42,26,30,45,38,11,29,49,42,21,42,37,49,22,38,16,21,25,30,15,24,37,20,16,46,44,26,18,44,23,21,36,30,27,38,18,12,46,39,25,30,28,19,14,46,32,42,44,40,48,25,44,31,29,21,17,26,35,18,44,46,26,20,20,14,29,37,29,45,26,42,22,40,38,18,50,47,19,43,11,42,44,39,30,21,21,42,42,11,37,17,18,18,19,38,21,22,39,27,13,21,35,29,45,43,16,49,22,13,26,42,41,12,33,22,50,15,19,39,37,22,48,28,14,20,20,44,25,13,15,13,11,41,18,10,40,38,23,45,25,15,22,22,46,40,15,43,34,29,27,10,11,43,12,43,34,26,26,42,50,43,34,16,45,33,31,39,13,46,30,46,27,34,34,30,28,11,31,12,22,26,46,12,24,31,36,11,44,38,33,28,22,40,50,36,34,33,29,46,27,28,33,35,19,33,15,19,11,40,11,30,29,38,33,15,12,13,13,32,19,49,15,18,44,48,28,27,17,30,47,42,17,31,33,36,43,28,30,28,28,39,26,49,14,24,35,49,34,47,35,18,21,28,22,12,33,24,50,26,12,45,37,27,26,44,42,46,39,28,37,16,36,31,49,21,31,23,28,37,24,20,41,33,36,42,21,23,49,25,29,34,27,32,40,47,12,18,20,29,23,16,20,39,11,16,17,23,11,41,16,43,40,12,18,31,20,18,35,48,32,22,28,44,28,49,44,43,20,17,26,28,22,36,10,25,34,20,35,47,16,16,14,39,24,35,39,31,21,37,34,13,17,18,15,50,34,37,26,47,38,46,43,37,32,24,31,12,46,24,15,18,27,12,23,35,28,19,22,33,28,41,12,46,20,20,48,20,36,12,42,31,23,27,14,21,36,11,46,17,23,49,16,12,39,16,14,25,12,15,41,24,11,44,24,41,49,48,24,11,41,29,50,25,49,28,35,23,12,20,47,39,29,35,41,19,34,17,43,47,33,49,13,50,35,42,10,38,46,17,33,28,48,24,40,25,20,39,14,21,34,17,33,18,17,31,22,23,44,49,42,36,48,35,40,39,18,27,44,29,41,22,27,21,18,35,41,33,19,41,24,25,37,35,13,47,14,38,34,38,26,31,24,34,44,31,38,25,24,36,31,21,45,22,43,19,42,37,14,42,36,25,21,14,23,27,49,36,16,14,28,46,26,49,18,39,22,32,41,23,47,25,34,17,22,36,21,22,41,31,27,40,10,47,21,16,18,10,12,32,26,29,26,42,24,41,22,29,14,28,40,44,33,38,40,11,42,19,22,38,26,38,33,47,28,48,34,18,32,32,41,22,16,32,38,38,16,33,27,41,35
45,50,47,37,31,17,31,34,45,27,22,49,38,31,26,47,48,22,35,48,30,45,43,49,19,28,36,31,46,49,33,36,41,28,23,14,14,36,40,43,37,11,30,31,16,49,22,14,26,10,13,24,37,48,14,41,42,24,35,37,29,47,13,11,25,13,32,11,50,28,37,37,48,18,22,16,17,35,24,42,47,41,32,14,15,16,22,31,39,29,45,12,30,12,19,10,36,24,19,48,21,37,27,13,44,49,31,11,24,27,21,36,45,12,21,27,33,22,26,35,30,34,37,24,28,19,33,40,26,44,49,24,41,38,38,21,11,31,18,24,28,40,31,36,14,12,39,37,36,36,36,28,49,23,40,43,46,46,14,45,29,21,26,33,48,21,25,48,20,17,13,36,39,15,38,43,17,20,21,12,48,48,25,40,34,12,33,48,13,41,48,49,21,36,33,40,14,33,22,43,21,48,44,23,45,32,35,46,48,40,42,42,27,16,25,19,15,35,42,38,14,10,49,11,35,19,23,42,44,20,47,13,34,29,28,21,22,20,13,32,28,42,42,21,15,44,43,14,20,39,14,25,14,35,26,38,42,40,21,48,34,14,13,38,16,18,20,35,17,25,32,43,25,42,43,43,35,39,34,42,48,30,50,21,42,32,29,11,11,21,14,19,27,43,34,17,14,34,25,28,25,22,12,43,29,38,23,33,38,19,34,36,16,11,38,42,18,22,32,49,13,45,36,29,27,47,45,46,32,42,41,16,23,21,33,28,45,26,39,36,15,45,13,36,26,19,41,26,11,44,36,22,34,27,22,50,24,49,16,19,11,45,18,38,31,27,45,24,36,11,23,30,45,26,32,25,38,50,11,18,19,31,30,40,18,37,49,48,31,24,41,27,11,45,43,27,49,29,37,36,38,21,26,49,31,32,14,30,23,28,16,22,33,35,29,15,47,34,16,22,14,48,15,22,20,40,22,28,45,46,20,15,13,12,16,19,14,39,42,17,49,50,13,16,20,12,18,37,16,23,35,20,26,19,11,39,40,16,21,49,33,48,18,34,46,26,14,32,41,41,31,27,40,42,35,16,46,19,22,39,16,36,16,19,37,48,23,27,18,42,31,12,25,20,32,41,11,34,29,42,43,20,40,37,26,17,42,17,13,48,47,10,24,30,47,48,31,26,20,40,18,28,39,38,17,31,29,43,32,21,24,42,47,30,11,12,21,14,34,33,21,26,31,12,10,45,37,26,41,20,14,30,39,12,49,19,27,10,16,49,28,41,30,21,19,27,35,12,34,19,35,36,23,26,50,40,35,25,44,49,24,43,33,33,43,35,34,45,28,38,31,47,29,26,14,37,46,49,24,27,36,37,17,29,15,37,30,33,33,49,27,11,11,26,29,29,30,46,47,28,34,46,25,33,39,35,14,24,27,48,43,18,48,18,48,30,43,18,18,11,42,43,25,43,44,41,32,38,41,44,11,30,25,12,40,18,38,32,23,22,35,34,40,48,26,13,30,28,40,12,21,20,43,32,31,35,28,19,30,13,18,31,44,35,46,22,32,36,13,37,13,32,47,24,28,19,47,27,27,23,25,42,24,23,47,38,40,31,20,41,25,37,32,50,32,19,49,34,43,40,44,48,34,38,38,26,41,16,26,48,43,21,33,29,26,23,24,25,43,47,25,39,37,24,25,43,23,27,32,49,40,28,11,13,16,27,15,24,22,41,20,40,36,15,40,17,11,31,17,35,48,45,17,15,33,36,34,19,18,17,12,28,25,15,44,16,34,46,22,43,33,40,35,47,26,18,40,37,11,43,19,28,45,43,22,25,46,32,45,14,41,42,46,35,18,44,13,25,24,17,42,46,18,37,11,37,30,42,29,45,39,43,44,35,40,10,33,50,11,16,31,22,43,45,20,11,35,44,28,47,33,44,20,40,30,43,43,46,20,19,14,14,39,29,25,39,50,35,35,47,22,43,11,12,14,36,47,12,33,40,44,13,32,27,29,28,12,20,12,33,28,30,35,48,12,24,21,25,44,20,40,30,27,18,28,30,27,41,33,23,26,32,13,36,34,25,22,17,22,20,33,16,20,38,49,45,35,33,30,13,42,50,31,34,49,20,29,17,25,44,11,18,20,27,17,31,39,13,43,18,25,13,15,35,45,46,45,46,43,19,33,39,18,48,16,12,37,26,27,16,49,43,20,16,43,43,27,24,49,20,32,12,15,40,24,22,47,19,21,15,17,17,41,37,32,41,47,26,23,18,34,12,47,33,13,50,46,40,33,12,22,39,27,35,16,43,33,12,41,16,23,12,19,43,17,39,49,16,36,43,21,29,13,12,32,18,13,22,22,30,20,23,45,40,24,41,46,32,46,24,17,12,33,48,47,31,27,49,25,23,49,40,32,47,34,13,42,47,19,25,35,11,10,10,46,31,43,44,23,32,35,30,20,24,43,43,41,46,45,47,39,31,14,15,39,23,44,16,42,31,30,34,27,12,16,33,14,29,48,49,20,49,17,11,17,40,21,37,32,32,36,34,47,33,11,34,11,28,37,43,31,49,40,23,39,11,23,29,11,30,35,19,25,25,11,46,29,33,37,17,16,30,22,48,12,35,13,37,16,38,21,17,30,43,27,14,26,41,32,10,45,43,28,24,45,48,42,35,22,48,16,19,21,30,37,49,36,39,10,48,38,26,14,12,30,34,49,25,22,47,22,31,44,13,12,43,40,36,30,17,28,27,27,18,23,39,29,43,34,12,20,13,36,20,21,22,48,18,14,17,49,11,37,13,48,19,24,35,28,22,38,36,47,44,11,12,46,29,30,45,24,41,44,34,12,49,43,17,11,49,18,13,35,24,14,18,48,35,28,15,42,40,22,13,45,25,31,34,25,14,31,22,41,43,46,16,41,18,42,49,42,48,14,26,31,33,35,49,28,27,22,17,36,31,38,49,28,11,32,49,46,18,48,28,29,39,28,12,29,12,26,11,30,16,44,29,31,19,23,39,36,13,36,32,32,48,25,18,46,44,24,22,18,29,49,14,24,32,40,41,34,23,42,34,36,12,24,38,39,42,32,39,24,46,45,14,44,19,11,39,40,46,13,11,28,42,47,29,37,26,20,47,28,44,50,39,46,44,23,33,22,45,15,29,23,11,38,44,42,37,49,27,28,13,36,21,43,49,26,10,47,11,47,47,22,35,27,40,23,29,22,48,11,12,41,43,42,29,11,50,24,36,37,11,28,26,39,32,20,40,38,39,20,22,23,11,23,20,17,20,37,45,41,21,15,45,36,18,23,25,26,43,34,24,45,32,11,16,43,26,14,38,42,39,21,36,49,49,19,31,28,30,27,47,25,29,23,47,41,46,27,13,35,14,38,32,26,25,24,45
50,36,34,27,23,24,37,18,32,28,38,10,34,41,47,34,27,46,18,31,38,41,24,40,18,34,41,38,24,12,28,33,14,31,14,43,22,49,48,15,27,20,20,43,48,20,41,14,43,44,43,46,35,23,41,21,20,38,32,17,22,12,16,28,20,20,15,18,40,10,44,48,23,24,18,38,48,37,46,41,35,35,33,20,39,50,21,43,36,12,31,27,21,29,23,24,46,32,43,16,15,42,47,16,13,34,10,50,49,14,24,40,11,17,15,19,45,38,20,50,20,22,49,17,48,43,45,25,25,37,19,34,21,23,31,47,48,24,22,15,21,13,27,23,34,23,36,41,42,17,28,34,35,17,33,14,48,24,23,43,43,20,39,19,24,13,28,32,15,16,20,13,37,41,26,37,26,19,20,32,36,39,41,20,39,26,34,26,11,44,50,46,34,46,23,28,43,20,34,15,17,41,13,29,42,21,16,34,49,13,33,42,29,42,14,12,35,14,27,20,47,15,43,41,19,14,21,10,19,36,14,21,40,10,38,25,11,40,49,31,11,16,36,30,21,30,50,50,41,30,26,44,14,13,21,40,32,40,35,30,25,49,12,32,34,13,31,49,19,41,31,40,10,41,27,44,15,19,47,27,49,21,15,49,19,32,26,38,42,25,13,45,13,31,17,12,25,39,43,25,25,35,38,12,16,49,22,40,26,11,23,44,30,20,49,30,27,27,48,35,20,25,12,23,20,31,33,44,17,35,20,48,14,28,44,22,24,28,16,43,46,36,49,44,42,12,36,44,30,24,36,24,45,42,43,45,21,32,30,37,47,29,26,22,13,28,14,30,39,49,15,47,47,30,45,27,26,18,46,41,12,21,39,33,27,31,15,44,37,19,15,14,35,24,47,41,14,15,36,16,30,17,40,17,43,33,28,17,46,20,43,49,24,39,41,42,29,15,39,16,21,30,29,19,38,25,17,40,29,36,44,35,12,41,17,14,49,28,15,28,38,26,46,43,28,21,12,32,30,43,32,11,37,14,14,40,34,49,41,47,41,44,45,31,41,23,22,14,19,31,27,40,49,11,41,31,38,17,23,42,36,43,48,36,22,25,39,19,34,29,19,13,16,48,43,49,10,22,21,23,39,45,16,20,48,35,44,21,20,33,18,41,21,27,39,26,23,41,13,23,34,27,39,23,40,39,29,47,14,37,32,20,25,30,24,22,24,11,42,19,19,35,42,40,45,37,35,44,47,37,43,48,25,17,19,30,31,40,25,24,11,23,15,17,28,13,42,32,22,39,11,50,47,17,36,22,27,27,25,26,45,22,36,41,15,22,49,41,41,43,46,26,47,44,26,18,19,36,29,13,45,40,16,25,21,27,43,48,15,28,50,22,25,23,21,41,35,45,25,22,14,25,40,24,16,33,33,47,20,34,46,39,25,41,12,10,19,40,13,20,45,38,46,17,41,40,40,39,40,35,39,18,41,44,45,47,22,36,37,33,14,37,48,45,23,25,45,10,24,32,48,21,41,34,12,41,36,14,23,41,16,38,19,38,10,43,42,13,39,12,11,42,17,30,14,27,12,20,23,19,20,44,27,47,17,19,21,46,48,20,34,39,10,35,11,34,24,46,39,44,36,20,25,12,44,31,13,21,49,43,37,26,49,37,33,17,16,24,23,19,39,34,45,39,15,13,45,47,37,16,18,30,21,33,42,26,35,47,43,45,38,32,27,50,47,24,23,49,18,35,48,47,13,46,18,44,49,12,27,30,12,29,30,33,24,50,12,30,44,30,44,44,44,45,33,48,25,29,25,23,21,37,44,36,28,25,14,18,21,20,22,49,37,25,43,14,31,33,48,23,15,47,41,33,20,16,14,29,31,21,11,48,37,34,33,27,10,12,11,17,34,12,25,30,42,38,25,38,10,46,50,16,26,38,28,20,20,18,28,46,40,21,30,26,29,43,50,35,42,28,37,12,13,36,33,34,36,40,12,44,22,34,31,34,16,21,25,29,16,43,19,13,24,46,33,26,36,46,48,29,27,13,18,39,41,47,31,32,49,14,50,23,39,13,25,37,35,27,49,42,42,30,36,36,38,33,47,38,49,10,23,22,42,44,23,37,29,47,46,35,16,44,15,38,50,14,31,46,27,16,28,19,17,49,17,40,47,47,48,41,23,15,50,23,48,37,27,18,32,18,20,24,15,48,46,35,30,33,31,29,20,47,17,40,32,50,29,24,42,29,25,43,23,44,41,46,12,49,15,29,48,10,30,49,31,37,46,27,32,13,29,39,19,37,29,29,22,34,34,23,37,41,25,39,33,14,48,24,46,43,41,49,41,33,23,28,29,33,44,38,10,19,27,15,46,48,35,23,42,17,16,10,25,37,21,40,48,34,25,34,13,20,49,23,31,19,30,29,44,30,45,34,12,41,14,39,45,46,42,16,19,29,39,35,23,36,13,12,29,27,24,35,19,18,13,11,28,32,30,21,48,29,49,40,45,30,39,15,37,27,23,10,24,13,33,37,33,31,10,39,29,31,47,43,45,32,33,43,23,45,32,43,36,29,11,47,26,38,32,18,37,37,30,28,47,23,30,19,32,30,19,43,48,18,47,31,35,38,42,46,39,15,43,17,29,49,38,20,28,21,27,24,36,44,30,22,16,10,23,44,40,30,21,35,11,18,33,40,21,36,47,10,11,20,48,20,36,15,13,39,44,28,33,30,27,35,33,10,47,17,34,13,31,47,18,19,10,45,41,43,34,32,42,40,31,35,41,50,44,36,46,17,41,42,23,43,49,13,41,18,28,33,50,49,38,37,43,25,43,17,13,35,48,11,50,32,41,25,31,20,44,25,46,33,31,39,29,13,48,37,13,49,38,14,50,20,32,42,34,14,43,20,47,27,14,16,32,32,30,30,16,42,18,34,33,31,16,17,27,14,13,34,34,43,28,45,42,10,16,29,20,30,39,12,44,46,41,35,13,33,15,15,14,43,16,31,28,29,48,13,25,22,27,46,24,31,37,14,39,23,17,15,46,10,15,39,37,47,35,42,11,43,31,40,34,27,23,34,35,20,24,33,50,44,41,31,39,42,22,25,14,29,43,15,41,14,16,20,14,33,16,39,12,36,39,34,11,34,13,14,43,24,31,50,28,39,24,48,30,43,44,28,36,19,35,25,34,31,32,24,45,17,24,40,42,12,24,22,35,43,50,15,36,35,24,26,14,14,16,32,41,21,38,26,15,32,30,15,38,15,44,27,45,11,15,23,12,11,34,17,41,34,23,27,36,29,46,37,42,23,14,40,47,50,10,10,46,32,36,46,37,43,36,39,20,32,43,33,26,38,33,46,33,29,39,36,13,40,15,14,34,45,47,44,45,29,13,18,48,29
