The number of jobs:
600

The number of machines:
50


The power of each machine at differnt speed levers:

(where rows denote machines: 1 to 50 and columns denote speeds levels: v1 to v4)


17,25,31,41
10,24,32,42
20,28,35,43
15,22,37,45
14,23,31,41
14,24,34,43
15,20,38,45
20,28,35,45
12,20,35,43
18,25,35,44
5,26,37,45
15,21,28,44
6,26,33,40
5,26,37,45
14,26,37,45
12,19,27,39
16,27,38,45
13,18,30,44
13,20,29,35
14,24,35,42
9,13,24,41
16,29,38,45
13,21,31,39
15,28,36,45
20,29,38,45
17,29,37,45
6,20,38,45
9,29,36,45
7,17,22,28
12,19,37,45
13,29,38,45
5,16,22,43
10,21,37,45
12,30,37,45
20,26,37,45
17,26,34,42
5,25,37,45
7,27,38,45
15,20,32,42
8,26,33,43
12,27,38,45
9,19,38,45
12,27,36,44
8,16,24,37
13,23,37,45
10,27,35,42
14,19,30,44
8,30,37,45
9,15,25,32
5,17,24,34

The basic processing time of jobs processed on different machines:
(where rows denote machines: 1 to 50 and columns denote jobs: 1 to 600)
19,38,43,28,16,38,34,31,46,23,13,42,31,16,19,45,36,48,29,17,34,33,15,33,34,41,37,42,32,31,24,14,48,22,33,24,26,12,40,26,11,13,37,18,13,23,35,11,28,36,45,45,44,26,28,14,12,25,12,27,34,31,35,15,12,20,29,43,23,19,36,49,13,39,22,24,18,47,22,45,42,46,23,30,38,29,19,30,32,25,48,24,13,20,33,43,10,46,46,36,17,16,35,16,43,43,34,20,27,33,28,46,14,44,18,44,25,39,48,28,39,29,41,37,19,43,15,42,48,19,15,37,44,39,24,19,32,35,33,25,28,23,31,31,39,16,46,29,46,41,20,24,23,14,11,22,36,20,18,42,25,17,18,36,18,11,31,15,16,34,11,21,33,12,28,21,11,50,24,36,37,22,36,40,30,27,10,47,47,48,42,37,20,31,38,21,35,23,46,14,12,15,22,14,11,18,34,40,46,25,41,13,33,16,11,14,46,41,44,25,50,14,21,43,19,30,29,14,26,25,34,42,27,31,46,25,26,17,48,22,33,23,40,44,17,19,46,43,17,46,24,43,20,43,36,27,22,27,44,18,29,50,43,11,22,13,15,12,43,46,13,28,30,46,22,38,44,29,33,20,18,48,39,38,41,29,19,26,20,16,12,49,14,12,19,20,50,26,23,37,14,44,21,19,20,13,30,34,46,44,39,14,12,16,19,45,40,37,23,27,40,41,32,31,19,25,45,34,29,16,35,50,44,48,36,27,11,38,19,30,45,26,36,24,16,39,27,16,19,28,23,17,11,26,22,29,12,17,24,49,41,19,11,14,33,35,24,33,28,26,24,40,22,34,29,18,48,27,47,36,36,21,36,13,13,39,35,22,41,29,24,14,49,19,35,34,24,14,46,48,15,40,21,46,39,49,27,49,10,30,49,40,26,34,29,22,23,39,11,22,15,18,11,18,14,15,48,49,41,39,28,19,18,48,11,28,32,39,14,37,15,41,18,31,17,48,30,28,24,38,10,24,40,30,13,16,14,14,43,22,42,21,48,15,45,47,10,46,23,33,18,44,44,16,39,10,26,17,17,16,32,29,14,17,12,49,16,27,28,42,22,49,15,11,30,23,21,30,35,35,48,35,38,38,17,19,23,38,46,44,46,33,39,30,40,21,35,43,49,33,37,39,50,25,18,17,32,14,32,13,33,46,34,23,35,35,17,20,43,31,28,29,17,19,49,33,43,35,19,42,30,13,11,37,27,15,36,35,23,29,26,21,25,38,25,17,27,39,49,17,46,15,33,13,31,50,34,48,45,14,49,17,12,12,45,43,22,30,34,25,15,16,23,12,19,25,32,47,35,19
11,39,35,30,29,41,16,16,35,32,16,35,10,46,11,31,30,30,13,46,36,45,19,27,38,34,41,31,23,37,40,31,14,21,44,40,38,12,18,16,22,22,48,16,25,43,16,14,23,31,15,33,27,35,37,32,24,24,39,39,45,41,28,20,48,35,16,20,37,42,34,49,44,44,39,31,22,50,31,13,35,19,49,15,44,19,27,26,46,46,38,35,14,13,14,19,37,11,36,46,43,27,18,33,17,45,35,19,28,32,25,17,10,15,46,11,49,35,49,21,15,33,21,22,29,24,30,38,10,13,47,10,19,50,32,47,29,46,43,19,22,39,20,44,11,19,28,22,25,31,19,12,31,12,38,50,18,50,33,44,38,18,27,26,30,12,29,14,13,40,22,14,47,30,22,40,30,33,44,25,10,45,46,47,19,18,48,36,31,44,29,31,38,34,50,18,31,41,42,32,41,45,26,11,11,17,18,14,25,28,35,19,43,26,45,41,34,45,37,40,27,43,36,23,29,10,34,38,14,24,24,14,24,37,32,35,26,20,40,28,44,39,31,36,41,14,36,39,50,17,45,24,23,33,20,29,16,21,14,47,41,45,18,29,16,46,28,35,44,44,48,41,14,42,48,36,15,34,49,26,12,10,38,29,26,46,28,36,38,41,26,49,20,11,29,41,35,15,17,43,47,35,15,47,38,13,40,46,13,17,17,12,48,27,32,12,35,19,42,30,25,29,35,38,45,19,42,17,34,20,13,38,23,45,14,18,35,45,40,41,38,47,21,27,12,48,46,40,27,35,35,24,47,21,27,11,41,37,20,29,31,32,38,49,18,37,24,27,42,34,23,17,45,22,21,29,47,48,38,48,16,45,19,22,25,34,16,14,47,31,40,18,48,11,48,20,35,20,17,11,50,45,13,50,46,38,15,25,15,14,20,42,38,23,47,37,36,23,36,28,17,26,44,10,15,35,15,13,38,15,20,10,49,22,39,19,40,35,22,39,33,19,30,36,45,33,34,21,28,46,26,33,16,28,21,44,18,38,25,40,17,19,32,18,33,39,28,38,48,25,16,34,22,15,40,12,38,39,40,38,48,50,31,33,41,18,31,23,32,40,31,34,18,40,39,43,35,36,22,44,17,14,24,28,33,21,13,29,49,35,33,46,14,30,25,22,37,14,30,23,38,30,12,30,29,19,48,31,50,47,35,43,15,43,23,27,28,39,14,47,29,15,26,14,14,11,41,41,48,19,17,32,43,21,13,19,49,17,13,37,45,11,13,49,44,25,26,39,23,49,46,27,41,30,43,29,19,29,22,33,20,22,35,27,37,14,21,26,47,32,10,11,44,11,21,16,27,14,27,45
16,24,20,39,12,38,14,16,32,16,23,45,34,38,18,27,47,23,29,40,28,17,47,39,30,15,37,26,45,18,43,27,35,36,36,25,16,13,46,39,29,44,14,28,36,20,21,32,38,33,28,39,34,45,34,35,11,45,12,16,21,27,21,32,29,49,29,11,19,42,36,41,41,48,42,42,39,50,12,12,28,30,20,43,15,39,20,35,49,31,34,32,35,14,21,47,19,25,38,28,23,16,27,43,35,29,40,22,37,41,28,19,44,28,27,16,10,17,28,17,36,50,30,34,17,27,16,43,20,30,42,40,20,17,18,23,39,48,11,45,37,11,17,12,34,27,31,16,36,49,42,38,29,49,39,32,16,40,16,41,18,10,31,36,35,26,34,34,23,40,45,33,19,40,42,24,34,36,42,40,15,22,49,25,16,24,23,41,35,32,14,48,25,35,26,43,36,32,27,31,12,30,42,38,12,21,23,42,46,38,33,43,28,39,17,12,13,14,17,47,12,27,45,37,26,26,20,16,49,44,32,11,45,37,13,46,20,49,37,42,39,32,41,20,42,18,47,38,13,24,48,14,36,18,36,35,32,31,17,37,23,17,45,20,36,14,37,46,48,25,41,30,46,41,37,12,39,40,42,18,13,36,40,34,29,49,35,19,24,43,42,31,35,43,41,34,23,28,29,29,21,43,34,16,14,23,34,22,39,26,47,29,23,30,11,42,18,30,23,33,16,35,22,38,14,24,12,11,14,21,26,31,28,20,43,34,37,25,19,48,26,18,37,43,39,25,24,40,15,27,48,28,44,13,25,24,10,27,33,33,13,47,31,31,27,38,29,31,13,35,25,14,28,16,47,10,45,14,27,30,29,19,40,32,48,18,18,14,22,48,32,24,34,12,48,15,44,39,32,36,13,26,23,38,16,19,14,22,40,45,31,11,48,36,47,34,38,31,11,39,29,36,35,29,49,35,26,21,39,43,46,38,20,15,42,38,45,47,35,12,23,18,48,41,44,50,37,26,31,35,19,44,44,45,31,27,27,26,30,29,30,13,47,30,27,10,26,33,43,12,30,45,23,27,49,15,44,37,42,37,42,48,26,49,15,38,25,14,13,39,26,50,15,41,14,32,29,36,41,32,44,29,17,32,40,33,35,23,17,23,43,22,10,13,11,28,14,25,40,39,16,40,38,32,41,37,42,22,39,42,17,30,29,40,49,40,22,19,13,28,32,48,22,34,24,46,35,16,45,19,25,13,48,31,41,37,17,21,22,46,32,34,15,47,12,41,36,28,15,20,26,15,20,26,24,24,12,49,12,18,33,38,25,15,34,37,44,35,26,48,36,21,48,31,24,16,29,47,36,10
31,29,35,49,48,17,44,30,41,29,24,47,20,43,18,13,13,35,20,19,31,18,27,19,26,20,25,19,43,12,26,14,16,22,15,38,45,38,31,39,21,42,12,31,24,19,47,42,29,21,41,13,36,27,16,22,20,13,43,43,47,15,13,36,46,49,47,30,18,11,34,47,10,36,34,41,42,28,33,41,14,28,20,14,45,12,41,29,20,25,50,26,49,44,36,47,26,29,37,31,18,47,23,24,42,20,48,36,46,21,26,44,43,24,39,49,17,29,17,23,14,16,45,34,16,30,33,47,47,42,34,18,32,41,19,50,21,12,35,47,11,30,31,22,33,20,43,12,23,23,22,48,31,35,29,35,20,29,42,15,13,39,13,48,38,28,29,35,50,45,43,20,43,18,41,43,15,32,12,23,43,39,36,46,23,46,43,49,12,33,32,42,23,34,43,33,42,40,31,24,44,31,33,18,47,21,23,37,44,21,48,48,49,24,28,39,21,42,12,34,30,45,16,17,19,24,13,15,47,13,19,17,43,41,37,12,33,22,48,11,29,32,38,16,11,29,45,37,43,29,38,36,17,11,25,43,35,38,33,37,49,41,26,34,49,14,49,10,38,36,33,11,27,18,19,49,34,23,14,27,18,23,38,33,44,16,26,49,27,43,40,45,36,32,17,45,30,19,25,42,30,20,36,27,21,19,30,48,43,25,14,19,28,20,47,46,39,48,45,30,29,16,34,22,48,27,19,45,30,30,39,39,12,38,44,35,27,45,23,35,34,21,38,16,24,44,21,18,50,33,22,20,39,30,40,25,37,44,44,47,17,18,29,38,33,39,12,35,13,32,36,13,40,21,33,33,43,26,33,26,13,43,42,40,20,46,11,18,27,37,21,43,48,35,13,24,13,29,37,37,48,42,26,11,18,33,45,27,31,45,21,37,27,18,11,42,26,26,20,31,10,37,29,35,45,30,25,46,37,25,15,15,37,20,11,42,38,43,20,20,25,39,47,50,27,16,29,19,36,37,49,44,39,37,33,21,30,43,49,20,24,23,19,23,31,45,18,24,37,12,15,37,10,30,28,26,35,33,42,33,33,48,34,15,21,35,26,20,26,15,13,30,36,42,12,23,13,20,46,22,10,37,22,25,29,40,33,38,42,33,32,44,16,42,49,41,10,23,32,45,32,12,40,37,37,11,15,18,27,21,16,30,44,38,21,20,25,41,13,40,35,22,35,24,48,13,49,16,23,49,12,40,31,21,45,18,17,16,28,13,18,38,39,13,25,14,48,41,17,45,33,28,13,20,18,14,16,49,43,39,46,16,30,48,31,13,49,29,47,29,13,49,36,20,19,49,11,14,13,35
30,27,48,14,20,46,31,32,39,19,23,44,23,20,25,29,13,16,23,19,17,44,10,47,19,49,29,28,29,44,10,36,39,46,37,32,42,42,23,44,19,28,30,17,18,43,30,21,27,27,34,15,19,26,25,45,25,42,18,48,44,15,36,41,46,15,40,35,24,43,37,16,10,16,12,30,46,31,23,17,39,37,23,15,30,27,29,28,33,42,39,38,25,12,28,35,36,47,23,13,17,40,37,26,13,19,18,33,21,48,30,26,20,22,12,22,35,22,36,30,10,19,11,38,47,39,18,40,45,31,15,22,28,46,14,35,16,27,27,37,35,17,36,34,12,46,22,16,25,28,44,11,31,11,31,11,37,32,32,42,14,13,23,44,12,37,31,38,43,42,22,48,30,39,28,23,22,22,20,29,22,17,36,45,40,13,10,30,42,25,48,34,46,20,14,24,24,33,19,12,22,15,44,46,11,18,15,25,20,35,12,28,48,34,30,25,21,17,12,43,11,15,33,26,23,29,49,20,49,42,14,27,37,42,40,22,38,17,17,43,32,11,35,23,46,27,48,32,15,29,28,18,39,40,39,37,49,39,19,33,11,36,27,19,45,36,22,25,31,49,10,17,31,15,36,40,37,45,44,43,49,16,14,15,37,30,18,43,33,36,36,25,23,15,45,47,28,21,34,50,44,43,45,30,35,17,31,23,14,25,13,23,31,37,48,35,28,14,25,36,13,13,15,48,39,39,39,14,42,24,13,13,20,12,31,43,22,47,46,45,43,23,50,40,37,10,27,39,20,41,26,11,38,47,44,17,45,49,18,22,44,33,15,12,38,38,15,19,30,26,29,31,11,49,24,41,21,27,23,48,45,30,36,12,20,23,43,26,31,47,31,23,39,23,35,15,48,12,11,13,27,24,30,20,32,42,16,44,15,32,14,50,22,12,38,18,33,14,23,17,35,40,13,44,30,14,24,27,23,30,23,10,43,48,27,27,30,46,19,40,50,18,41,28,13,37,18,43,37,45,34,13,47,20,31,34,24,10,17,47,37,27,23,46,49,18,15,42,29,33,30,40,47,29,40,25,21,10,37,11,31,29,33,33,23,36,40,35,13,47,21,30,42,42,41,14,18,22,24,18,20,43,19,31,35,28,18,28,21,18,26,28,43,13,19,41,13,17,49,24,24,34,20,45,11,37,34,11,27,26,47,12,42,34,35,25,33,37,15,25,15,44,40,45,34,36,30,37,35,32,45,36,14,12,21,48,15,40,31,36,39,42,36,45,42,50,27,32,38,26,43,49,34,14,18,40,14,13,13,35,14,27,13,47,37,39,34,39,14,43,14,18,21,37,21,16,44,34,28,18
12,18,15,43,33,43,24,24,32,11,49,48,22,32,26,41,31,43,50,24,14,38,44,43,34,23,31,32,43,11,41,12,42,27,39,11,37,42,48,19,11,35,41,25,10,18,43,40,40,35,19,26,43,35,27,24,12,50,11,12,28,17,22,24,18,11,37,19,44,43,12,30,17,23,29,22,26,30,17,30,16,30,26,24,17,19,40,31,46,24,47,24,24,49,26,24,43,38,15,39,33,25,42,35,11,38,29,32,32,11,19,47,36,15,22,43,42,20,41,30,40,17,34,41,27,16,46,38,14,12,12,28,40,13,17,14,34,13,47,34,14,24,29,20,35,39,20,37,42,42,38,28,33,22,39,31,14,46,14,26,12,19,49,35,19,33,32,15,47,37,20,19,12,17,13,32,18,49,19,42,37,24,17,28,20,35,21,14,27,40,36,21,28,24,19,30,23,45,11,15,27,39,48,32,22,35,36,24,30,19,38,47,35,43,30,27,41,19,35,47,49,20,33,37,28,26,27,42,44,35,48,27,16,49,22,12,19,30,13,11,36,19,39,15,11,22,25,39,16,37,33,20,20,14,15,36,14,32,33,19,36,16,46,27,25,14,36,20,30,35,23,10,16,15,17,34,42,44,50,29,12,17,24,22,33,34,18,39,12,21,22,21,35,48,29,35,33,16,32,47,34,19,48,24,28,37,48,35,21,37,27,48,35,41,39,45,33,14,14,21,45,23,11,18,34,39,41,30,47,46,33,49,19,21,10,22,21,37,44,11,19,17,40,34,23,10,15,39,49,14,18,23,46,29,40,17,41,24,13,38,44,30,50,24,39,29,23,49,10,13,49,18,46,13,31,39,41,14,19,18,24,49,22,45,14,48,41,33,35,29,44,38,43,49,37,43,32,31,26,48,35,30,20,30,20,15,31,13,38,21,46,49,40,13,32,11,15,33,23,47,28,37,36,34,23,12,38,32,23,27,23,39,25,45,29,20,41,44,33,16,36,41,16,12,12,17,30,47,15,25,11,46,50,29,36,34,50,18,40,26,45,33,25,16,40,43,35,45,48,17,26,38,49,22,31,44,45,14,28,16,25,32,10,37,17,50,47,49,29,49,16,36,33,22,29,36,30,11,33,45,13,29,37,28,41,44,28,32,18,24,48,44,35,17,18,15,36,16,38,30,40,37,50,40,33,30,21,28,41,26,15,39,38,16,45,22,21,47,32,27,25,17,33,39,14,42,46,11,18,29,43,22,40,39,48,28,28,31,30,44,49,14,30,44,40,39,25,24,35,25,37,20,15,16,26,49,17,46,27,22,37,42,26,15,22,46,37,45,40,49,14,37,18,31,25,29,27,27,34,18
27,41,31,16,40,31,19,20,44,45,32,44,38,49,22,43,19,37,29,48,21,34,44,48,46,38,35,34,43,14,44,20,40,14,39,11,42,13,44,15,17,32,18,39,28,47,34,24,37,42,23,20,19,23,27,26,49,12,30,13,49,36,13,31,16,25,24,12,34,26,15,32,17,45,44,13,21,46,45,47,22,41,30,30,13,39,17,13,20,11,45,13,32,47,29,16,32,15,25,29,37,43,25,42,33,13,14,17,12,23,14,20,31,37,47,49,18,44,48,34,50,47,44,49,46,32,12,14,39,34,41,24,23,17,25,34,31,16,34,40,23,23,33,34,47,34,38,29,18,41,22,32,19,28,31,36,18,28,43,10,49,35,49,31,22,40,23,33,33,30,34,19,44,42,14,25,30,15,47,17,26,32,24,17,42,35,14,24,29,22,21,30,30,18,47,41,22,21,32,42,19,27,19,37,20,17,16,38,41,39,34,24,19,23,42,16,42,27,43,17,14,14,17,23,15,11,48,14,44,10,17,28,30,47,40,23,19,27,38,43,30,49,13,35,19,12,38,39,19,28,39,40,28,39,11,11,18,30,39,10,30,42,33,18,13,46,34,31,43,40,32,34,45,35,28,22,33,47,43,49,25,44,34,47,19,33,30,41,34,19,35,31,22,21,30,24,11,12,44,22,19,49,47,37,18,21,16,29,39,40,21,29,39,28,31,15,14,31,46,30,32,32,43,45,17,32,22,23,31,17,49,38,37,42,49,11,45,23,20,41,46,21,15,49,47,37,17,18,50,35,43,22,25,31,40,25,18,31,35,12,12,44,22,30,11,13,29,44,38,23,26,37,19,46,34,20,12,27,42,15,31,36,16,24,15,49,31,16,47,42,23,34,34,44,35,14,34,22,12,38,16,23,41,17,11,44,12,23,37,39,24,43,38,14,13,14,41,28,39,10,28,27,44,21,27,13,19,18,11,24,34,50,35,19,26,48,38,33,50,18,49,33,21,43,24,32,33,38,37,16,48,33,15,26,42,14,17,22,47,18,43,45,25,28,24,35,38,49,32,32,39,11,50,41,28,47,29,13,36,36,36,46,40,21,36,21,21,36,20,46,34,22,38,30,30,32,16,21,12,34,27,13,43,18,41,27,19,43,40,26,48,41,43,49,13,29,26,26,16,39,17,22,43,46,21,13,31,33,19,16,36,22,20,11,21,24,21,23,32,50,16,13,27,15,13,49,27,39,29,11,33,11,49,44,46,28,35,13,31,36,28,43,18,13,24,42,18,18,23,30,47,44,27,34,21,25,31,41,18,19,38,14,31,39,25,36,15,20,33,33,44,15,11,35,40,25,13,33,30,16
13,43,27,38,26,27,16,17,38,19,34,39,25,42,32,34,46,45,16,44,29,14,48,26,44,41,32,45,42,14,36,37,40,36,18,22,23,29,21,41,19,23,40,13,48,45,33,42,26,49,35,12,12,11,18,13,43,32,41,44,34,12,37,45,17,14,19,35,32,35,11,47,20,16,29,12,39,44,40,44,28,21,20,36,47,45,33,32,27,15,12,31,15,20,39,46,17,45,17,43,19,32,43,26,29,38,43,43,39,25,22,38,18,45,16,25,31,48,41,14,22,36,30,46,42,29,40,41,18,42,34,35,14,25,36,35,37,13,12,26,49,22,17,40,34,20,48,45,41,48,14,38,47,10,29,19,41,46,27,20,32,15,34,31,26,33,47,33,42,38,24,25,20,11,11,28,20,22,40,13,20,27,44,42,18,12,49,36,27,14,35,23,17,12,38,47,22,46,12,46,43,21,30,15,13,42,37,15,44,47,43,35,20,16,36,50,19,16,32,48,38,38,13,35,18,13,50,49,36,40,45,22,16,25,27,14,42,19,43,20,11,20,39,42,31,30,19,14,21,29,32,48,23,16,19,24,32,39,37,11,14,20,14,44,10,23,50,20,17,34,40,40,35,18,17,26,12,25,35,23,39,50,21,19,38,34,13,21,25,17,36,37,44,28,10,25,37,42,18,15,22,45,27,25,12,49,42,31,47,41,41,24,24,33,40,15,49,33,34,25,46,39,20,24,40,27,26,31,25,25,31,31,11,34,23,17,37,33,13,14,39,14,37,13,19,44,39,35,20,21,11,13,13,16,30,45,41,25,31,43,23,21,16,38,47,34,19,32,42,35,17,23,45,43,18,13,13,25,42,29,44,28,13,13,32,44,15,48,31,25,47,11,27,41,43,42,47,32,29,20,11,31,36,20,14,44,26,45,27,41,36,34,47,41,13,48,16,44,23,19,14,21,14,26,41,29,27,18,18,34,14,34,18,33,16,28,13,22,45,44,16,31,39,33,50,17,46,20,29,30,20,33,12,16,23,29,26,16,44,16,45,21,45,12,46,42,30,28,25,49,13,21,21,39,45,25,48,49,28,39,38,13,23,35,31,48,20,27,32,26,41,18,18,23,15,39,38,46,48,19,38,14,29,49,40,34,21,18,13,37,15,39,13,20,15,36,48,35,23,43,29,49,18,38,34,40,30,22,42,36,39,25,27,20,40,49,27,11,33,41,49,14,21,43,37,37,37,44,25,17,19,17,32,32,31,42,38,14,38,46,27,38,30,23,15,33,13,32,24,43,48,20,48,31,49,39,13,45,34,10,24,15,39,21,47,31,29,28,37,37,28,38,33,12,34,44,34,21,47,22
34,21,13,14,21,35,25,34,11,27,29,32,28,24,33,46,41,14,47,36,45,25,17,39,21,23,34,27,45,25,29,34,39,36,10,39,34,49,48,22,20,18,37,45,43,40,49,42,50,37,31,21,45,26,41,25,27,29,36,34,32,45,48,15,29,42,22,11,32,15,47,47,23,16,24,36,28,50,12,29,35,26,45,27,46,39,18,21,12,25,49,12,48,39,13,19,25,34,30,44,16,44,16,19,32,38,46,37,17,25,11,29,29,23,34,34,47,20,21,47,45,32,44,39,43,29,43,41,24,17,14,29,39,40,39,47,39,37,22,16,11,16,21,23,32,13,11,23,42,25,22,11,24,31,50,36,34,46,35,22,46,40,23,17,37,11,42,16,38,38,30,10,36,21,18,20,19,33,40,46,32,40,27,25,22,37,14,44,16,28,36,15,44,23,20,14,11,26,46,49,13,33,15,47,17,41,19,31,11,42,43,39,32,32,42,13,31,38,39,25,36,34,29,49,44,28,26,23,32,12,22,26,48,40,50,40,31,30,25,48,24,32,27,32,46,13,26,34,26,40,48,45,47,46,46,42,24,34,31,38,42,18,34,10,21,28,19,29,38,11,40,43,27,25,21,16,26,31,17,29,23,14,50,13,13,14,39,33,43,14,24,22,29,18,15,46,39,34,21,22,48,38,44,12,11,36,45,21,40,32,32,41,30,48,11,26,13,21,29,31,42,45,20,13,21,31,35,34,35,22,10,13,30,11,30,46,48,21,47,47,10,17,20,46,35,46,31,22,31,48,29,14,17,44,18,21,35,33,44,12,10,21,31,24,22,47,19,36,42,29,37,12,30,41,46,13,41,30,47,16,35,15,24,12,20,40,34,39,35,35,12,12,10,28,14,11,48,18,22,20,49,14,31,39,32,45,22,28,26,19,34,43,32,16,22,18,25,10,40,28,33,38,22,38,15,14,45,18,23,23,30,15,20,30,16,21,31,24,34,48,20,28,24,27,36,12,25,34,40,25,37,42,13,27,19,46,31,32,46,43,39,48,18,14,18,10,34,46,48,29,33,15,23,23,19,27,35,46,15,46,45,14,30,41,20,15,37,26,39,49,18,20,33,36,30,22,36,43,37,44,46,17,26,24,25,19,16,28,49,27,19,42,41,42,46,39,34,12,37,40,34,35,12,43,34,43,18,39,46,18,29,10,10,47,30,50,24,31,33,22,42,27,45,20,13,26,39,38,20,46,30,11,47,41,39,43,12,21,11,28,12,25,28,46,35,18,30,13,43,34,46,25,39,13,28,32,48,20,28,35,12,31,28,15,11,16,25,19,41,27,36,13,42,14,49,43,11,45,34,12
48,38,35,25,47,45,19,18,45,25,33,26,23,18,25,24,35,44,28,10,28,23,37,22,33,36,45,20,19,15,39,14,48,39,28,31,20,42,21,15,34,49,13,41,47,30,27,36,31,22,21,27,14,20,11,17,10,40,28,42,15,18,48,41,24,37,34,37,49,23,21,12,16,40,44,45,27,19,34,12,42,49,13,12,33,11,35,30,24,49,26,31,44,27,34,46,28,39,39,18,19,15,32,28,26,15,41,37,29,18,23,46,35,23,33,42,26,38,44,13,27,22,35,15,41,46,39,43,17,46,16,25,15,19,31,37,15,36,37,35,26,27,15,46,44,15,28,11,32,31,24,28,32,29,15,31,28,28,46,12,39,23,36,11,22,49,23,28,20,38,38,11,31,41,18,37,47,14,31,42,38,15,50,36,47,36,37,33,44,15,20,33,43,25,47,44,15,10,46,36,28,40,47,35,20,10,37,36,27,32,38,28,19,21,49,26,49,10,46,24,43,22,21,41,30,29,27,48,21,32,16,11,46,43,42,20,26,42,29,25,15,18,41,48,18,44,30,48,28,30,43,42,31,11,45,35,14,30,43,14,24,40,47,24,15,48,21,36,49,43,29,28,37,38,41,45,17,36,45,25,39,30,16,47,43,30,28,42,14,36,30,24,25,46,40,21,48,12,11,36,29,16,27,29,32,36,25,46,35,22,43,29,12,30,23,21,16,35,47,39,44,18,23,38,31,44,39,33,43,28,46,27,21,39,41,39,39,43,15,35,49,30,45,30,43,14,34,42,17,19,30,39,31,40,45,12,22,29,31,35,42,28,25,42,29,27,16,40,49,41,12,23,47,20,22,31,44,26,23,34,22,26,20,21,33,22,17,36,31,29,46,19,21,38,26,30,47,29,35,44,48,32,17,46,25,41,17,13,13,25,14,17,35,16,28,24,19,14,14,42,24,17,43,41,45,33,23,29,26,39,28,49,22,32,46,31,18,18,15,49,11,33,49,20,43,39,45,18,37,31,22,27,33,12,23,41,46,41,48,26,14,35,10,33,33,32,50,31,11,33,30,40,27,47,11,25,48,27,44,34,25,48,26,21,28,23,27,37,39,41,35,31,31,44,43,20,31,46,14,29,10,19,41,47,44,23,34,31,15,15,26,48,25,28,27,45,44,49,14,19,50,41,21,29,21,40,40,32,48,43,27,27,38,14,38,11,18,45,15,30,30,37,22,39,37,15,24,11,47,18,24,25,18,11,45,17,17,46,12,40,35,30,12,18,25,13,12,47,24,29,48,50,16,28,22,17,24,25,18,21,46,23,36,15,32,20,17,42,30,48,14,27,39,22,14,15,39,49,29,12
16,48,36,32,11,32,18,48,30,27,34,17,17,14,49,32,31,13,22,50,48,30,35,40,24,33,46,33,11,34,30,46,18,15,37,45,22,30,37,15,12,20,24,47,40,31,21,38,17,24,16,13,11,12,36,37,18,37,35,30,31,32,40,13,16,38,14,21,45,11,11,35,34,45,22,18,27,29,19,10,13,36,27,40,19,24,28,25,43,15,29,21,27,35,19,11,12,50,34,33,17,38,47,37,46,30,32,31,34,32,24,36,23,11,37,11,14,14,30,11,12,19,28,41,24,20,12,36,49,43,23,29,32,28,32,43,47,14,37,31,45,20,28,15,44,44,14,16,46,50,31,44,36,20,15,24,45,18,17,35,45,32,36,40,47,19,16,16,24,14,35,11,50,13,48,50,13,18,29,39,34,49,26,42,29,30,24,15,33,37,30,40,17,29,43,25,22,20,44,49,25,47,40,35,49,11,36,36,35,11,46,11,29,45,46,40,30,22,17,36,50,19,12,47,10,22,22,31,28,16,37,49,48,18,50,37,43,45,15,18,47,38,14,17,48,44,44,36,48,38,37,42,36,35,31,34,37,41,10,38,21,25,39,23,45,29,30,28,34,43,17,16,35,32,10,14,32,15,27,45,24,26,14,47,23,15,30,34,43,19,41,38,32,20,15,29,20,37,32,17,22,49,30,36,12,48,30,48,10,34,40,16,29,20,14,12,21,47,48,29,43,12,26,17,41,46,12,44,13,20,40,21,16,25,40,14,41,30,28,35,16,43,36,32,43,47,14,49,28,17,23,49,12,40,37,18,15,23,41,48,21,16,15,45,16,44,38,14,29,34,21,21,22,42,16,49,25,50,26,37,11,41,13,40,32,28,11,38,15,36,42,43,45,28,14,29,34,24,43,44,12,45,36,42,34,20,12,45,30,18,30,18,43,33,40,18,27,15,28,23,19,31,50,48,45,25,11,15,45,10,22,29,13,12,40,43,16,48,39,48,30,14,39,12,27,49,26,44,41,32,46,44,35,33,50,41,24,19,39,38,40,18,47,19,26,11,43,37,20,13,29,18,16,45,34,13,15,13,14,41,48,31,49,38,42,35,19,47,27,28,47,24,42,20,46,30,17,31,42,27,38,25,40,42,13,14,15,12,48,32,29,48,28,12,26,43,10,12,47,38,29,25,17,14,12,12,28,30,24,45,37,38,35,15,41,19,49,24,34,30,43,22,35,13,14,45,25,49,30,23,31,47,23,17,16,31,46,33,38,29,41,18,44,38,31,46,14,31,13,49,16,15,42,44,16,15,28,23,16,13,34,32,47,37,13,15,19,32,44,38,35,23,29,42,45,46,12,35,17,32
31,39,31,40,30,26,34,24,15,15,22,19,40,17,49,12,44,13,36,41,28,11,49,15,41,16,42,47,37,42,24,27,12,41,18,10,34,26,42,26,27,32,31,14,42,50,11,27,38,37,27,22,47,47,29,22,17,13,25,12,12,41,37,20,41,11,26,28,43,43,40,35,14,50,49,35,18,12,43,11,15,24,18,38,38,27,20,42,50,43,26,36,23,14,47,37,25,46,39,18,48,17,27,25,40,27,24,32,47,28,46,18,34,16,32,27,40,26,50,10,28,49,39,47,28,40,46,48,15,43,42,36,19,32,46,31,26,49,20,30,36,24,29,15,18,25,43,43,39,32,33,15,34,36,22,24,40,13,30,37,33,29,39,42,42,45,44,45,48,24,41,22,37,20,34,35,34,18,33,38,37,21,28,22,24,24,26,32,30,12,22,48,35,26,13,32,40,23,38,46,25,26,44,33,16,23,12,30,40,14,30,39,38,44,28,21,38,29,22,16,17,11,19,27,29,10,48,29,43,41,17,24,25,25,36,34,19,48,13,33,35,33,45,20,38,44,39,19,38,23,19,49,14,41,18,29,48,14,49,43,23,40,38,14,20,29,23,37,49,28,49,16,12,32,26,40,29,47,27,45,45,47,45,24,11,45,34,39,31,47,23,36,37,25,35,37,15,15,16,49,15,16,48,28,16,32,20,40,48,49,43,21,44,33,47,32,12,28,16,22,25,12,30,17,13,31,37,25,25,47,14,19,31,48,25,36,31,43,44,15,16,43,49,22,48,42,25,30,13,24,38,12,35,17,15,36,47,42,22,13,46,26,22,15,36,49,14,44,28,24,19,27,37,27,46,47,40,33,47,28,45,17,42,34,36,41,14,33,15,29,24,50,39,24,20,42,44,49,40,47,30,12,21,43,15,11,38,34,19,35,17,24,30,38,45,44,20,30,39,43,17,11,27,18,41,27,21,23,39,39,35,15,13,35,46,50,45,50,45,24,24,25,36,30,14,22,33,46,22,18,22,49,47,24,41,40,26,40,33,29,23,17,47,21,49,10,21,38,49,20,50,11,34,14,47,17,14,47,39,20,21,31,20,11,36,42,36,34,13,30,22,48,41,16,36,24,47,29,41,19,49,29,15,30,35,48,37,12,23,36,37,33,16,28,43,19,40,21,41,23,19,39,19,37,22,43,36,13,26,17,12,24,21,40,40,40,25,23,23,14,41,27,27,35,21,22,45,19,42,50,25,14,48,31,42,34,45,37,34,48,23,18,36,22,31,17,35,28,46,42,38,43,26,19,45,27,17,24,25,28,18,29,36,12,48,20,24,38,33,25,22,46,19,34,16,14,23,13,24,24
19,24,45,19,50,17,33,35,11,35,23,37,33,16,33,22,27,42,43,12,46,32,22,30,33,39,48,10,14,36,32,10,26,11,19,35,36,47,37,29,21,23,23,42,48,40,13,45,50,24,18,48,32,12,21,33,49,32,37,49,28,28,22,33,44,48,33,32,49,23,24,45,30,31,39,11,41,35,22,47,16,30,12,17,14,48,18,24,17,28,25,16,14,38,37,32,46,49,13,35,41,21,25,44,20,45,45,28,37,24,17,15,34,43,20,46,40,12,35,34,11,15,41,48,32,33,23,43,26,36,37,23,26,26,10,49,17,30,26,36,39,23,41,25,13,21,34,10,32,31,21,39,38,44,18,20,26,41,50,42,33,22,22,41,30,32,19,47,26,32,34,35,36,48,16,46,44,28,15,24,18,46,17,14,34,14,40,18,15,38,11,26,40,14,37,32,19,19,26,26,46,19,25,14,44,23,39,15,18,48,14,17,39,49,48,46,49,28,37,16,49,18,48,35,49,34,35,36,17,30,28,35,18,45,12,24,40,26,38,32,43,36,46,32,36,41,26,33,46,47,31,16,14,43,15,19,34,11,24,18,48,37,33,32,42,25,45,31,19,45,21,14,44,14,26,50,47,26,27,31,28,25,19,15,46,18,47,13,41,20,15,19,19,17,36,42,34,42,14,25,20,15,16,35,44,49,31,18,23,19,43,30,26,39,43,45,31,16,48,21,30,19,25,32,18,32,45,39,18,21,33,40,23,40,43,41,24,14,20,28,10,27,33,10,22,20,45,40,35,16,45,18,25,16,22,10,48,46,32,34,10,15,21,12,27,39,31,40,49,29,38,18,26,27,46,11,19,36,20,50,39,26,42,41,29,20,39,29,18,46,36,31,34,27,40,38,50,34,35,19,14,36,14,24,46,31,26,49,38,30,44,21,48,36,29,19,30,47,38,42,31,23,28,43,45,32,27,18,42,29,35,28,34,32,37,45,15,28,16,23,26,40,28,45,44,42,34,27,14,40,21,49,40,13,30,11,24,26,45,20,18,45,32,24,48,42,15,21,21,45,38,22,19,43,34,22,25,25,12,38,48,15,15,23,37,37,19,34,11,45,26,18,45,22,31,34,16,43,43,17,40,38,30,38,19,42,38,23,29,22,16,40,44,32,46,14,30,36,13,49,46,33,26,37,20,18,12,12,45,26,32,19,32,21,30,28,23,21,36,39,42,30,25,22,18,14,24,26,45,11,34,14,42,48,48,11,46,21,20,42,44,11,19,20,27,35,21,43,39,41,36,18,15,28,47,11,48,36,17,20,45,43,17,41,49,30,16,31,32,39,14,24,48,49,40,18,15,41,45,34
30,30,22,10,21,29,46,50,35,45,46,34,33,38,24,47,41,30,38,44,32,45,40,13,17,46,46,47,21,27,19,41,36,23,50,40,22,24,24,31,44,32,40,39,26,19,14,23,29,44,44,14,50,30,23,38,19,31,31,24,25,26,47,35,45,47,25,27,29,31,28,12,20,49,29,30,32,41,39,28,20,35,23,23,11,11,38,37,41,31,50,26,36,34,33,22,32,12,42,30,10,32,41,37,43,19,42,27,27,11,41,50,12,18,12,14,15,18,26,34,21,30,12,33,21,19,37,47,21,26,39,39,49,32,10,43,33,34,13,40,23,22,48,17,27,31,18,44,26,14,17,12,37,14,34,34,12,18,29,12,49,20,10,22,13,37,43,14,23,46,17,14,34,18,20,24,46,28,28,22,36,28,39,28,27,49,18,40,43,37,41,44,25,32,42,19,48,30,39,33,41,19,31,29,47,40,48,50,49,10,13,36,28,18,21,24,26,16,37,45,39,31,16,18,28,29,24,50,43,18,11,20,48,33,42,15,14,38,50,44,20,33,40,29,43,47,42,10,23,14,16,14,37,41,50,18,27,20,24,16,33,39,11,19,26,43,34,41,11,21,41,25,14,31,26,41,31,46,39,34,39,13,41,50,39,44,20,38,31,46,46,24,24,24,29,38,29,48,42,29,28,31,23,36,20,24,26,29,42,12,18,32,40,33,44,43,33,16,27,16,20,49,39,14,28,16,49,28,25,30,18,21,11,17,27,22,27,24,28,44,21,11,33,35,45,46,27,16,46,29,18,34,43,44,49,46,26,36,22,39,33,11,31,32,42,49,27,21,19,19,41,24,13,42,14,16,12,42,30,39,13,36,17,50,47,38,16,35,34,36,50,23,36,25,31,20,25,17,47,13,45,27,45,18,27,14,13,45,36,33,33,19,30,39,27,40,40,29,20,49,43,43,31,17,44,48,16,28,41,28,41,29,14,12,17,12,24,43,26,35,18,40,28,43,26,28,18,14,14,37,17,44,38,39,33,45,32,14,36,45,17,44,30,40,35,35,43,27,41,30,45,21,49,35,22,26,14,26,16,49,42,32,22,48,24,47,30,26,20,15,49,49,39,34,30,14,47,17,43,34,15,15,41,26,29,15,31,15,21,45,27,49,35,25,18,23,23,45,17,26,29,33,37,23,49,37,44,42,22,50,12,42,36,27,39,31,40,41,44,48,38,44,14,11,16,19,36,26,12,20,33,18,24,14,42,31,18,20,40,34,25,26,11,48,11,26,26,34,15,33,14,18,21,45,44,21,48,41,13,14,50,24,25,20,16,32,15,38,39,27,38,48,15,37,47,41,30,10,45,32
22,31,29,18,45,33,41,34,25,37,23,26,48,48,28,48,18,39,14,50,33,15,49,30,34,34,13,45,36,47,28,12,20,20,18,24,34,47,24,48,36,43,19,20,47,10,18,43,41,34,21,36,41,29,26,41,49,41,48,33,41,35,12,31,21,17,27,22,44,12,35,46,36,30,22,13,27,33,23,48,14,16,44,37,47,50,14,15,42,37,31,30,19,15,19,25,48,34,35,37,26,12,16,12,14,36,36,34,48,45,35,50,33,39,34,44,44,38,28,20,30,23,11,43,14,11,33,48,47,23,12,46,22,24,32,41,44,16,24,24,14,33,27,36,42,22,11,34,44,12,21,43,18,23,41,17,25,17,25,19,26,32,45,13,44,10,27,23,22,45,11,33,15,43,30,37,21,40,32,23,17,48,50,38,40,33,20,32,37,42,20,17,26,27,39,19,24,36,27,48,26,22,22,17,26,24,31,31,12,11,36,31,16,13,45,19,24,12,26,38,20,14,40,31,20,32,26,49,25,32,11,10,30,31,41,37,42,20,35,13,14,46,45,17,42,15,25,18,10,23,26,49,27,48,24,33,21,41,50,44,16,20,43,17,23,47,15,49,36,17,35,36,27,30,16,49,14,21,26,31,29,19,35,24,31,28,36,19,33,37,38,36,20,50,48,15,16,35,49,13,31,45,29,17,25,15,12,29,28,42,49,16,48,14,44,44,33,20,18,10,22,33,31,18,49,40,35,48,48,24,29,28,30,19,13,21,13,28,25,44,30,48,17,15,12,48,17,42,29,47,27,12,34,36,40,13,17,11,44,27,34,34,22,39,12,32,43,39,42,50,23,32,28,35,48,43,12,14,43,28,47,42,29,47,33,23,48,24,33,46,17,40,49,34,15,50,35,47,33,17,21,32,28,49,21,18,20,25,32,16,35,47,18,31,17,11,29,29,30,47,32,45,26,14,34,19,22,33,33,45,43,17,33,39,21,30,40,30,48,30,11,26,28,29,50,33,49,16,46,39,32,27,19,39,43,44,35,43,27,25,22,44,48,25,34,31,35,37,17,46,14,35,14,22,46,38,21,42,38,12,37,46,44,22,21,23,22,41,30,11,35,44,43,19,33,13,49,36,37,18,47,38,12,37,34,26,39,38,42,18,28,43,36,39,25,11,47,48,14,48,47,40,19,23,39,14,28,49,42,42,47,48,26,29,17,45,25,48,30,26,18,11,44,28,17,22,11,28,12,41,41,28,46,21,37,25,12,36,22,25,43,49,40,22,19,12,27,25,25,24,35,27,49,43,13,29,19,31,44,34,22,40,41,38,22,48,20,20,22,46,11,26,37,38,50,26,31,13,10,10
25,42,24,14,28,46,25,22,21,45,33,39,34,39,19,27,47,25,50,15,35,18,35,43,17,29,47,13,15,40,21,27,48,46,34,24,36,11,46,11,33,28,50,40,13,45,28,41,42,32,23,18,43,30,25,17,11,48,35,48,36,30,23,24,14,31,41,28,41,31,20,18,38,18,49,14,33,29,44,31,29,15,34,39,38,29,32,30,34,14,24,44,48,46,13,11,18,33,20,19,19,23,22,11,22,45,19,33,25,32,38,17,12,12,46,48,44,17,23,23,23,33,48,22,49,20,45,35,17,41,20,37,17,25,12,15,46,10,49,13,39,33,17,19,38,26,46,20,35,25,45,45,46,11,41,39,18,47,50,19,23,32,20,26,24,47,23,21,38,20,34,47,14,37,25,45,41,19,13,31,13,13,27,50,47,46,15,13,48,35,22,28,34,33,23,37,31,14,24,10,47,44,38,42,32,49,17,44,20,30,11,32,34,30,24,38,12,22,17,14,31,15,22,46,35,10,47,23,44,45,33,21,37,35,25,18,19,50,30,22,23,27,13,43,38,23,38,44,30,16,21,20,14,26,39,36,27,48,43,31,46,39,31,45,33,13,41,30,24,37,40,10,10,32,37,35,33,33,37,25,47,32,42,28,48,42,28,43,16,16,33,32,46,24,38,33,37,46,31,13,26,49,21,14,16,26,21,16,29,49,25,25,46,44,10,37,42,36,13,17,35,25,36,34,15,30,43,24,47,30,43,24,14,45,42,38,19,49,27,13,45,18,14,25,37,43,19,50,49,25,10,20,22,31,16,22,45,31,14,12,25,30,24,27,27,39,10,32,15,11,18,26,11,13,13,10,22,17,37,14,49,10,28,43,49,21,19,13,26,13,30,14,26,17,34,27,48,19,11,45,11,16,33,42,43,22,24,37,19,42,16,46,36,43,46,37,12,12,21,46,28,24,19,27,16,34,47,23,32,15,47,34,18,16,44,40,17,26,32,16,29,49,22,31,37,42,29,48,18,30,40,26,12,41,13,45,45,32,23,15,24,33,42,11,43,18,35,33,29,33,23,16,35,30,11,32,21,24,28,29,37,46,31,35,39,22,36,27,40,39,21,19,44,12,27,42,22,20,30,36,17,24,28,49,21,11,36,27,25,46,45,49,37,16,41,37,43,11,18,31,47,34,43,34,47,40,15,37,47,27,31,17,24,41,22,37,31,11,27,33,46,15,43,49,15,36,17,12,23,21,16,45,21,13,32,50,26,19,10,28,30,25,12,37,17,36,38,26,44,41,33,43,38,18,23,26,11,15,39,36,36,23,35,37,37,22,11,27,41,39,13,13,29,32,37,16,17,16,38,30
16,22,24,45,19,49,37,24,43,26,45,44,14,19,19,41,50,28,13,42,47,20,20,26,11,32,43,31,27,45,20,42,45,19,31,39,22,25,16,49,50,29,19,24,11,10,39,27,28,11,24,21,14,35,26,44,33,30,29,43,37,48,38,14,21,32,18,11,28,35,29,12,40,34,43,23,40,19,17,33,33,43,14,48,32,35,44,31,12,31,30,35,18,14,46,33,27,20,28,10,40,20,11,33,30,28,39,15,15,47,44,46,26,42,26,18,33,25,16,39,36,19,24,21,10,21,45,37,13,14,32,44,16,46,35,11,49,16,23,36,18,47,46,50,17,30,40,39,31,45,34,46,42,17,39,46,15,37,47,34,35,49,16,45,30,12,45,29,18,31,33,48,47,33,35,29,40,18,43,14,30,16,34,23,18,13,21,16,32,16,47,35,48,38,31,22,15,32,40,48,24,30,14,40,19,12,49,33,40,19,50,30,17,46,47,18,19,25,48,39,32,38,11,13,46,49,32,34,21,28,38,31,33,49,50,18,38,44,48,49,24,16,50,23,19,37,12,31,40,12,43,22,22,49,14,38,23,38,20,36,33,33,18,19,40,48,28,46,39,19,33,29,41,45,18,17,50,45,45,28,18,40,11,33,15,48,24,17,37,41,35,34,11,30,39,11,15,17,43,39,39,14,50,40,24,13,35,48,29,13,15,23,19,46,27,38,18,50,38,13,18,30,21,36,19,23,30,19,45,19,16,23,22,33,20,41,38,17,34,13,48,15,11,33,25,30,34,48,34,37,40,49,43,32,17,10,40,40,38,29,39,16,16,18,23,39,22,35,35,27,40,46,32,28,17,14,30,11,44,13,21,38,33,42,19,37,27,11,46,19,19,23,14,27,17,25,34,21,34,43,18,14,11,34,21,35,13,26,30,43,42,37,40,25,26,32,44,36,37,33,24,48,44,13,43,35,35,42,23,47,26,27,39,24,29,13,43,33,38,15,33,34,46,27,41,27,24,13,33,33,36,18,36,25,47,15,15,12,38,22,13,49,12,16,12,41,25,50,38,46,44,47,31,18,21,14,25,25,13,37,16,29,14,32,49,19,22,40,18,17,18,47,49,44,47,13,20,33,21,11,39,13,35,32,11,22,30,11,32,49,21,14,22,41,18,32,47,25,30,14,13,49,43,23,29,42,13,48,36,45,34,41,43,44,35,18,22,23,36,32,34,29,42,49,41,42,23,17,41,37,48,49,25,23,36,35,40,33,29,25,30,29,10,41,28,12,12,41,28,46,16,19,32,27,42,17,30,18,38,50,42,49,16,33,29,35,13,15,12,34,41,38,48,50,37,50,42,37,48,42
24,47,40,31,31,33,44,50,29,43,40,41,40,42,48,26,24,48,40,28,39,16,22,21,11,44,32,20,14,32,39,44,17,50,15,49,36,12,39,27,13,20,12,43,25,24,46,17,14,22,48,24,42,39,30,49,33,16,17,29,34,13,14,19,49,15,44,43,39,29,48,45,34,21,34,13,32,12,41,25,32,41,30,13,17,14,33,46,18,10,43,35,49,32,12,40,36,46,29,29,23,49,11,17,24,15,34,23,24,18,38,34,28,34,38,10,12,34,14,13,29,30,39,47,23,21,26,36,44,23,48,23,18,34,40,31,27,26,19,49,40,49,43,18,16,33,15,18,37,37,10,22,48,23,12,18,31,42,20,12,44,40,18,36,13,10,38,19,32,44,47,32,28,12,21,18,11,42,44,23,20,14,12,39,15,16,27,47,24,47,15,47,44,33,49,15,47,16,14,48,32,32,23,50,31,17,42,15,47,29,15,46,16,45,35,26,44,34,48,31,30,35,15,11,28,11,39,50,23,12,47,24,19,23,48,28,25,49,48,10,44,39,46,25,22,43,21,38,11,14,30,29,13,14,41,50,40,43,37,49,38,47,42,17,41,35,18,22,33,32,14,11,37,16,21,38,29,24,31,50,41,15,21,36,35,46,34,44,32,38,24,37,26,27,40,44,14,29,49,40,36,44,39,35,40,43,48,42,23,16,44,45,21,15,44,10,38,31,28,20,29,36,38,38,24,24,45,30,37,49,48,16,37,23,49,42,22,15,38,12,15,39,35,24,34,40,29,19,15,29,35,22,29,47,31,42,33,41,20,25,29,34,12,31,40,16,14,33,23,27,30,49,30,34,17,20,38,22,13,21,12,20,43,47,17,24,42,45,28,20,24,33,21,48,34,27,37,20,10,11,37,37,18,13,31,26,15,46,16,47,28,17,25,23,31,13,25,44,34,24,43,18,25,36,26,15,16,50,21,29,28,15,50,13,41,48,34,43,42,32,39,50,40,30,36,14,32,12,42,46,46,12,24,34,26,42,36,40,29,11,34,22,20,21,45,30,39,18,33,11,42,20,38,13,48,20,43,49,41,43,46,27,19,18,34,10,43,25,42,29,24,31,46,39,45,22,27,45,49,39,17,28,38,42,21,48,39,28,43,14,12,31,40,14,41,32,44,35,40,12,13,40,43,11,37,49,37,14,13,14,35,40,48,16,16,15,43,29,21,30,13,50,42,28,13,30,21,46,13,29,27,31,39,15,40,31,11,28,17,36,16,18,46,31,43,35,27,24,25,22,25,30,42,44,31,45,32,20,34,26,44,38,35,43,38,44,39,45,12,35,49,13,37,27,19,21,33,22,10,50
32,19,37,35,43,41,32,29,19,44,12,20,29,47,21,37,15,47,22,48,46,45,28,37,39,12,14,24,26,39,22,46,22,47,13,21,30,19,24,29,42,48,48,20,25,40,19,14,48,22,27,22,46,34,14,45,32,18,35,41,30,45,17,33,23,42,29,19,48,21,15,38,26,13,34,34,17,15,44,40,48,28,30,38,18,19,27,24,23,29,38,38,45,20,21,28,32,27,44,26,33,27,44,46,18,20,11,32,25,36,27,14,13,23,21,24,30,25,13,34,22,31,45,39,23,27,35,32,34,44,34,46,30,14,30,33,19,19,35,47,23,30,41,30,16,37,49,43,12,31,31,22,46,33,17,25,17,41,49,20,21,43,34,22,12,49,38,29,37,21,48,42,50,43,26,47,50,26,19,18,26,33,46,42,47,46,11,48,16,16,33,48,14,40,33,36,27,15,41,46,43,44,28,39,30,40,25,31,15,19,10,45,49,10,43,23,23,38,30,16,26,17,14,41,17,49,37,11,13,13,13,13,45,48,15,13,49,24,25,20,16,12,25,39,14,47,15,30,14,23,19,38,36,44,17,22,42,14,44,46,36,42,20,14,43,17,11,13,23,10,33,11,43,49,10,30,47,47,39,35,15,47,30,35,49,41,28,43,48,26,50,30,33,37,24,29,17,46,23,20,33,30,25,26,40,40,15,24,48,22,26,17,32,32,49,44,32,25,35,18,31,16,49,47,25,14,13,48,16,41,34,29,10,15,34,13,34,26,13,47,30,22,50,50,13,13,30,41,23,48,35,30,44,18,25,20,42,37,12,13,33,26,47,19,46,11,42,44,36,12,25,14,17,40,13,27,32,29,32,25,23,37,18,31,43,24,34,13,32,39,49,50,23,44,18,13,29,20,32,31,35,33,48,29,41,28,45,21,26,12,10,32,11,46,39,28,45,50,49,49,36,48,28,18,14,16,46,25,26,42,31,45,11,12,10,18,26,26,34,11,38,36,13,33,46,14,32,24,30,16,29,13,13,33,37,40,48,30,42,40,43,21,25,34,34,29,30,41,24,37,31,20,39,26,20,20,17,38,32,21,42,20,35,44,40,39,47,36,32,41,35,22,30,40,34,40,21,44,32,41,16,27,43,34,38,13,39,27,46,12,30,41,26,44,47,32,34,31,23,20,46,41,39,29,20,35,37,13,24,45,48,39,30,50,50,27,14,33,37,32,11,15,14,20,22,14,39,21,10,19,16,23,40,20,43,33,31,17,36,37,20,11,41,23,23,24,31,34,15,13,16,38,42,27,14,11,41,22,33,41,41,19,19,24,22,44,49,18,12,18,28,17,30,30,40,26,47,23,21,14
20,35,12,39,27,19,19,46,37,29,12,32,46,35,28,42,20,39,27,33,27,13,42,45,49,23,12,20,29,31,17,40,34,39,21,33,19,41,34,39,26,19,29,20,43,16,31,35,38,46,13,40,49,46,50,37,20,43,45,23,23,13,16,14,17,28,38,25,10,45,14,14,30,35,40,15,12,33,50,37,33,26,48,49,33,29,15,41,21,38,45,28,44,26,11,26,42,34,20,22,11,38,12,44,35,41,39,19,19,19,37,16,32,16,31,34,20,20,13,46,28,38,44,25,47,40,38,35,25,19,48,16,20,41,12,20,39,42,13,39,30,37,41,33,32,26,50,18,41,41,41,37,41,50,26,37,40,36,46,15,43,32,16,30,45,39,30,24,25,43,11,43,25,30,34,44,49,41,18,35,47,45,18,33,10,19,31,36,32,14,17,15,27,42,50,30,34,16,46,43,35,18,44,13,23,38,12,26,49,36,44,11,22,16,29,33,28,19,10,16,34,40,20,18,33,41,31,14,21,29,26,43,21,32,40,13,22,11,17,48,16,20,24,23,17,34,25,27,23,22,48,26,39,26,22,26,17,16,31,15,26,40,18,20,49,31,12,33,39,12,44,37,48,14,24,17,36,23,33,29,20,29,39,49,11,22,25,32,31,19,43,11,34,42,17,19,33,45,32,39,46,49,37,10,31,32,47,29,40,17,46,41,38,40,44,18,22,17,23,48,27,43,30,39,28,37,18,44,11,15,43,28,37,13,44,17,28,23,43,43,16,21,18,16,45,17,33,49,38,36,23,10,31,44,44,17,10,28,19,39,13,11,26,11,27,40,29,42,13,41,43,13,49,30,15,30,50,23,25,38,17,32,14,43,35,32,14,20,29,33,22,34,36,45,25,42,16,41,32,25,33,44,33,36,15,19,34,28,30,37,50,29,39,18,40,25,21,46,48,49,46,25,26,46,24,13,12,48,46,48,18,29,48,43,42,24,44,34,34,42,13,37,46,42,42,37,23,41,16,35,41,25,19,35,23,23,10,48,46,41,30,46,36,11,29,19,41,22,14,45,15,44,12,12,21,21,35,28,22,32,39,48,16,27,27,30,46,20,24,23,47,20,29,17,24,31,41,41,17,11,19,30,33,15,33,26,23,45,34,36,17,47,23,46,41,33,12,24,36,41,42,44,39,48,36,39,12,22,13,37,27,30,25,28,43,45,16,37,40,40,43,47,23,16,11,29,13,48,18,16,26,36,41,46,26,33,46,47,15,11,21,15,34,26,36,22,49,21,24,22,36,48,16,24,45,10,10,23,12,32,26,28,13,48,11,42,46,38,22,43,21,31,42,45,49,21,10,30,13,50
22,44,34,47,37,48,36,27,27,44,33,39,30,22,15,17,26,49,13,29,45,49,44,35,19,35,48,40,49,41,27,31,38,41,25,36,10,40,20,19,27,38,50,24,18,41,23,25,20,45,47,35,30,21,46,30,24,34,28,14,26,39,23,43,36,31,36,33,46,41,37,45,28,27,45,29,44,35,11,12,31,36,17,18,32,39,18,28,46,26,30,46,25,35,27,22,24,24,27,45,35,33,36,16,21,12,23,26,16,39,12,18,32,23,20,30,30,16,47,40,37,38,29,28,13,49,38,27,14,24,43,19,30,31,33,15,28,27,36,50,27,35,41,20,39,25,45,49,42,27,13,47,26,36,47,24,24,17,44,11,13,18,47,14,11,31,45,31,26,28,41,35,22,24,22,28,50,11,26,15,47,22,29,44,36,25,45,29,45,12,37,32,41,45,12,34,46,15,12,50,29,41,36,16,28,17,41,36,50,43,36,32,24,26,38,25,42,43,22,24,22,37,29,25,36,21,49,42,23,25,46,39,39,28,45,10,13,40,26,34,45,11,24,40,39,31,48,38,28,44,24,26,26,34,36,22,26,28,15,39,15,25,39,45,32,41,12,48,19,29,46,49,33,20,23,13,37,25,41,12,45,42,11,18,31,17,17,11,14,48,45,38,31,45,23,14,11,20,41,27,11,50,30,43,31,44,37,15,37,13,35,25,37,18,29,44,38,13,25,34,39,47,25,47,37,35,26,13,28,12,42,30,40,15,48,35,11,10,17,44,22,40,48,31,19,23,35,34,44,22,47,33,21,12,38,40,30,36,32,36,41,42,49,28,31,36,40,41,33,32,26,35,13,44,47,10,13,33,15,18,46,49,12,37,44,48,25,33,27,14,38,22,43,24,32,13,38,45,16,40,30,15,41,49,23,38,40,20,23,13,28,12,42,50,17,19,12,21,46,46,29,39,23,31,24,14,42,23,30,17,49,19,50,39,32,37,45,33,31,21,17,26,16,25,38,18,46,34,15,41,34,31,31,49,34,43,11,29,45,25,21,36,27,12,13,36,43,42,49,19,13,20,32,48,40,41,28,48,18,21,11,10,31,18,21,21,24,38,18,24,41,50,21,21,25,48,43,12,39,45,34,41,16,47,43,31,29,33,30,40,17,33,17,33,44,14,42,48,17,44,47,17,36,26,13,38,18,27,14,13,12,12,16,15,16,36,32,38,49,43,16,22,22,33,48,41,28,26,24,24,41,28,48,11,34,49,16,29,23,23,39,30,40,48,22,35,38,18,13,48,48,30,28,28,43,20,17,41,22,50,41,36,12,15,11,41,32,43,13,32,40,17,10,48,38,20,48,38,28,22
49,31,25,33,42,31,48,15,25,28,45,12,10,41,14,13,47,39,23,39,15,49,50,10,18,38,25,46,42,23,25,33,43,17,39,23,36,46,29,33,26,41,35,14,42,15,23,19,23,19,22,17,35,33,15,32,30,10,44,39,41,16,30,39,38,25,20,42,43,33,21,35,50,26,18,31,26,21,41,20,32,35,37,17,27,14,23,45,48,26,45,28,15,19,24,15,16,20,16,36,35,48,35,13,14,43,12,33,28,29,30,50,19,23,49,14,17,38,34,14,15,33,12,18,35,31,28,48,28,28,37,49,39,25,50,27,42,38,31,14,31,48,13,24,20,17,48,12,26,35,27,18,40,17,11,29,26,27,31,41,22,15,12,23,16,24,45,19,37,41,22,29,42,36,45,45,34,47,31,43,35,43,28,18,30,25,26,17,27,39,49,32,27,16,15,46,48,14,40,26,30,48,31,18,43,31,13,50,10,13,43,39,45,30,13,18,18,13,16,15,21,23,44,30,45,48,31,42,26,50,14,43,37,25,24,27,29,20,28,18,29,49,11,46,16,20,14,20,44,44,10,10,31,44,29,33,36,40,34,48,37,13,26,14,32,43,49,45,38,49,33,23,48,23,49,17,32,41,32,26,45,12,32,32,13,10,12,28,43,19,47,41,22,26,17,17,20,46,23,33,13,17,11,38,19,32,11,40,18,49,47,45,12,30,44,34,31,44,27,37,21,50,11,21,47,30,29,16,41,18,28,19,43,37,41,35,24,15,29,48,38,33,38,47,17,45,35,50,31,21,50,49,28,31,36,13,41,40,30,18,15,19,31,21,13,35,26,39,30,21,22,17,14,45,38,13,46,13,42,23,17,49,42,14,37,38,21,36,25,25,23,31,31,33,40,19,17,31,44,39,47,38,24,33,21,12,18,48,29,17,17,42,25,36,24,34,40,15,36,18,20,36,42,27,25,38,31,17,28,37,21,19,34,17,26,47,31,17,44,31,14,44,45,24,23,38,43,16,33,10,40,23,41,20,26,18,12,42,19,11,49,22,46,48,14,23,40,50,26,10,32,19,27,16,42,12,30,30,45,36,13,15,45,14,22,36,12,36,13,27,46,26,39,14,35,41,37,37,28,21,47,43,25,40,14,12,35,13,20,37,34,36,30,45,12,34,26,21,28,41,46,24,48,17,12,49,40,39,38,12,45,28,17,17,41,37,13,29,24,29,17,18,38,44,20,33,20,24,49,16,21,15,46,22,37,29,40,44,27,46,33,49,10,46,40,27,32,49,50,44,13,17,26,27,38,19,13,24,16,31,18,22,34,18,14,48,48,16,18,44,15,37,10,22,36,10,47,30,49,12
50,35,40,35,11,46,30,36,36,14,43,35,43,10,17,39,38,39,44,45,22,18,11,11,44,45,36,42,43,22,13,38,32,29,34,37,35,18,44,29,40,36,31,31,24,28,36,36,29,26,18,23,44,17,34,37,37,19,38,39,40,17,22,40,25,44,38,36,46,20,49,15,20,28,43,49,37,37,43,42,24,46,14,22,42,40,12,35,25,14,35,15,18,12,22,48,19,31,46,29,16,21,38,12,32,21,13,24,33,33,38,46,19,46,13,24,45,36,19,31,26,21,21,39,46,14,13,41,45,46,48,22,28,26,48,37,21,39,11,25,48,21,16,11,47,18,50,39,20,50,46,26,11,18,11,33,34,42,20,37,29,26,47,22,37,50,48,13,22,27,46,33,37,46,28,38,38,20,34,26,16,37,49,24,34,46,11,32,28,14,49,19,49,40,33,35,30,15,14,14,19,45,37,27,48,13,14,44,29,21,25,18,13,30,28,36,26,39,35,41,40,39,20,26,13,26,47,33,31,11,31,45,26,36,20,42,12,13,26,26,37,13,31,37,19,32,17,28,44,42,16,29,35,29,41,17,27,35,49,32,29,32,49,27,33,35,38,15,27,33,20,15,11,37,24,28,40,31,43,24,34,35,47,15,24,21,34,14,43,27,25,17,28,37,32,39,32,50,13,17,44,26,19,40,26,16,33,42,45,35,28,33,19,38,23,19,25,45,27,49,43,45,44,16,25,45,27,13,38,11,15,17,26,31,13,42,20,35,11,32,50,26,39,48,41,11,49,29,15,46,27,22,35,24,39,39,14,28,31,19,15,22,20,40,21,12,14,10,23,11,45,12,20,41,10,42,34,23,30,45,44,14,15,25,27,43,47,47,27,17,50,32,47,41,19,46,41,18,37,18,40,31,36,28,31,23,28,45,44,12,23,25,50,14,41,23,15,35,40,13,15,35,46,40,36,32,34,47,12,43,32,26,50,18,39,49,40,39,43,45,37,24,45,25,30,30,28,36,11,47,24,32,49,20,31,29,33,27,27,19,46,26,18,22,19,42,31,34,19,29,26,26,23,13,32,44,25,19,14,31,27,23,37,13,47,43,23,29,20,32,29,48,45,45,34,35,40,22,14,17,11,41,34,32,37,21,36,47,39,14,37,32,14,13,30,49,24,21,22,18,14,45,24,21,35,12,45,19,25,27,45,48,17,46,36,12,12,24,39,14,23,22,40,44,45,29,36,21,22,46,49,44,19,47,33,10,41,36,26,13,12,45,15,39,19,34,12,16,12,34,25,44,45,36,36,20,39,35,26,38,27,22,28,43,41,13,42,49,30,28,20,47,23,48,17,22,42,24,19,41
26,42,20,49,37,26,24,45,40,44,38,18,14,47,20,39,36,15,38,39,39,17,24,45,19,37,44,14,18,21,23,23,17,29,17,15,11,48,33,11,34,35,15,14,15,38,28,47,18,22,29,31,45,24,43,25,46,29,49,32,15,21,33,12,30,14,50,27,18,43,46,38,13,36,19,11,17,45,14,31,42,45,22,21,42,42,29,17,31,17,48,19,39,22,46,30,36,44,35,18,21,29,18,40,12,38,49,27,35,46,36,44,49,25,49,20,28,45,46,11,19,26,15,41,14,22,42,10,34,18,41,50,31,26,31,29,14,17,13,32,42,50,26,26,43,35,38,23,15,47,29,44,39,20,42,24,46,28,24,14,33,44,13,14,25,49,13,19,32,43,13,35,49,34,26,35,18,46,38,41,20,11,26,11,35,40,49,13,16,42,16,32,46,19,42,22,18,40,23,34,31,31,14,39,35,16,24,30,13,49,40,40,28,42,12,48,11,25,25,36,30,18,29,24,39,17,39,34,35,17,40,36,11,18,24,43,29,30,43,41,11,14,45,25,37,49,24,12,43,36,25,39,23,15,40,35,40,15,45,27,43,26,24,50,22,48,20,48,10,47,19,40,46,38,15,28,47,40,47,20,11,19,28,11,32,14,33,22,15,36,23,29,49,12,24,13,48,29,17,23,26,12,21,39,42,24,34,44,44,12,44,28,12,40,47,20,22,46,43,34,19,43,36,16,37,30,19,25,20,11,25,50,36,26,11,28,21,40,48,18,12,30,25,19,13,42,31,41,31,10,15,45,11,45,36,41,45,16,16,48,38,45,27,17,21,38,14,34,50,35,19,26,27,21,42,27,50,49,17,47,13,39,24,19,49,29,23,34,40,35,31,42,33,37,47,46,30,40,43,43,32,42,16,24,13,13,21,23,29,35,40,30,46,13,43,24,25,42,31,26,30,17,12,43,49,35,35,32,24,13,40,40,50,17,28,34,30,24,23,36,36,34,23,16,36,23,38,11,39,21,44,31,48,30,39,43,43,27,45,29,33,35,13,18,36,23,48,16,13,31,27,26,26,19,11,14,42,38,18,11,48,34,47,37,33,17,11,47,24,45,48,48,35,31,19,11,48,49,14,13,50,19,10,12,26,49,13,43,22,19,40,15,12,36,26,15,22,20,26,11,31,32,14,37,12,46,44,22,14,26,35,18,17,44,30,24,26,35,34,38,25,24,47,32,29,46,42,43,49,28,39,34,36,15,17,20,22,22,38,26,18,46,15,36,48,18,23,26,30,24,16,46,48,21,39,41,26,42,19,24,15,39,47,34,43,35,41,34,17,36,16,24,39,24,13,16,47,12,29,37
31,38,38,38,39,36,49,34,29,36,38,36,37,34,40,37,12,30,36,49,31,12,28,12,33,39,31,12,15,26,43,25,44,23,30,10,35,48,24,50,41,35,28,21,36,48,37,47,46,12,32,38,10,12,31,41,42,23,11,30,42,16,50,46,23,28,38,15,24,36,15,43,37,27,49,31,30,37,26,13,20,28,32,48,13,39,45,10,27,25,10,24,18,20,26,42,14,25,18,36,49,34,10,30,46,49,50,21,32,40,42,26,13,37,11,16,18,48,22,13,45,10,32,42,47,40,14,15,36,37,42,48,33,20,33,27,15,14,22,46,28,46,14,25,23,11,23,27,41,39,36,11,31,30,19,15,19,16,17,43,38,37,21,36,35,31,12,17,19,28,30,36,23,45,33,42,28,11,36,16,14,47,19,25,18,25,16,18,22,23,25,37,43,24,19,29,32,38,14,15,45,40,31,38,25,21,35,20,32,44,11,25,39,19,27,28,38,29,46,35,16,35,30,25,40,42,10,10,50,45,21,14,39,47,25,12,19,37,47,49,24,23,36,13,21,18,31,34,24,31,18,22,13,33,37,35,16,39,18,13,49,18,48,19,17,29,45,20,27,32,25,46,48,46,49,31,14,48,28,18,15,27,12,30,39,34,15,36,20,34,14,15,26,24,32,13,42,38,23,43,28,13,28,37,37,41,22,27,20,20,11,45,13,33,21,47,20,15,14,41,32,10,44,24,36,39,47,24,34,49,38,11,34,10,15,21,33,27,18,24,18,16,35,43,16,15,25,11,32,47,22,50,25,19,17,26,29,18,39,13,36,27,40,37,38,20,26,28,13,15,24,42,34,11,15,34,19,19,18,49,16,15,25,33,22,14,21,47,40,23,27,37,40,30,20,47,25,24,46,34,28,20,45,50,45,27,43,42,43,35,44,48,44,21,33,40,40,28,27,25,32,28,35,45,46,21,46,19,38,48,13,26,39,48,22,26,50,29,17,34,24,48,10,20,37,22,50,41,41,42,24,42,34,14,37,12,27,47,19,16,33,36,29,32,48,42,42,28,47,24,29,23,23,15,13,36,26,29,26,43,36,21,19,47,44,21,17,12,39,22,20,44,32,48,30,24,24,38,27,31,28,38,41,17,24,32,29,35,28,46,36,25,35,48,18,22,38,16,15,13,27,32,40,35,20,30,30,37,23,22,41,34,26,15,25,19,36,24,45,35,31,37,44,23,10,21,25,24,37,39,49,39,17,19,11,47,18,28,42,38,43,35,27,21,20,29,13,21,28,46,26,31,36,14,25,31,28,23,31,27,14,26,19,32,24,21,12,47,38,40,43,14,40,22,20,29,35,16,40,44
19,37,23,36,33,24,38,43,22,32,25,15,19,41,40,14,11,34,37,21,29,45,22,24,49,35,25,22,10,32,19,16,36,20,17,19,17,30,35,48,33,44,19,30,33,36,13,31,15,47,22,37,28,46,48,50,47,11,35,15,49,38,14,19,10,38,18,20,25,46,37,32,11,40,17,26,43,12,22,37,21,42,14,43,29,40,32,27,41,35,14,31,34,22,36,34,33,41,13,49,37,40,23,31,27,12,48,31,39,31,44,36,28,14,15,15,22,37,27,10,15,35,49,40,47,40,33,25,25,26,43,27,26,38,19,36,29,37,18,37,10,17,11,32,30,42,41,11,33,38,18,32,35,11,26,16,37,16,43,37,20,37,14,38,46,38,25,40,28,44,44,34,18,48,17,40,17,39,20,22,36,44,33,22,49,33,43,17,48,14,28,22,30,42,20,22,49,45,43,40,40,36,34,14,27,10,25,49,20,24,47,42,23,29,13,40,46,29,12,40,16,35,40,49,17,23,13,48,16,16,41,18,40,36,22,43,49,45,46,23,45,47,32,39,21,42,47,20,14,46,19,17,48,35,35,21,20,19,12,42,27,39,21,11,42,49,28,17,36,15,19,27,13,29,31,13,19,23,37,27,26,17,10,31,25,25,10,43,43,42,26,27,11,47,46,11,43,47,41,25,42,23,15,29,35,13,37,47,37,40,20,40,47,44,31,13,31,16,36,14,46,22,45,36,36,39,17,37,18,26,37,14,41,30,20,37,24,14,10,12,47,21,14,47,36,40,50,21,17,36,38,19,47,48,44,21,22,27,28,26,46,48,37,16,24,44,44,33,49,45,39,43,42,14,27,13,32,46,38,32,16,39,38,11,47,12,23,22,21,45,19,20,27,46,30,33,38,40,42,46,47,16,38,30,13,14,39,11,45,45,46,31,43,27,32,13,46,43,38,21,46,46,34,29,47,34,33,35,43,36,19,48,34,29,28,45,25,31,45,49,42,45,38,15,35,12,44,46,24,35,31,36,28,31,12,11,42,48,45,11,22,50,28,15,19,12,38,35,31,42,23,38,50,22,11,35,35,38,23,19,29,37,14,34,31,29,15,32,42,11,33,21,45,46,49,32,15,30,18,21,35,49,25,28,50,27,25,32,10,14,24,25,49,29,44,41,37,49,32,20,50,38,23,22,26,11,46,11,48,46,10,30,15,29,36,42,47,43,34,21,25,39,30,21,30,48,43,12,35,44,17,39,37,22,25,42,10,23,31,38,29,19,30,50,16,36,32,24,17,24,33,38,41,33,47,20,26,17,30,25,49,35,26,11,25,18,50,11,34,34,48,14,17,40,37,14,24,29,46,11
10,22,30,15,45,12,34,48,36,47,35,24,48,20,40,37,49,14,39,34,47,11,23,17,24,33,37,24,26,30,19,48,21,10,34,22,19,17,36,17,21,41,31,25,33,34,24,32,11,38,39,43,10,16,16,18,13,14,13,39,36,12,41,15,46,43,19,48,29,27,29,45,29,24,37,15,18,44,20,20,42,36,38,40,41,47,35,36,43,15,28,12,41,42,48,48,13,20,49,34,31,16,20,26,26,39,11,22,26,14,29,41,25,28,28,35,40,11,50,36,19,31,15,43,24,13,42,41,34,17,32,36,24,35,23,45,28,26,30,36,13,18,13,34,16,34,10,21,26,16,29,27,41,37,25,11,20,32,14,47,15,22,34,39,49,19,32,29,19,21,20,39,42,36,40,47,47,32,40,28,28,39,17,26,27,49,13,18,18,35,21,30,43,17,19,13,22,21,13,31,14,14,31,42,15,48,40,42,45,15,23,24,17,18,48,20,23,35,20,36,34,45,38,22,21,11,26,22,38,22,23,50,36,39,33,34,35,21,48,44,17,27,46,11,10,24,36,36,30,19,20,33,34,48,45,28,25,46,27,19,11,14,50,36,30,25,12,24,21,29,16,47,15,14,28,18,41,30,24,46,45,34,11,47,31,34,49,20,19,42,38,18,30,43,50,41,28,23,17,46,18,24,35,11,15,20,13,42,35,48,27,26,34,16,15,35,24,49,31,30,45,10,40,19,43,40,32,36,47,35,34,13,22,27,37,30,38,23,47,43,15,28,40,14,28,47,46,48,25,25,31,20,43,39,44,29,13,40,16,11,20,45,25,19,39,45,37,38,15,13,42,10,50,35,41,34,50,16,12,39,16,24,39,18,16,22,30,36,19,15,27,28,35,19,11,14,11,20,27,22,48,41,20,42,46,34,31,48,42,38,39,44,46,37,33,12,21,31,42,48,11,22,23,27,28,46,11,16,24,30,43,12,48,17,25,11,45,48,19,48,14,48,28,15,45,18,34,28,20,37,21,41,33,46,34,38,14,26,37,41,30,37,18,33,22,26,48,42,23,11,27,39,34,13,24,24,25,41,24,19,38,35,11,18,36,39,35,32,21,20,25,40,18,47,41,34,41,34,46,34,29,28,32,37,49,32,20,14,16,11,27,20,46,42,41,21,32,32,36,12,37,23,38,43,31,30,28,36,36,14,26,24,14,26,20,24,27,20,12,16,18,48,41,22,16,34,15,16,32,30,45,11,45,37,49,40,11,49,37,41,45,14,36,35,13,31,13,20,49,34,18,43,49,21,34,36,26,47,41,16,49,41,28,21,43,16,16,21,44,43,22,49,21,32,41,29,23,39,34,22
29,30,50,40,49,22,11,21,33,23,49,31,30,37,16,11,23,33,26,24,21,31,46,45,35,12,45,17,30,15,35,34,48,36,39,35,11,44,49,31,40,29,29,40,47,49,43,30,15,14,33,19,31,28,45,45,47,18,32,24,27,29,27,36,29,31,39,20,39,40,20,50,43,19,28,43,19,34,15,16,26,14,29,31,20,24,45,12,45,28,38,21,15,19,23,32,28,17,46,30,16,37,40,46,19,17,24,23,22,31,37,28,48,43,16,15,21,32,46,21,21,46,14,41,36,42,15,16,35,42,32,19,36,10,32,17,17,36,32,26,22,27,34,34,43,25,24,49,21,26,24,40,26,28,49,22,22,30,17,19,34,33,25,25,34,20,41,19,30,34,26,34,32,35,41,43,44,21,48,18,14,39,14,21,15,24,31,34,14,41,49,25,14,33,27,29,28,16,38,15,37,34,37,14,15,38,22,23,31,22,20,26,27,27,50,21,48,18,38,20,29,21,34,38,39,48,19,46,14,26,31,22,48,21,40,20,16,40,32,37,28,18,17,34,15,38,40,19,35,41,36,48,22,43,10,33,22,36,45,24,37,30,33,44,17,49,16,25,39,48,35,45,50,39,39,33,35,24,21,47,43,17,24,24,49,24,46,14,16,10,47,47,45,15,45,36,44,17,44,49,14,39,43,24,16,48,13,30,29,39,28,37,22,40,36,38,36,29,29,39,43,10,20,43,19,14,48,18,12,37,18,36,31,47,11,50,25,35,30,41,28,27,19,12,47,16,37,20,41,15,42,26,19,44,17,14,27,25,19,20,34,36,20,46,24,46,23,46,24,18,18,17,19,34,42,39,22,16,34,31,16,47,43,26,13,27,20,41,15,33,44,29,40,34,20,15,11,42,25,15,38,31,42,33,17,44,21,31,41,39,46,44,15,47,17,30,41,46,44,16,47,14,38,10,10,31,15,31,33,14,28,34,11,20,13,33,48,28,15,16,37,40,36,24,37,42,43,33,39,30,28,21,14,33,49,14,39,28,41,36,30,21,22,45,39,49,45,44,17,17,49,32,49,49,20,20,23,18,47,30,47,31,10,41,12,13,45,46,25,46,11,46,50,10,41,27,35,23,15,13,30,14,30,16,17,28,48,40,38,11,42,30,48,45,48,45,33,22,26,22,12,43,39,18,43,23,49,31,34,18,25,36,42,35,39,47,30,47,18,42,35,49,32,21,45,22,27,49,14,42,24,32,15,21,43,40,13,44,21,43,26,37,39,12,24,30,15,37,41,25,25,43,39,23,21,43,19,21,44,35,20,14,15,37,17,14,14,41,47,40,48,50,26,17,27,13,32,41,37,36
25,32,27,41,29,12,17,44,28,14,21,40,34,16,46,41,30,35,36,43,19,17,33,17,24,18,22,18,49,48,44,29,33,39,29,22,30,17,29,38,22,33,12,49,25,46,20,33,47,46,49,13,12,43,46,45,25,36,49,43,15,30,16,13,39,49,47,27,13,17,35,12,19,46,34,33,46,19,49,23,33,38,32,47,21,34,43,23,47,36,17,45,46,36,16,33,41,15,19,48,20,35,22,29,36,36,12,39,14,14,35,29,36,32,23,13,31,29,13,40,36,27,11,40,36,30,34,22,23,44,24,43,40,20,49,46,39,25,18,35,15,15,36,43,16,26,23,49,25,13,16,42,48,26,43,26,46,28,34,45,11,28,45,26,30,10,14,17,49,44,26,35,17,19,36,48,27,19,47,45,31,41,35,24,37,34,44,28,19,12,28,40,40,43,23,23,30,44,28,37,49,21,28,36,47,30,20,43,22,40,40,30,31,39,28,26,22,28,37,19,25,44,27,12,49,16,22,25,32,34,25,40,36,25,21,14,43,47,43,16,46,13,18,31,14,21,31,40,40,24,21,44,28,38,23,28,12,41,39,49,24,33,31,39,47,18,48,37,22,23,49,35,33,36,38,16,49,47,43,29,30,44,26,28,21,19,34,39,13,12,24,46,26,46,24,25,29,35,32,14,50,39,33,39,40,34,25,50,24,14,11,23,33,33,16,35,27,23,23,17,47,23,38,46,29,29,40,43,49,18,16,26,27,22,27,13,21,48,19,26,40,29,34,44,22,42,30,12,29,40,19,15,35,18,20,47,28,21,42,19,21,28,32,13,44,28,26,35,11,19,13,50,12,46,23,11,31,17,47,25,26,33,33,13,42,30,27,42,15,44,49,47,28,38,29,12,18,41,13,42,47,44,45,48,44,39,42,48,49,49,25,47,25,23,19,41,46,39,43,50,12,20,40,13,20,19,34,39,17,38,12,39,35,16,22,25,27,23,20,23,17,25,13,24,33,36,27,24,39,15,11,46,10,36,13,27,41,39,30,12,12,45,20,28,46,48,18,19,31,30,35,24,48,13,16,26,12,27,21,30,14,17,22,18,37,24,42,30,46,13,12,16,27,43,27,48,32,11,19,24,37,15,12,38,21,22,29,41,21,32,38,19,28,29,18,31,30,34,15,28,43,17,30,40,21,21,20,21,46,47,50,39,28,48,28,25,43,18,24,30,34,22,27,42,27,21,34,27,49,11,48,28,15,13,42,30,12,37,45,41,26,14,33,37,35,10,25,13,30,21,18,30,30,25,15,48,26,17,44,38,11,22,11,43,16,27,40,41,36,12,17,35,47,23,15,36,28,46,35,35
12,11,15,19,48,38,20,34,45,21,48,24,46,27,48,48,19,20,40,29,12,33,42,11,10,17,37,18,38,14,48,29,25,37,38,41,27,34,30,13,49,12,22,31,39,40,38,45,43,36,42,24,32,17,48,36,49,15,12,11,14,48,41,26,46,20,39,19,28,36,37,19,23,23,41,37,33,49,20,24,20,41,13,10,19,33,39,45,25,22,31,19,11,27,43,29,12,36,22,22,45,17,35,14,29,15,37,41,37,16,34,31,27,35,15,46,11,21,29,47,27,21,12,40,27,40,25,24,28,23,25,12,17,22,43,41,38,39,25,14,29,50,45,42,26,37,24,41,40,48,41,19,24,43,34,32,10,25,19,26,46,17,29,39,14,18,33,35,26,40,34,45,11,39,38,24,31,36,21,19,47,37,42,10,36,48,12,23,32,14,33,13,44,48,44,16,31,29,29,10,39,38,37,36,14,47,25,18,32,32,21,37,43,42,27,40,22,17,32,14,47,49,21,45,27,43,32,13,36,30,48,46,48,25,20,23,23,23,32,32,46,14,32,42,32,14,47,27,37,34,24,42,26,14,18,46,47,23,48,40,19,19,11,18,43,34,23,15,14,15,48,16,45,35,18,47,20,35,50,47,24,46,46,15,41,28,31,49,38,28,24,42,29,49,32,15,38,17,42,46,25,46,41,23,17,14,21,12,15,31,13,27,21,15,39,27,21,14,15,36,27,31,35,39,19,26,25,30,14,14,42,44,24,43,49,36,21,15,42,28,20,42,29,37,43,42,26,16,49,20,43,28,47,43,20,20,27,19,25,13,30,46,15,33,49,42,25,15,43,19,15,18,29,34,23,30,31,15,32,12,41,27,46,31,28,23,36,12,16,48,30,26,32,33,45,44,29,25,46,29,27,14,50,28,24,25,24,38,48,35,29,16,38,32,36,43,33,46,47,22,42,40,17,29,33,13,30,33,18,43,35,28,48,22,43,32,22,41,40,25,29,44,44,27,48,33,12,42,47,45,46,46,39,49,46,12,12,20,39,23,39,10,22,25,41,30,21,37,16,37,48,14,22,35,36,46,40,33,19,12,38,15,16,27,21,15,12,14,34,33,26,21,24,14,28,18,49,17,29,16,20,41,44,14,47,24,26,42,30,48,43,42,37,37,44,22,12,43,45,35,45,46,17,23,45,38,12,37,50,36,25,28,23,43,31,32,33,10,32,16,46,43,12,28,26,28,35,20,14,33,16,46,39,47,42,13,12,48,19,20,42,46,11,46,21,26,15,42,11,14,48,40,32,21,45,35,43,17,11,36,15,22,38,44,29,11,50,15,44,45,11,17,18,38,14,43,13,17,40,27
45,30,14,32,48,17,26,47,26,38,35,29,31,38,24,31,18,18,18,49,28,11,27,42,28,30,49,43,43,17,27,22,42,45,13,10,25,26,25,11,28,13,14,19,12,21,37,24,37,35,29,27,11,29,44,11,18,49,50,29,24,24,44,20,12,18,37,22,44,47,14,24,33,38,12,35,18,23,42,36,29,11,49,22,19,33,21,40,46,27,47,26,25,27,10,37,48,30,17,11,27,42,37,26,18,21,44,11,16,26,23,22,47,11,17,36,18,12,36,38,23,42,45,41,13,33,20,15,46,19,19,29,23,23,17,47,21,37,47,48,36,13,47,33,31,19,48,45,48,16,15,19,20,35,43,24,38,17,22,46,47,11,47,13,49,50,26,21,34,18,49,29,47,25,43,38,47,32,19,13,49,34,24,32,26,13,48,47,11,17,27,23,11,16,36,44,46,50,45,32,18,35,12,15,11,19,18,39,31,39,34,27,31,22,27,36,29,33,12,49,19,38,38,28,12,30,12,28,40,38,30,13,33,41,23,49,13,18,36,43,28,15,33,13,38,20,12,44,11,44,39,32,31,40,26,35,46,46,44,22,12,43,35,39,33,34,11,38,29,36,32,25,12,29,37,25,18,17,44,13,30,45,36,23,13,15,10,43,49,23,48,21,21,39,21,15,12,12,26,29,21,22,25,44,33,32,39,35,16,34,43,49,44,10,42,21,28,42,23,30,18,14,28,12,11,20,48,39,33,37,47,13,49,22,32,42,49,25,30,36,35,15,46,19,35,40,38,27,29,20,43,47,46,26,35,29,31,23,20,43,12,10,23,36,50,47,36,12,47,35,39,12,24,49,24,44,45,23,36,15,43,49,14,39,13,37,45,22,40,46,25,20,18,26,20,20,27,13,41,26,28,45,45,35,46,39,44,36,37,36,44,40,36,12,45,29,37,18,21,21,46,44,22,18,47,48,33,18,19,32,11,45,23,45,19,23,20,19,11,16,44,14,38,36,49,11,33,41,49,22,12,38,26,20,41,15,40,27,35,33,15,40,13,17,19,16,25,45,34,15,24,14,46,30,22,34,46,44,39,26,34,18,24,20,20,49,41,19,36,21,12,13,34,41,31,32,28,33,28,16,30,20,32,49,42,41,45,17,26,43,33,32,18,11,45,43,35,45,45,12,14,14,27,49,33,40,50,31,47,44,37,29,35,35,22,42,26,39,39,27,17,13,40,30,10,39,25,37,30,17,34,21,14,38,16,16,19,38,42,13,31,34,48,41,20,34,46,21,34,32,22,23,11,13,10,45,30,41,43,34,40,33,15,42,29,26,47,45,33,13,15,49,13,32,31,36,21,44,38,15
49,34,44,29,12,35,12,33,27,36,17,13,48,27,23,27,10,43,43,22,47,20,16,43,15,12,46,22,11,17,41,27,25,31,41,42,29,14,16,48,40,11,41,33,47,28,22,38,43,41,45,44,22,32,47,23,48,40,25,46,17,20,47,26,26,34,11,12,13,26,22,33,49,37,15,36,28,24,19,16,31,29,44,26,22,42,35,36,37,38,11,32,48,13,17,46,45,31,37,49,31,44,25,12,33,13,11,17,28,47,38,11,46,40,29,40,14,46,27,24,49,13,24,13,21,17,26,45,50,30,25,48,40,14,37,24,32,23,13,44,34,40,24,36,19,21,43,31,15,31,14,11,33,11,19,15,38,48,19,24,40,23,33,28,45,17,20,29,30,43,50,27,21,44,38,21,22,45,28,26,44,26,18,25,27,40,46,49,32,11,14,43,39,25,16,50,37,11,41,35,15,11,25,23,14,20,36,42,43,22,21,13,21,13,22,24,31,26,22,43,40,46,37,21,41,37,11,17,37,16,33,47,29,28,48,45,34,49,43,17,47,17,14,45,13,11,39,40,29,33,22,11,29,29,32,11,23,50,28,25,18,48,32,16,14,30,25,16,16,38,19,39,25,46,40,29,18,13,39,40,27,48,28,26,46,39,21,23,28,47,24,49,47,12,49,21,47,41,11,32,24,20,11,15,41,32,17,42,40,30,26,18,15,28,23,41,40,43,11,36,19,49,49,12,33,39,13,16,44,36,49,46,30,19,35,29,36,18,30,16,43,41,30,20,34,47,38,41,46,29,29,27,11,20,28,39,14,33,27,22,10,24,34,45,30,36,14,39,47,47,33,46,49,34,12,43,50,28,42,10,14,12,36,36,33,16,48,22,21,27,21,43,41,43,26,42,41,23,48,38,46,23,29,49,46,42,31,23,12,17,34,22,43,31,39,30,46,38,14,14,40,48,43,44,43,36,32,30,32,17,25,18,41,11,18,15,42,18,14,44,25,32,15,21,20,46,42,24,49,49,25,49,28,21,34,11,40,21,14,11,11,41,47,19,22,45,29,46,18,31,29,13,34,45,11,28,28,32,30,47,50,11,25,39,36,42,33,13,28,35,12,43,47,14,12,47,11,43,25,37,23,38,16,35,42,27,49,12,18,35,42,46,42,40,29,33,37,22,40,16,17,21,33,15,22,37,16,41,12,21,24,12,14,32,38,39,29,34,10,14,20,45,11,12,25,33,29,33,39,20,15,34,49,41,18,22,46,12,41,50,14,37,23,49,18,18,14,42,31,25,28,34,29,11,33,22,33,43,31,49,27,13,22,25,46,27,41,48,22,18,11,14,49,26,42,46,37,27,49,48
22,29,40,25,23,28,41,17,24,29,32,27,12,12,33,41,28,29,45,27,43,24,35,15,12,41,47,29,38,39,23,19,35,30,28,18,23,21,30,17,29,28,24,39,39,20,31,45,14,11,47,44,26,12,36,42,29,48,39,49,47,45,36,28,39,20,31,24,25,16,24,17,19,36,21,48,22,18,20,10,13,30,24,29,15,20,35,25,28,49,23,35,37,46,18,32,24,11,27,34,18,29,43,38,43,20,29,13,14,29,20,46,24,20,46,21,23,45,44,46,20,38,21,44,48,25,38,34,48,23,11,45,33,41,40,23,18,13,26,18,46,27,38,21,22,35,48,19,27,42,28,21,18,41,29,21,14,31,43,39,17,28,21,17,24,25,17,25,24,29,47,46,17,11,40,19,13,24,40,47,16,38,23,32,26,25,18,17,29,18,41,33,36,37,38,11,23,14,40,15,26,28,42,43,41,45,45,15,30,29,24,18,37,47,39,20,25,41,42,47,25,37,46,27,42,23,45,49,36,33,20,10,42,23,24,47,42,38,26,38,49,47,27,34,25,13,39,14,46,16,36,14,27,30,32,28,23,31,18,23,29,34,39,13,11,46,42,25,38,35,43,12,23,26,49,41,24,27,26,48,23,19,45,45,30,29,43,13,30,24,44,30,49,19,22,31,42,32,40,23,29,28,23,21,39,28,34,43,12,45,25,33,25,15,49,32,12,35,30,45,15,19,33,40,44,46,43,28,50,22,23,31,17,11,36,48,23,45,18,26,20,39,26,43,15,41,21,34,11,18,36,46,18,27,15,33,49,21,28,29,30,46,40,30,11,35,48,30,41,45,13,25,29,25,20,38,47,13,20,33,48,27,15,46,32,23,25,24,45,17,29,48,11,36,32,41,27,43,22,15,27,42,27,23,18,43,35,25,36,35,38,46,30,17,11,47,32,24,38,39,48,26,21,22,38,15,29,12,32,18,29,13,37,42,14,50,40,30,25,49,46,35,23,13,49,42,33,23,39,19,40,49,43,33,36,49,28,19,41,35,31,42,26,23,45,34,43,26,13,23,17,22,19,15,48,20,42,24,13,20,47,23,29,47,20,35,49,38,41,45,19,10,46,46,46,12,21,23,49,45,31,45,34,48,42,40,42,19,45,20,24,40,20,34,42,26,46,23,11,44,22,39,49,38,40,22,24,11,24,42,48,40,27,19,34,28,11,24,35,44,39,44,15,36,48,37,48,41,28,28,45,49,46,48,39,11,47,50,50,36,43,11,20,32,11,32,28,34,16,26,15,20,40,36,35,15,19,26,29,21,48,21,42,40,18,25,42,13,17,36,43,39,18,33,44,23,11,38,43,26
15,25,16,41,20,40,10,11,48,35,38,20,23,10,20,31,13,42,43,45,16,32,31,30,27,34,45,14,39,18,40,42,13,33,48,30,28,31,16,30,19,22,41,45,30,45,39,40,49,23,40,17,16,38,35,40,44,21,23,13,16,17,34,16,36,24,33,22,25,39,30,44,32,24,42,23,37,14,41,17,48,16,36,46,50,20,42,30,32,34,27,16,34,34,28,14,43,31,37,25,21,18,16,49,31,19,33,11,14,20,28,41,50,22,37,44,36,47,40,16,42,24,32,25,22,20,31,41,11,19,39,24,47,35,42,49,45,10,46,23,25,47,12,35,18,48,15,13,14,22,29,23,15,19,44,18,27,24,23,32,24,36,40,23,43,27,24,38,20,25,29,12,40,36,10,17,41,22,20,11,33,42,37,32,15,34,49,42,48,49,50,21,29,16,22,50,37,35,11,49,43,36,33,30,48,45,23,19,13,30,23,32,20,19,21,17,44,30,12,48,37,21,28,29,15,35,11,34,13,16,13,21,30,10,36,21,43,11,26,11,26,37,49,30,29,37,11,33,34,41,48,38,29,50,28,33,10,44,11,42,25,24,42,45,44,47,45,40,14,11,19,18,34,12,45,29,37,18,11,33,32,23,34,28,35,38,11,13,29,28,49,27,47,46,46,24,36,40,44,10,49,16,25,48,22,34,11,41,42,39,31,37,15,31,12,12,47,47,18,17,38,19,41,24,11,37,18,26,42,26,25,36,19,41,13,44,31,17,18,31,43,33,40,10,50,40,11,28,47,24,44,40,44,31,46,41,48,16,23,18,15,42,13,43,23,18,21,30,46,43,47,35,36,35,18,18,33,40,38,33,34,14,26,29,45,15,17,28,30,43,23,47,34,47,43,20,42,47,38,13,47,46,48,43,33,35,48,26,13,18,48,35,32,47,12,14,17,19,15,16,30,43,35,17,45,28,11,32,23,21,11,49,18,19,13,31,25,34,47,11,30,36,37,36,31,31,11,13,15,12,48,20,27,35,20,39,46,17,42,16,40,26,13,18,25,20,40,33,25,37,16,37,16,12,40,26,22,30,49,49,42,48,15,35,33,11,50,45,17,29,34,17,20,29,37,27,25,26,27,49,15,34,36,14,29,26,24,48,12,37,34,11,16,13,22,43,10,26,35,17,46,24,40,13,36,41,23,38,14,46,47,10,28,34,46,34,45,32,38,35,48,47,26,43,25,37,25,46,43,23,35,17,11,11,15,36,22,45,48,37,21,35,35,36,30,43,18,29,26,26,15,36,40,22,36,30,19,49,18,40,48,47,14,12,30,30,24,48,18,16,22,34,48,38,18,44,49,18,13,27
39,12,21,16,36,36,44,16,25,10,37,36,45,42,27,22,26,21,34,21,10,38,20,46,35,21,21,47,40,10,37,20,29,27,50,43,45,45,31,50,12,24,16,47,26,18,32,46,47,39,14,27,27,27,44,43,22,48,37,28,49,38,40,40,38,39,30,21,35,24,38,30,28,46,19,28,19,22,40,43,39,28,40,26,25,46,25,29,23,42,19,30,47,46,19,48,50,28,47,29,37,46,30,12,20,10,34,38,44,19,38,32,16,33,23,42,28,21,11,29,37,31,17,12,43,28,21,10,16,47,24,25,45,41,32,27,19,47,22,38,14,34,44,47,26,28,27,35,23,14,34,22,42,25,39,33,43,19,25,31,30,43,46,38,23,12,37,20,31,26,48,37,48,22,22,14,42,24,14,23,38,26,28,43,44,17,16,46,37,15,29,24,12,44,31,35,41,29,43,33,50,29,26,22,48,32,48,46,27,40,17,27,34,49,31,19,46,23,31,30,16,46,14,35,33,46,13,49,31,25,14,20,20,34,19,50,33,37,12,28,15,29,12,10,14,22,25,29,13,28,23,20,41,48,25,24,36,18,34,42,33,27,43,35,12,17,34,22,29,34,38,50,16,36,25,39,31,48,45,30,45,32,48,10,19,30,18,30,19,12,43,36,16,11,42,15,12,31,20,37,13,24,28,16,10,22,46,26,22,18,44,44,38,38,14,43,35,22,30,37,50,46,11,13,44,22,25,37,48,45,12,31,22,48,25,38,24,33,42,13,39,44,16,14,22,36,17,40,40,42,45,14,25,38,28,14,36,27,26,31,36,47,37,29,33,25,34,20,18,25,46,46,27,14,43,28,27,47,31,49,31,39,34,36,25,22,39,31,21,28,33,35,25,29,45,25,31,50,25,38,23,41,27,32,27,21,35,39,11,41,26,22,34,21,35,50,44,20,17,47,16,42,31,48,11,39,40,49,22,46,16,36,41,18,18,24,24,46,18,39,24,30,22,16,43,24,21,19,35,13,41,31,49,19,48,36,18,40,46,27,11,27,32,17,15,40,24,50,39,39,10,38,11,46,15,24,27,16,46,17,38,42,15,18,28,32,16,32,42,24,20,29,48,20,19,44,42,14,31,23,33,43,32,27,38,36,36,23,39,47,40,25,10,15,12,24,11,35,47,49,29,43,26,19,27,26,19,47,41,20,16,20,33,11,13,22,10,25,40,43,49,30,31,16,20,16,16,25,19,38,47,26,44,47,21,24,25,32,38,47,19,13,35,35,16,40,48,30,48,27,22,50,23,19,40,27,30,37,35,20,40,42,10,39,49,47,48,28,12,28,12,35,12,15,29,24,44,11,21,34
20,40,32,23,29,32,19,13,38,42,10,48,11,37,44,42,43,32,22,39,18,35,50,18,37,26,50,39,47,25,31,15,22,22,32,45,24,12,44,18,14,28,37,40,36,49,22,42,47,44,29,43,16,34,12,32,21,43,35,12,24,36,12,36,10,20,23,34,44,30,41,20,15,26,24,33,47,15,44,19,21,43,41,31,18,25,46,14,23,43,37,45,28,24,36,18,31,12,41,30,34,36,34,23,35,10,38,31,36,37,24,23,15,45,44,29,41,40,49,12,28,27,31,42,31,37,48,36,35,39,13,45,12,23,46,25,27,39,49,47,36,39,34,17,33,48,35,31,26,30,47,37,17,32,26,28,32,26,32,11,41,49,33,32,10,14,12,47,39,29,46,49,10,28,24,37,13,32,23,20,12,26,34,35,45,14,41,37,14,37,48,39,17,48,30,23,44,48,19,40,21,21,34,13,42,21,11,34,37,30,23,22,36,22,45,40,34,31,18,25,41,18,22,34,41,16,40,30,27,43,40,46,31,16,48,28,47,19,13,44,35,50,13,48,47,48,48,35,37,16,40,47,42,11,24,20,30,16,47,16,44,46,21,42,14,33,45,33,50,49,17,34,46,48,31,24,48,46,18,24,14,47,48,37,42,40,42,45,38,13,42,33,46,12,22,25,36,15,10,19,24,21,13,45,28,35,37,45,14,42,28,26,25,43,18,30,31,48,33,25,23,44,34,13,29,17,48,12,11,27,22,11,47,27,44,30,36,24,44,19,23,44,32,15,39,16,14,19,49,43,50,13,47,49,18,42,16,32,17,26,42,17,29,38,22,17,32,28,18,18,21,15,40,44,19,14,28,39,40,38,39,32,47,34,34,24,35,10,37,21,13,16,49,25,35,23,38,37,15,49,32,26,48,49,10,49,27,29,33,44,46,28,40,19,42,13,40,39,46,49,29,45,32,39,37,22,44,14,18,21,36,43,48,13,44,49,22,41,15,27,12,38,24,31,23,43,23,43,12,24,15,20,17,22,39,20,23,33,24,39,35,40,47,47,22,20,49,35,33,22,33,31,11,20,30,34,39,24,49,29,26,23,21,50,50,18,17,15,44,24,13,10,17,14,23,30,45,33,10,20,43,17,24,47,30,33,17,47,35,16,14,37,20,40,43,47,47,12,30,40,46,14,41,13,16,48,12,23,39,14,23,19,12,32,34,40,18,34,23,46,34,35,46,46,36,33,16,37,23,11,36,17,38,47,45,13,48,38,37,39,23,12,44,48,43,42,18,32,35,22,43,18,49,50,40,32,38,37,43,19,38,15,14,38,36,41,12,48,34,50,33,30,47,23,11,18,37,22,41,42
16,12,13,48,27,19,31,22,16,31,48,38,10,37,38,20,28,36,33,25,37,38,18,21,41,13,46,27,47,45,43,32,48,17,21,30,19,30,43,45,38,43,14,31,32,40,42,45,42,12,19,28,41,21,28,48,12,33,28,12,27,35,41,29,21,25,25,33,17,25,18,49,31,22,31,23,11,47,27,17,34,16,36,49,46,38,17,29,31,17,18,25,34,17,26,49,12,14,15,35,43,35,17,16,19,36,15,31,10,41,13,41,46,26,47,49,33,23,15,35,23,29,13,49,16,36,18,28,10,40,19,19,38,35,32,29,42,16,39,46,37,31,26,11,17,12,44,26,31,19,38,16,46,44,12,41,28,27,31,46,30,33,39,14,45,28,28,29,38,47,39,46,27,49,29,46,26,29,12,27,36,21,30,30,38,44,14,28,26,33,26,43,27,31,14,18,38,34,23,16,21,35,23,41,16,40,33,50,14,37,11,33,17,20,32,33,23,32,35,45,29,34,28,28,35,26,14,36,33,21,33,32,15,10,25,13,41,45,47,33,20,23,36,30,19,41,45,17,38,39,26,40,35,47,44,22,22,17,42,19,41,37,11,20,11,13,34,28,42,12,23,14,21,35,41,40,45,49,36,11,29,47,46,32,28,50,28,14,17,14,49,38,31,12,47,46,30,44,38,27,20,38,34,40,39,28,39,24,25,39,11,15,13,41,31,33,26,46,35,30,21,23,12,49,22,16,21,44,12,21,34,32,32,41,30,19,11,14,14,38,25,28,29,31,44,50,26,19,13,24,19,15,49,47,23,34,22,15,22,46,30,33,30,24,16,33,43,23,13,20,35,14,28,23,28,29,18,49,31,24,15,34,38,21,24,17,40,40,33,10,42,28,31,45,50,31,19,22,27,26,15,36,44,30,30,13,44,13,22,10,40,23,26,38,43,20,41,47,36,14,30,25,45,24,22,42,40,14,27,35,49,40,28,50,34,40,14,33,14,24,37,13,48,38,42,14,46,39,28,32,44,36,21,40,41,29,33,13,18,39,29,23,15,44,15,45,39,19,48,35,24,35,28,25,17,44,47,50,13,47,36,33,18,40,48,24,41,12,33,50,17,23,31,47,40,15,49,42,29,33,14,11,40,35,42,16,21,28,13,32,28,36,33,20,49,35,17,47,13,26,11,39,13,16,13,42,11,15,19,12,41,20,13,20,18,29,47,49,31,24,11,46,48,23,46,48,49,43,38,45,29,26,25,49,30,41,37,44,15,44,36,41,41,43,19,42,13,14,41,24,27,13,40,29,29,18,23,18,14,27,36,40,24,38,49,41,12,16,31,27,38,11,41,21,21,46,49,24,28,38
22,40,47,32,34,30,44,16,31,25,48,23,18,15,31,39,45,25,37,39,35,15,33,39,21,26,42,28,28,43,21,49,38,28,36,29,12,30,29,22,24,36,25,45,44,47,50,37,36,15,20,16,35,38,30,31,44,38,34,45,17,35,12,40,33,33,50,19,34,48,21,11,22,26,34,45,18,22,13,43,43,12,43,27,29,11,14,13,38,35,30,34,27,43,47,16,22,26,18,13,21,41,25,46,48,41,11,46,16,42,49,37,17,41,23,36,38,13,24,18,39,36,10,14,25,47,31,26,46,39,35,39,46,18,48,31,17,30,31,26,11,47,22,31,12,42,24,50,26,21,48,30,45,22,23,10,43,47,46,33,49,45,29,19,25,11,19,29,33,39,45,27,41,30,43,27,49,31,11,45,43,30,41,34,20,22,45,26,25,28,21,43,45,50,27,40,33,48,28,25,44,41,26,50,49,37,17,21,43,34,32,39,27,38,18,22,34,49,41,15,36,18,20,13,13,48,14,42,30,38,40,34,12,22,38,38,30,33,31,31,20,45,29,21,45,23,47,21,11,36,47,33,11,13,47,18,35,41,35,20,49,49,11,40,35,49,20,26,18,26,35,22,29,42,21,47,20,43,35,21,31,37,36,13,16,40,18,30,39,44,40,34,18,33,41,14,42,23,49,32,42,35,26,19,28,31,13,12,31,30,25,12,44,31,28,11,47,48,25,20,50,13,24,34,21,28,39,46,20,32,21,38,18,19,16,20,16,49,46,46,48,50,42,17,34,21,18,44,36,24,29,32,27,40,38,37,16,30,45,30,46,35,44,28,29,22,32,27,10,27,23,11,17,41,26,48,27,49,18,12,44,48,13,36,39,36,10,48,35,16,26,33,22,36,43,17,46,17,28,44,14,33,45,44,30,12,33,27,14,27,23,11,39,35,27,10,22,37,31,23,45,46,18,18,35,37,30,38,26,12,24,44,42,38,32,46,41,44,47,42,14,33,19,22,26,27,37,20,48,39,22,12,11,33,48,33,30,43,10,40,25,18,27,22,39,47,38,15,49,26,38,22,46,38,18,29,42,37,17,46,36,18,30,39,12,20,10,19,16,29,29,15,13,42,28,49,13,38,29,18,39,22,26,33,37,45,34,26,33,17,17,27,14,28,31,29,13,23,43,48,44,16,29,48,28,29,50,39,29,41,40,17,34,45,45,25,17,14,47,22,14,43,44,34,27,24,35,49,28,39,42,34,27,46,34,28,13,31,10,25,38,27,33,10,43,10,17,11,21,40,27,34,15,48,33,32,21,30,24,24,32,29,35,19,20,28,45,24,23,47,46,38,22,41,12,42,22,32,40,36
19,16,50,17,12,42,46,31,40,48,22,47,26,25,20,48,13,29,43,18,32,31,38,34,26,19,28,45,31,16,17,12,34,26,41,19,17,38,46,35,36,45,42,36,19,23,44,28,13,22,41,36,39,10,16,28,13,31,29,35,49,37,24,22,15,13,40,31,11,18,15,23,14,24,49,40,33,26,21,50,15,14,17,26,10,19,11,25,27,35,36,50,19,11,28,27,27,13,42,48,39,19,38,45,30,45,46,19,49,22,27,44,11,42,37,31,13,20,14,40,20,15,26,26,46,19,21,27,40,14,24,46,36,32,32,39,19,34,23,43,20,40,30,45,36,22,28,43,37,48,22,48,42,44,12,44,37,50,21,40,37,41,25,45,15,27,27,19,31,42,11,23,42,16,40,44,26,36,11,17,38,27,40,39,46,18,19,28,43,46,24,15,31,13,46,18,22,45,47,23,46,21,45,49,39,22,31,16,43,49,30,37,20,20,23,14,40,36,34,32,16,34,36,44,31,46,29,23,16,26,16,16,31,14,12,16,10,42,19,15,14,24,48,24,35,16,24,48,19,39,26,18,37,18,30,48,15,45,17,44,28,12,14,27,31,19,17,26,26,30,33,11,22,13,32,32,35,11,16,21,34,26,21,48,36,36,42,48,22,11,48,43,15,42,27,46,35,35,12,35,40,26,31,29,16,46,40,39,13,20,10,24,36,27,42,50,31,25,31,21,15,48,49,38,17,27,18,35,26,35,10,23,10,33,13,13,37,24,16,27,21,15,30,49,29,29,11,37,15,12,13,46,15,13,16,49,11,48,19,27,36,33,31,30,48,17,21,13,28,37,17,16,22,29,19,27,45,38,30,31,36,33,34,30,44,20,12,11,31,11,44,25,38,46,33,40,24,48,44,49,28,35,45,47,33,19,45,48,15,20,34,42,24,45,22,13,44,10,28,22,39,28,19,12,32,32,31,34,34,22,36,17,12,29,14,42,32,20,20,40,23,41,30,46,29,20,43,13,36,26,22,14,29,38,31,17,22,47,26,43,25,24,20,35,29,40,16,36,16,37,34,32,11,40,39,32,31,17,11,42,19,33,10,25,33,23,43,48,11,38,35,19,25,15,18,21,45,38,45,19,13,15,13,19,16,34,33,19,43,23,30,28,16,33,44,21,11,36,14,42,30,13,44,34,17,19,44,21,34,17,16,43,22,38,16,13,26,37,40,17,19,11,16,45,22,38,12,31,25,13,20,22,28,31,11,18,31,15,15,42,16,33,31,24,34,19,39,18,21,50,28,16,29,25,33,40,43,37,15,47,15,15,36,37,47,43,24,24,31,36,24,24,27,26,26,17,27,47,13,31
12,22,13,48,20,30,31,23,40,34,22,49,36,12,49,25,25,31,38,32,25,28,19,13,25,33,31,37,25,17,32,39,18,43,38,29,20,18,26,29,43,31,21,37,40,30,25,11,13,43,39,26,49,50,39,45,35,25,13,35,39,13,35,20,16,12,32,24,41,35,43,40,41,32,34,49,15,47,40,26,15,46,22,49,36,39,24,29,17,46,42,41,32,30,14,37,23,48,45,18,19,30,16,27,47,37,34,15,33,34,21,45,18,29,37,23,32,42,10,26,42,14,33,43,37,41,33,19,33,26,19,17,50,25,39,32,31,33,14,41,47,35,22,14,24,46,41,19,11,39,36,48,25,45,39,45,48,39,49,12,37,38,16,27,44,36,38,25,37,10,36,17,40,25,49,29,47,24,11,12,40,29,31,43,49,34,38,46,46,24,39,39,22,30,14,49,23,15,41,34,36,49,24,14,35,27,25,13,28,42,42,30,16,40,26,35,23,20,12,20,26,36,10,27,36,12,11,14,12,38,14,36,38,27,29,24,13,42,22,10,30,30,28,18,43,29,18,15,20,30,30,24,15,13,48,18,26,38,30,26,44,42,39,27,17,17,15,14,24,21,15,43,23,13,23,31,45,13,32,15,41,15,28,22,47,25,20,16,34,35,31,14,47,50,46,12,47,36,45,22,34,12,39,18,15,27,29,47,24,17,33,40,25,37,28,49,43,35,16,29,27,42,28,43,30,40,12,41,27,44,23,12,40,41,25,11,46,45,25,44,11,48,48,21,45,46,38,46,24,13,30,37,33,33,21,39,15,14,39,40,13,49,29,24,15,46,36,37,21,19,37,22,24,27,14,35,42,30,23,11,49,21,36,35,37,18,13,39,32,46,32,38,29,20,14,31,25,29,31,24,47,11,26,41,48,16,16,26,46,32,36,39,12,31,26,17,34,39,10,20,40,18,28,29,11,20,35,15,18,48,41,15,11,17,15,45,12,44,30,12,21,46,23,37,36,10,31,25,32,31,37,45,45,11,48,49,21,42,17,11,33,43,40,15,22,49,34,17,39,12,33,39,36,49,15,50,20,39,27,39,50,33,42,42,42,25,25,40,33,42,13,46,20,21,25,12,43,16,21,45,38,12,36,44,31,48,44,33,28,33,39,46,19,34,24,41,28,49,16,49,18,39,47,18,29,22,46,41,49,11,14,44,37,41,16,48,41,32,22,22,38,41,43,41,43,37,11,11,18,36,46,34,42,31,21,45,33,47,35,31,45,49,21,27,24,43,35,43,37,50,13,27,25,33,40,18,25,38,11,48,50,38,41,15,36,29,28,14,24,26,45,25,42,31,43,42,10,23,26,48
19,47,47,20,21,47,49,46,37,27,24,22,37,25,15,25,31,48,13,14,13,34,21,16,39,42,33,37,24,13,44,29,25,44,41,16,23,36,32,25,36,32,30,43,10,37,34,32,32,27,18,20,21,40,19,11,23,27,35,31,41,39,11,23,30,43,23,31,30,15,47,11,22,11,11,47,29,40,18,30,40,31,49,28,36,30,37,22,17,20,14,35,21,26,24,36,42,19,50,42,38,13,11,18,43,35,49,10,22,32,45,29,34,18,43,17,21,19,22,39,36,12,22,10,50,35,31,25,46,46,46,29,37,13,13,36,46,33,35,21,19,28,32,36,22,40,44,35,36,36,36,11,12,47,30,33,35,19,40,49,12,44,45,14,14,22,48,22,23,14,17,48,42,32,49,22,14,42,38,33,18,38,18,37,17,48,45,37,29,21,15,42,37,14,30,24,35,18,20,27,32,17,24,22,27,13,39,44,48,33,48,13,49,33,46,24,19,27,12,32,40,24,21,44,44,29,36,36,34,22,34,22,16,11,37,22,41,22,38,41,21,49,49,39,36,40,34,43,24,30,11,39,15,36,44,33,44,41,25,15,40,35,12,33,26,31,34,18,30,40,28,23,46,36,21,29,13,21,29,17,49,29,33,41,26,16,26,14,36,15,39,45,49,14,25,28,33,15,12,23,32,41,35,33,30,32,41,35,15,29,33,22,40,35,40,12,30,49,38,14,11,41,26,11,35,35,37,26,40,37,23,29,20,46,25,38,29,20,12,40,31,41,47,42,40,25,30,47,18,45,28,31,28,32,26,17,28,46,36,18,47,35,22,42,29,37,43,32,26,22,31,12,18,27,48,30,11,32,19,12,31,16,26,11,14,39,28,45,17,27,23,42,28,47,43,28,45,43,42,17,10,46,15,24,40,18,15,29,17,45,41,15,41,21,47,44,22,44,31,24,44,11,39,34,41,32,17,11,32,17,47,28,34,47,17,29,41,46,34,38,14,15,17,28,20,25,19,23,40,21,37,23,44,39,48,41,33,36,35,49,31,31,28,24,40,24,30,39,12,45,16,22,24,18,10,29,23,46,22,32,45,44,39,10,43,21,28,42,26,34,29,13,44,42,11,28,39,13,41,43,10,45,28,50,24,37,35,25,24,38,28,26,48,23,21,28,39,41,17,43,23,43,29,44,50,24,11,32,46,25,32,31,35,34,19,36,37,21,46,49,19,49,31,46,20,16,18,36,40,30,41,30,27,13,20,25,23,31,49,13,22,19,32,36,40,46,26,27,34,22,31,26,44,12,39,37,15,29,36,13,22,39,38,40,21,11,42,26,28,48,22,11,26,28,23,12,12,26,33,34
38,24,36,47,29,32,16,41,27,35,47,15,44,14,49,22,12,26,20,35,47,33,35,27,15,44,20,24,33,26,33,38,41,20,38,16,28,41,28,33,20,27,20,49,17,11,22,26,33,34,47,45,34,30,19,31,36,47,16,39,35,25,39,34,14,43,20,47,43,42,27,14,28,13,27,42,43,37,15,29,23,12,42,12,16,49,42,11,15,41,46,43,18,28,28,24,23,38,11,22,18,27,14,40,12,37,25,26,21,35,14,28,16,16,22,42,43,38,43,28,30,48,19,24,18,49,19,27,22,34,44,28,16,43,23,20,50,19,32,39,19,40,26,26,43,18,21,19,24,41,27,44,10,40,43,38,34,11,37,25,28,13,15,16,16,41,24,27,18,34,15,41,37,44,45,42,13,22,16,45,30,39,31,13,42,17,32,49,47,24,29,28,40,43,21,29,50,12,43,43,28,15,49,25,28,43,10,11,11,32,37,31,14,23,30,40,11,49,18,33,15,37,11,20,10,48,19,25,26,33,13,29,16,29,11,22,46,11,48,31,17,46,29,14,26,44,49,36,17,16,48,15,16,41,30,11,48,30,43,16,38,35,21,33,46,43,38,40,22,45,27,49,19,31,39,49,50,17,14,23,21,32,31,38,24,11,16,42,25,30,33,17,50,42,21,26,35,22,28,26,24,35,25,40,11,40,44,11,47,44,49,44,42,22,47,28,22,23,34,33,15,39,14,22,38,21,40,39,40,25,19,31,27,41,41,43,31,25,18,41,17,34,16,15,21,28,30,44,23,48,28,18,25,21,48,44,13,33,18,17,47,20,19,36,46,45,27,42,15,35,25,14,39,15,42,14,17,35,22,16,36,34,33,20,43,37,22,26,34,25,18,36,26,23,24,45,16,17,23,17,31,23,24,29,21,32,22,37,18,47,35,24,10,37,36,41,47,10,17,21,30,38,22,16,25,44,11,44,16,34,17,26,30,42,17,23,27,19,27,32,16,25,38,42,37,35,47,30,21,18,19,24,17,23,38,44,46,40,25,28,35,29,17,48,27,16,41,36,38,43,20,31,36,30,46,14,16,38,44,41,46,11,16,34,40,34,41,33,16,41,14,20,38,28,47,25,29,49,35,45,18,30,50,13,33,36,17,42,16,12,32,25,38,10,35,13,17,47,28,36,20,31,34,12,43,24,33,28,13,12,41,39,47,17,22,39,22,38,26,12,43,40,24,42,42,36,19,16,11,32,16,25,29,33,44,21,50,33,16,13,42,45,18,13,29,33,18,44,47,42,48,45,23,29,29,21,28,17,13,43,27,49,14,42,22,29,29,15,11,24,30,28,37,37,39,10,31,14,40,21
35,19,47,11,13,29,31,44,38,48,32,29,47,41,13,31,38,26,20,35,27,29,26,44,46,33,20,39,15,29,48,50,35,14,20,40,34,12,26,46,49,26,16,39,12,40,20,21,16,21,40,33,42,43,34,37,30,20,16,41,20,31,24,39,23,22,23,26,13,22,20,39,35,47,44,10,32,43,18,23,46,23,21,45,21,47,50,22,37,18,50,12,18,45,29,15,11,33,42,26,40,16,34,21,14,43,42,45,23,22,31,28,35,34,31,45,35,48,46,10,28,22,18,31,50,31,24,44,32,24,17,26,21,33,35,46,13,15,41,37,43,41,14,36,20,25,35,34,31,38,30,40,31,20,30,37,26,39,43,20,34,18,13,30,35,21,32,36,46,30,36,37,38,38,18,26,43,15,23,25,26,13,18,34,14,23,47,49,48,25,20,43,25,15,33,45,48,16,50,19,21,41,47,27,13,47,42,41,22,43,32,45,41,23,38,33,14,34,44,40,44,36,46,35,21,45,21,37,18,37,23,37,28,39,39,34,20,40,16,46,33,44,11,30,17,23,14,16,10,12,28,13,30,20,13,33,31,17,50,26,27,17,16,36,29,44,21,13,42,26,46,41,27,48,21,46,29,25,12,46,27,29,28,36,34,47,22,42,24,24,25,13,40,33,37,44,12,36,20,32,22,33,27,10,25,40,11,40,49,33,30,32,37,49,26,32,48,31,35,35,21,35,41,44,34,34,11,43,31,27,30,18,13,16,31,43,44,13,36,37,23,45,39,35,43,12,46,42,31,27,39,13,16,18,29,41,46,24,20,11,36,21,15,31,30,15,38,46,39,44,44,14,13,26,48,11,32,11,26,34,12,19,41,29,29,21,42,15,31,47,37,37,32,24,47,30,14,34,34,17,48,41,15,18,34,38,34,11,22,16,40,38,27,29,25,30,30,17,20,25,13,37,46,34,44,25,43,38,40,37,50,44,44,12,30,18,34,20,15,30,41,19,21,23,48,27,29,23,13,21,33,36,45,48,32,45,20,16,31,35,13,31,33,36,18,13,40,43,43,30,45,11,44,32,23,16,37,31,45,35,30,42,13,32,36,40,13,14,17,24,24,13,39,44,32,22,11,19,20,27,47,15,12,11,37,24,41,44,22,28,42,18,16,36,25,25,23,40,12,44,10,40,31,25,14,24,30,40,28,37,38,20,47,27,41,43,37,19,11,24,28,28,47,33,45,43,22,11,36,28,40,11,16,37,28,42,11,18,46,34,44,12,13,40,19,42,18,39,48,23,29,17,36,30,10,20,19,46,12,39,21,43,18,50,23,13,19,15,14,46,49,20,10,47,25,18,47,32,46,20
49,35,12,15,38,38,37,29,23,42,11,14,24,47,12,30,30,34,35,19,17,30,24,13,28,43,27,19,47,17,17,49,25,16,48,37,37,46,10,29,33,12,20,41,21,44,22,23,38,37,15,20,17,12,12,11,40,41,10,42,40,42,16,26,50,17,13,14,36,25,32,29,32,44,25,13,34,18,29,27,20,40,11,17,12,32,27,16,38,35,14,35,17,13,23,22,13,49,20,42,21,33,25,32,27,32,34,27,14,38,50,50,13,27,19,49,21,40,25,40,24,30,21,20,26,31,49,28,17,15,42,31,16,50,35,28,35,49,46,11,35,21,10,46,43,33,46,48,20,41,14,10,14,37,37,49,48,45,16,33,14,35,41,30,35,27,25,24,22,10,22,11,19,30,39,29,27,18,23,39,31,26,26,40,46,17,36,29,22,26,23,11,21,40,22,11,19,27,45,29,43,44,25,42,18,34,25,38,12,11,27,23,17,47,28,50,50,12,15,33,37,50,48,18,12,19,41,48,34,27,42,48,14,45,46,46,18,31,41,22,31,16,46,17,12,26,40,14,12,40,11,35,50,15,29,21,27,40,33,28,26,47,32,35,11,37,37,38,37,25,37,41,27,26,39,29,31,12,33,20,31,36,50,10,42,46,14,49,18,45,43,38,30,21,20,13,28,31,42,22,22,32,23,43,15,37,36,34,46,43,23,34,27,12,45,14,49,30,14,36,26,48,30,33,41,45,47,38,42,45,43,34,30,39,18,31,14,34,50,29,25,32,28,11,16,35,42,29,41,30,18,17,49,35,50,23,36,46,41,15,48,37,32,23,24,44,22,25,28,23,26,21,35,37,31,47,15,41,21,17,32,33,17,30,21,24,42,30,23,31,14,27,11,25,29,20,28,19,25,41,40,49,37,12,48,48,16,40,47,18,45,22,31,12,10,22,25,45,32,42,49,40,48,27,25,48,18,36,20,36,19,24,10,22,27,46,27,26,24,43,16,38,41,23,47,13,17,32,48,32,43,45,35,11,28,37,22,27,42,28,21,24,36,27,32,25,42,45,20,12,38,12,47,11,14,37,49,10,11,39,14,17,12,37,20,34,44,47,40,15,16,17,11,12,42,27,42,25,24,41,25,44,42,23,11,13,26,19,35,43,31,28,32,44,26,26,32,28,18,37,47,38,44,39,35,11,47,33,48,33,11,44,35,39,16,19,44,50,39,11,15,22,24,27,30,35,31,18,47,21,46,10,48,42,17,25,39,24,14,30,44,50,17,29,25,13,48,19,28,11,17,33,40,33,14,26,46,32,39,26,12,12,23,36,49,48,37,29,38,21,36,43,40,25,47,43,41,23,16,12
14,44,48,44,40,15,27,32,28,20,34,16,23,24,30,23,31,26,43,45,36,36,45,44,10,18,19,38,13,17,25,11,16,24,22,18,33,37,14,19,38,27,48,23,14,16,43,20,12,14,29,25,11,14,17,18,11,20,13,13,17,21,34,31,13,34,18,21,49,28,21,16,24,45,21,21,21,30,34,36,22,38,34,28,24,40,28,41,29,23,47,37,31,44,22,11,19,26,11,28,13,27,13,26,13,28,32,45,46,30,50,24,23,43,19,19,34,10,39,39,29,22,29,15,43,36,28,29,10,15,36,22,43,36,21,16,22,12,36,24,23,14,25,46,37,30,22,34,43,38,28,24,46,11,30,19,26,36,22,41,42,21,16,37,16,40,17,30,17,14,21,16,45,43,37,21,28,11,32,21,41,30,11,34,23,34,27,18,16,19,27,14,34,39,42,24,40,46,42,11,34,10,20,34,26,47,36,28,22,23,17,25,37,24,15,28,40,40,20,37,36,35,34,47,39,22,37,45,48,23,28,43,12,11,12,37,32,20,36,25,20,29,39,18,22,14,26,11,13,32,24,40,14,28,27,23,16,44,46,27,36,31,12,12,28,48,42,20,48,18,22,43,38,42,50,23,13,50,32,32,25,49,19,41,46,33,49,32,13,22,32,35,47,20,47,14,33,28,34,48,28,30,17,42,28,32,34,40,19,24,49,27,43,36,25,36,18,40,35,11,11,44,22,22,21,44,40,42,17,37,37,37,40,49,47,13,30,33,38,11,12,42,47,39,41,41,23,21,49,34,21,39,45,34,43,12,26,18,15,19,46,19,20,31,20,39,29,31,24,21,37,37,23,21,26,14,22,39,41,43,48,42,18,31,29,43,14,13,34,19,40,31,17,21,13,21,31,27,39,24,18,24,46,36,26,13,46,39,35,46,37,13,26,21,27,35,16,31,33,33,43,23,43,15,13,49,22,49,34,46,47,46,23,24,28,21,16,30,49,23,40,45,23,49,42,36,44,13,22,10,32,27,31,26,32,44,22,43,15,38,17,24,15,42,13,44,30,15,25,43,25,26,25,42,31,46,40,50,49,21,22,44,23,31,24,48,28,22,37,45,38,25,31,38,16,10,34,23,49,39,23,39,14,44,20,41,48,25,47,14,15,49,28,38,30,31,33,33,37,43,29,11,35,43,31,46,27,31,37,42,13,38,22,26,48,21,48,17,14,26,33,39,43,29,32,30,23,49,27,38,26,32,14,32,21,38,39,38,11,37,29,22,21,26,13,37,38,28,18,16,20,16,26,47,38,13,39,12,28,12,45,48,20,23,13,47,47,49,37,11,39,37,24,12,16,11,44,46,31,27
46,21,32,17,12,12,43,30,41,12,22,18,43,15,19,41,14,26,36,21,46,12,44,14,44,42,29,18,39,26,12,45,28,35,17,48,40,37,24,31,46,12,23,47,23,12,42,15,12,30,17,28,28,47,45,15,23,36,33,22,42,46,18,16,34,44,31,28,48,35,36,21,16,26,23,23,15,35,29,43,24,47,42,16,48,15,30,30,38,32,18,31,23,38,34,45,17,46,49,27,19,20,47,22,14,42,27,48,35,19,34,35,44,30,42,24,14,30,37,39,39,19,33,25,14,37,21,16,36,49,27,45,30,15,38,48,27,22,23,28,27,26,16,36,37,43,44,47,38,45,37,33,50,43,11,39,15,35,39,15,10,13,36,44,29,20,22,39,45,41,11,50,11,43,26,35,24,23,39,23,25,39,40,27,31,34,48,38,27,24,32,46,47,37,44,31,48,40,49,46,28,33,26,39,25,35,15,28,26,30,29,27,10,20,42,37,39,34,37,44,49,48,38,48,25,47,24,20,24,34,30,38,22,12,35,36,44,42,19,23,17,28,45,37,34,12,33,32,19,16,21,40,17,50,23,42,43,40,43,44,42,33,15,22,12,46,29,30,49,38,13,11,31,44,23,14,41,33,34,14,17,32,17,42,19,49,13,19,31,15,42,22,46,34,30,32,10,35,46,33,12,23,12,34,40,19,19,46,11,19,37,49,47,37,12,22,16,41,33,10,46,43,44,20,28,44,43,48,45,38,30,40,35,46,25,12,43,22,20,34,46,40,48,22,48,15,12,32,31,21,36,40,45,32,48,25,44,21,14,39,19,44,24,42,44,46,20,24,39,38,21,13,37,35,13,33,24,35,11,47,30,31,17,23,24,46,18,22,49,18,17,11,32,18,32,49,45,26,34,25,28,15,31,37,27,35,38,29,35,35,33,27,23,19,12,26,44,37,26,15,40,17,13,42,15,15,38,41,35,35,42,20,23,23,24,21,24,26,47,41,29,48,40,12,23,33,15,43,20,40,19,13,13,45,47,43,28,38,30,46,15,22,42,23,31,34,26,27,19,26,14,22,50,35,24,16,39,30,19,48,41,38,18,24,46,24,15,11,22,13,39,38,21,49,26,36,45,49,21,13,17,44,48,24,42,13,29,50,49,38,30,13,31,30,46,18,16,42,14,38,32,26,31,25,39,45,13,19,19,28,29,22,49,37,23,46,42,21,46,44,12,50,21,37,37,42,18,34,19,17,11,34,45,32,32,27,45,13,12,40,44,32,27,50,26,19,33,34,33,49,16,39,18,19,50,33,28,25,40,15,27,34,35,11,38,38,22,12,17,28,13,40,34,28,38,18,25,21,48,11
27,31,20,39,17,37,14,46,16,41,21,15,11,28,10,47,31,32,29,23,11,22,23,41,48,30,22,16,21,42,25,15,26,41,30,13,31,43,22,15,20,29,23,33,15,26,13,46,46,21,36,44,26,29,39,47,49,29,40,47,32,44,34,20,36,35,11,16,24,26,41,11,25,29,34,16,47,49,44,28,31,14,34,20,44,38,27,36,50,49,26,37,32,26,20,39,27,25,34,24,22,44,37,11,34,38,26,45,35,16,18,33,36,14,23,18,19,15,48,30,45,27,23,18,19,10,31,49,34,18,43,26,16,41,36,31,36,48,27,36,39,36,26,49,37,32,36,16,41,44,29,20,49,17,18,26,34,17,28,21,46,30,47,29,45,34,19,44,48,46,50,45,31,31,39,33,17,21,23,17,24,36,27,48,34,21,13,21,45,15,42,26,23,13,49,33,27,28,25,38,40,49,30,32,14,44,35,27,24,30,27,15,43,35,19,48,12,47,18,32,23,10,43,43,40,14,47,49,48,14,12,50,40,15,18,36,29,36,15,35,23,13,36,35,38,25,22,45,32,32,32,31,41,42,22,43,18,24,18,12,19,39,46,35,36,31,29,13,46,23,18,40,14,21,40,43,18,34,38,29,10,14,26,21,22,13,48,16,45,11,46,17,19,30,32,45,14,25,40,42,30,38,21,50,14,49,11,36,45,10,21,42,19,38,30,11,40,37,21,31,37,15,11,18,42,32,35,13,44,39,15,36,18,36,15,49,17,21,20,24,35,25,23,40,37,36,38,18,28,25,16,26,22,39,17,25,36,37,35,39,19,39,15,32,12,12,39,43,21,38,33,38,45,36,28,15,38,40,43,39,38,15,28,41,40,12,41,48,14,33,19,47,40,41,28,17,31,22,24,43,22,30,14,17,20,26,46,19,43,13,30,18,46,17,37,30,47,20,43,18,34,23,32,27,16,10,50,35,40,26,40,47,19,43,42,41,43,24,42,23,19,40,41,35,41,18,17,35,39,15,37,24,42,28,13,17,11,44,23,48,34,35,14,36,40,15,17,13,22,30,10,35,25,22,46,39,39,17,35,28,48,31,19,46,19,13,26,32,39,32,21,27,12,42,34,31,43,25,22,30,45,34,29,24,21,38,24,37,21,29,11,10,32,27,16,22,28,15,27,26,23,21,18,45,19,24,50,19,10,43,10,28,47,35,38,48,43,49,46,11,11,37,26,17,18,34,38,20,14,38,25,47,12,37,35,42,42,14,46,23,12,25,17,25,31,11,35,20,40,48,30,24,34,41,11,15,12,38,13,38,19,46,40,41,11,25,27,41,33,33,32,39,31,14,46,28,47,17,32,33
19,22,41,25,25,48,32,37,42,39,41,49,19,47,15,32,40,22,41,16,15,25,16,46,12,31,38,25,35,40,41,40,25,20,17,36,25,43,28,40,48,14,34,44,32,41,49,19,47,17,11,11,19,13,43,48,17,18,34,21,46,23,10,39,20,33,48,18,23,35,33,35,31,42,41,24,30,39,15,13,49,18,48,31,45,24,21,49,32,46,13,50,45,27,35,15,40,37,47,22,38,27,15,26,41,23,38,11,40,19,12,21,15,19,24,35,37,46,21,13,43,17,25,42,29,50,28,10,23,46,31,20,12,10,34,44,12,26,31,43,17,14,25,19,45,30,38,49,45,14,30,47,43,43,39,47,46,44,34,36,13,46,45,44,49,42,35,11,12,37,19,20,36,41,29,28,14,24,37,20,40,19,24,23,33,24,23,21,43,45,21,14,12,16,24,38,27,23,40,18,12,13,15,18,33,21,34,26,38,47,45,40,20,42,13,40,31,34,21,48,16,11,29,35,31,43,10,33,26,15,42,50,21,40,26,50,21,28,43,26,14,27,20,13,24,20,37,18,33,22,15,16,34,50,29,30,46,41,30,29,13,14,15,39,44,19,22,21,31,46,23,44,21,47,17,13,47,25,47,25,38,20,41,15,15,41,15,29,33,43,30,48,22,45,43,17,17,22,29,15,31,42,50,49,17,42,17,24,40,26,22,21,47,43,45,24,39,46,19,15,41,12,50,43,43,21,44,41,31,43,34,38,14,45,14,33,14,43,33,37,46,35,33,32,12,32,24,43,28,26,45,25,14,35,29,33,41,16,40,44,32,13,40,48,25,36,30,20,30,31,43,16,26,16,45,44,44,49,49,31,37,29,11,36,10,35,32,39,17,45,36,18,32,42,15,30,22,29,20,22,22,16,45,39,22,21,48,13,33,21,24,43,44,16,44,39,13,40,48,39,36,43,46,16,28,13,11,32,31,35,38,18,23,48,48,35,31,43,18,22,12,22,19,17,33,46,44,48,45,26,27,20,11,45,18,49,15,43,16,19,24,36,32,28,27,28,19,15,41,44,19,13,10,33,23,14,36,22,30,19,10,39,27,18,46,38,45,40,27,31,31,36,37,30,34,15,34,49,35,20,35,35,13,19,31,38,12,30,46,27,14,10,22,36,49,43,16,48,13,17,33,47,17,37,35,18,40,23,25,40,21,37,36,12,36,10,22,43,38,42,25,34,20,29,18,44,48,28,19,40,31,30,31,29,10,47,14,17,16,21,32,17,43,41,46,24,27,34,35,37,38,28,38,27,47,12,27,22,31,19,33,27,42,11,16,27,39,36,38,29,38,43,11,31,23,10,15,23,45,17
34,22,47,27,32,29,31,14,25,43,44,50,29,39,42,16,29,20,33,46,22,36,38,41,16,40,35,11,48,30,46,24,21,15,46,32,40,28,33,45,11,20,18,25,33,36,44,32,10,33,15,35,45,20,35,26,24,17,39,13,15,29,47,44,49,50,21,38,42,45,17,15,23,22,27,41,11,26,13,30,21,33,16,39,29,22,23,24,12,27,30,20,25,38,40,21,50,48,24,14,41,11,23,40,44,42,23,49,22,36,25,31,42,44,31,45,44,30,15,18,14,42,24,35,14,24,14,41,48,50,15,16,48,24,21,13,23,33,35,49,37,28,21,22,19,24,25,11,28,36,45,36,11,49,18,34,21,21,25,10,17,11,18,15,41,17,37,24,32,37,28,48,27,17,18,42,12,37,30,20,47,34,35,22,34,11,32,30,21,43,44,35,35,45,40,17,31,36,16,26,36,20,24,34,41,27,49,45,27,42,48,49,28,46,36,44,47,14,31,16,35,30,19,43,23,32,14,49,15,14,33,45,16,30,33,13,24,19,19,27,41,24,18,11,13,32,48,18,19,45,33,41,33,12,44,12,11,37,35,11,37,45,34,43,24,37,47,42,46,17,19,47,34,47,20,44,35,42,40,48,46,11,44,12,48,44,28,30,38,42,13,47,34,23,43,44,17,16,14,11,10,17,49,39,46,45,15,27,21,39,25,18,14,35,24,15,11,49,25,43,34,14,16,25,18,34,21,20,39,17,27,42,50,44,39,23,47,11,35,21,18,19,23,21,24,22,20,27,18,26,48,15,24,45,15,32,36,31,16,46,49,49,12,41,32,29,12,14,29,19,41,41,22,44,37,25,43,47,39,29,21,37,40,45,33,21,30,24,49,30,40,22,45,32,48,16,33,49,29,19,21,50,17,43,25,48,12,11,44,25,29,38,10,29,42,29,21,40,27,30,17,25,23,22,45,23,45,31,50,15,38,44,18,29,45,10,48,31,16,17,25,10,11,48,25,48,48,17,15,33,39,36,27,30,15,17,17,21,15,22,18,19,33,48,26,23,28,31,37,13,15,12,34,46,39,24,32,31,47,22,46,23,18,13,47,20,28,29,19,12,41,39,15,11,43,15,11,21,21,26,14,48,12,25,37,39,15,17,30,22,37,39,34,28,30,11,30,23,21,19,49,32,16,29,15,32,36,37,48,36,47,20,46,11,46,26,21,35,32,30,15,39,17,31,27,35,34,32,33,38,18,46,15,49,40,33,39,33,12,41,22,34,35,26,23,36,32,45,26,40,48,22,28,19,25,33,42,16,41,25,44,21,31,45,49,29,29,10,15,10,26,41,14,12,41,24,21,19,39,34
35,47,19,36,29,26,45,36,19,44,39,13,31,15,22,34,27,13,29,30,19,42,48,10,50,33,47,33,43,10,18,31,31,44,24,23,31,40,46,15,40,30,18,35,46,12,47,15,46,47,44,47,21,10,10,21,29,40,49,26,30,34,14,37,12,38,41,39,28,46,17,13,18,44,11,33,26,29,29,28,50,22,22,43,41,46,23,34,22,21,11,45,20,24,21,17,14,17,38,33,36,29,44,25,25,27,21,22,17,32,37,22,20,21,44,34,25,16,21,44,42,30,17,25,27,43,34,19,10,24,13,26,31,40,29,30,38,17,47,26,49,29,10,24,33,30,17,12,15,13,28,44,42,43,45,26,49,24,12,37,45,13,23,27,43,14,48,42,22,39,16,48,48,36,46,39,33,41,36,16,12,28,25,48,19,49,19,48,18,27,43,49,26,36,31,40,22,28,11,20,26,28,33,22,12,35,25,41,27,41,49,37,44,22,10,39,16,44,36,46,13,20,21,21,35,28,32,35,17,29,29,41,48,48,34,40,37,19,19,23,38,20,17,44,14,12,29,13,40,14,34,34,41,32,16,23,22,39,25,21,32,32,39,48,13,47,49,34,24,41,29,12,50,33,40,13,19,17,46,17,22,43,14,16,25,22,41,13,13,22,16,34,35,41,15,40,44,45,37,35,26,38,28,47,13,45,13,11,25,41,34,28,33,16,29,37,30,21,10,36,42,18,34,39,25,50,19,38,42,40,44,21,10,26,44,41,34,22,40,44,15,22,12,24,24,39,19,19,13,12,11,22,44,30,16,15,45,46,27,29,17,30,17,17,24,46,38,23,32,26,36,15,32,25,47,47,12,27,26,34,46,34,34,24,10,31,18,12,25,37,22,50,41,18,31,39,45,42,35,30,13,47,22,22,32,43,48,42,10,28,28,40,35,11,44,44,10,13,49,35,27,22,31,50,25,30,25,40,19,37,19,30,29,49,10,23,18,31,45,33,11,18,23,42,45,12,20,44,25,35,40,43,23,36,37,39,49,42,42,40,11,44,35,42,40,28,49,10,19,30,18,11,38,38,43,16,24,16,16,40,13,46,38,45,40,27,14,23,41,44,34,39,32,43,43,44,47,33,33,12,32,50,15,24,25,37,41,36,44,13,43,40,38,24,37,22,13,32,19,36,12,20,42,14,20,17,37,17,21,32,13,29,46,23,12,33,18,48,39,30,30,18,21,41,41,11,45,17,24,26,12,46,33,48,43,31,27,40,44,42,42,28,31,29,24,21,16,47,29,45,20,39,45,46,33,33,18,36,20,18,11,36,45,41,34,37,40,27,19,43,11,41,47,49,24,45,33,35,23,14
