The number of jobs:
800

The number of machines:
30
The power of each machine at differnt speed levers:(where rows denote machines: 1 to 30 and columns denote speed levels: v1 to v4)


8,30,38,45
15,20,30,42
7,27,35,43
16,21,35,44
8,26,35,43
11,21,31,43
18,30,37,45
18,27,34,45
9,26,33,45
14,21,38,45
7,30,37,45
9,29,37,45
12,16,22,43
11,18,25,43
11,24,30,43
17,27,35,42
6,26,33,43
5,24,30,43
17,24,38,45
7,13,26,41
10,22,31,42
16,21,33,44
6,20,32,40
14,27,36,43
17,25,36,44
19,29,37,45
12,29,38,45
9,24,31,38
5,12,31,41
9,16,26,34

The basic processing time of jobs processed on different machines:
(where rows denote machines: 1 to 30 and columns denote jobs: 1 to 800)
39,23,14,47,35,43,20,42,32,43,19,11,36,28,14,18,44,20,42,48,42,12,26,12,46,27,45,44,13,12,43,46,29,11,46,46,44,16,31,40,33,47,46,48,39,50,38,44,33,47,44,14,49,13,25,50,12,10,44,43,30,20,46,35,35,14,14,35,33,30,18,27,19,45,11,25,18,16,18,45,36,12,30,13,14,48,24,36,48,45,50,23,37,14,27,22,11,40,18,44,41,48,25,34,33,27,31,49,30,40,37,22,39,41,31,49,21,48,47,49,15,24,24,28,33,43,11,40,37,39,43,12,21,12,48,40,36,17,17,39,15,44,27,29,44,44,11,24,11,22,46,44,25,41,47,44,24,11,34,33,35,48,35,30,46,26,38,37,32,26,26,49,21,48,35,35,31,12,27,32,16,48,22,29,20,41,39,20,16,34,45,31,12,42,41,35,43,31,12,37,18,23,23,19,47,38,21,43,14,35,37,13,41,19,16,45,23,15,36,13,18,38,32,41,23,34,10,27,30,27,39,21,41,38,10,23,12,25,26,17,12,48,30,22,11,22,24,25,11,10,13,34,18,26,30,18,19,19,45,13,12,24,49,13,33,24,16,29,11,33,17,24,16,19,13,17,31,50,38,48,41,30,21,25,14,22,27,40,26,12,19,31,29,11,34,33,41,14,49,19,23,41,20,18,33,39,42,19,24,33,49,44,44,40,22,18,40,36,48,42,32,47,32,28,35,50,21,17,37,13,35,20,42,26,19,13,16,10,19,19,41,28,32,46,37,38,42,19,37,30,22,20,21,37,45,22,24,20,27,19,48,30,42,33,26,12,20,17,20,18,36,41,45,32,41,33,20,38,31,12,20,30,21,19,50,18,35,13,13,46,30,13,45,49,27,36,22,26,18,37,49,29,42,18,37,11,34,44,42,42,24,17,13,15,46,32,23,36,40,28,28,27,14,14,40,50,29,35,37,11,36,48,32,27,17,11,20,18,17,48,12,12,21,13,47,43,37,20,48,48,20,15,49,35,18,45,13,25,37,23,33,10,18,36,16,29,22,38,44,40,39,50,12,49,12,30,29,17,25,44,40,35,17,49,45,50,36,42,38,40,15,27,14,40,29,34,41,32,31,48,30,22,11,21,19,37,22,16,19,12,29,31,23,23,27,47,12,28,32,39,31,31,17,20,21,45,41,34,40,23,46,38,21,36,24,35,17,10,44,35,44,11,43,48,41,30,35,10,21,38,45,47,41,11,31,31,13,50,46,50,34,21,12,19,27,14,45,32,46,20,40,31,40,39,18,14,19,41,19,36,14,25,44,37,32,46,10,19,46,13,32,38,39,50,47,32,16,29,41,41,39,27,17,43,21,16,33,20,48,11,19,36,49,10,17,43,47,18,32,26,17,12,45,45,23,19,14,45,27,14,28,39,25,31,21,41,21,14,50,37,22,34,34,13,44,35,40,49,42,34,17,29,40,37,43,46,34,45,50,16,34,38,43,22,45,12,28,49,35,30,37,14,32,42,22,27,48,15,10,27,38,11,42,25,23,47,13,38,12,16,46,30,10,20,40,42,27,32,19,35,38,37,34,34,18,26,34,20,26,22,18,21,28,36,12,49,18,37,37,39,43,18,22,45,33,21,22,43,43,35,31,47,33,12,28,40,29,45,38,21,36,16,11,15,16,38,22,20,12,42,36,19,44,34,23,34,41,44,37,16,32,42,18,14,36,33,19,44,40,47,16,14,32,13,38,16,19,20,31,38,23,17,21,39,45,37,42,30,48,45,25,42,48,36,15,50,20,39,28,18
11,18,42,49,22,22,14,45,23,30,47,27,39,36,15,21,47,14,40,38,42,13,18,18,25,44,22,41,41,28,48,32,35,17,18,28,31,15,27,26,45,41,37,19,41,32,19,36,36,35,35,24,32,36,38,31,16,14,17,17,47,11,40,42,23,38,32,15,35,42,44,33,50,13,20,21,19,38,43,50,23,31,21,36,27,39,25,27,42,45,10,21,14,36,25,13,27,27,32,18,20,43,17,32,18,43,26,41,45,49,28,22,33,26,45,15,39,18,33,16,26,50,37,21,13,15,35,34,42,20,43,20,11,47,16,42,34,22,42,16,26,27,40,30,41,50,20,29,41,31,26,34,46,38,17,24,22,14,22,18,20,25,16,38,49,32,14,30,11,31,48,31,39,27,41,14,20,49,46,33,34,13,23,27,41,44,20,26,31,41,39,46,49,43,23,47,35,16,16,49,45,18,31,25,47,22,49,27,39,43,27,28,33,21,17,12,21,12,23,35,45,11,11,43,38,44,16,33,41,42,33,33,23,38,38,32,30,34,50,27,32,27,28,46,43,37,17,14,15,44,26,38,17,44,19,20,16,15,48,14,30,35,44,33,42,47,19,49,22,11,28,38,25,45,11,37,40,44,18,30,49,48,21,46,22,35,23,32,43,19,24,13,21,30,16,17,16,17,35,48,40,29,25,11,18,17,34,34,47,11,50,11,12,11,18,26,43,41,20,47,36,37,39,17,36,25,49,13,47,31,39,28,36,24,40,41,43,11,37,22,12,16,29,20,42,41,50,44,36,45,12,24,26,47,26,49,32,19,18,30,40,47,31,34,39,17,37,14,23,43,27,31,22,46,31,41,14,14,12,20,35,20,12,25,22,13,46,23,47,50,45,23,39,27,20,11,46,32,47,50,18,50,25,40,25,10,37,35,12,32,15,41,47,34,21,45,11,14,17,31,25,44,12,13,44,10,20,20,30,29,19,48,19,24,26,10,44,16,26,14,28,44,11,27,19,20,48,37,44,26,24,27,21,26,17,31,47,28,41,13,21,22,10,31,19,47,27,44,25,22,44,29,42,11,11,26,16,25,33,31,22,31,38,36,42,28,47,45,33,45,10,44,25,34,31,41,42,15,35,43,38,49,46,35,11,15,15,44,20,17,32,17,41,11,33,35,19,30,39,49,38,20,40,16,38,14,36,37,26,23,13,34,30,35,24,46,30,43,13,27,15,28,27,45,46,28,36,41,15,29,29,24,38,26,12,22,44,34,33,19,17,17,10,46,22,33,14,22,19,49,25,23,44,22,37,49,44,11,18,18,48,37,27,11,15,43,47,43,39,19,37,36,38,45,49,23,39,15,37,16,17,26,20,14,39,43,27,36,14,19,18,42,37,10,26,48,40,45,35,24,33,35,41,12,22,44,26,41,31,21,25,20,22,27,10,24,34,40,18,46,24,42,36,40,34,16,14,22,49,49,11,19,42,33,34,16,48,16,18,34,48,14,37,38,48,41,21,35,47,43,31,20,44,16,46,28,26,39,16,37,40,13,39,43,23,30,44,28,33,49,42,10,36,12,13,17,39,32,30,23,19,42,10,33,20,27,32,44,22,11,11,16,17,26,28,17,26,17,10,12,37,22,41,33,33,15,24,22,14,14,42,16,20,11,20,46,25,18,40,21,40,36,24,17,13,41,23,49,42,18,48,27,22,12,44,38,40,22,19,15,17,31,32,50,35,45,20,10,25,18,21,26,36,24,28,20,43,13,27,21,38,13,50,36,44,22,35,47,26,44,36,36,41,45,31,30,13,36,14,40
39,14,27,45,32,11,36,16,49,21,37,39,27,25,20,17,15,28,21,26,14,39,34,44,11,50,24,39,19,49,12,19,17,44,34,32,11,33,13,44,28,47,44,37,30,48,14,41,48,49,29,13,22,17,45,38,35,31,40,14,49,37,11,29,19,28,39,11,48,48,26,34,38,20,34,17,14,11,41,28,38,40,12,30,16,49,30,28,48,42,24,11,30,36,22,14,41,13,37,49,42,31,41,31,44,45,49,19,18,13,23,25,30,34,30,37,38,12,41,31,23,16,36,29,31,45,29,45,28,37,13,20,23,35,34,44,11,12,41,15,17,42,27,44,42,45,15,14,46,50,37,11,41,26,42,50,47,43,25,21,42,43,49,14,32,40,45,21,41,29,30,33,38,47,15,16,34,29,23,45,12,49,37,15,33,41,24,41,21,22,45,14,40,38,38,21,17,18,11,39,39,31,41,37,16,38,39,28,21,43,48,14,44,18,30,30,34,29,47,44,48,17,31,17,43,28,13,12,31,15,48,16,45,16,13,49,10,20,38,18,42,36,50,25,42,47,17,34,23,27,35,19,34,29,31,37,42,48,15,11,13,41,13,48,28,11,13,28,30,11,33,27,48,21,11,33,39,49,39,40,29,11,24,39,14,30,38,43,33,43,32,17,21,34,46,11,47,12,16,15,38,33,14,48,46,23,16,30,31,13,48,26,32,23,14,49,22,23,18,22,42,49,27,15,12,27,24,22,32,21,37,11,34,17,16,46,17,14,33,49,36,36,42,50,32,32,22,15,16,44,14,10,20,24,33,21,12,40,39,31,39,49,31,49,15,20,43,24,23,44,30,17,30,49,14,24,16,36,21,31,33,46,19,35,38,25,16,41,22,46,17,15,19,20,17,42,23,45,33,31,45,43,30,45,41,35,19,15,43,15,34,34,22,33,28,39,48,48,21,48,28,35,46,11,43,38,41,12,28,16,23,20,49,47,36,44,48,40,12,13,15,10,48,19,16,27,47,48,15,48,29,14,27,13,33,28,30,29,10,33,46,45,29,39,45,41,22,48,43,42,23,19,19,34,37,33,46,22,39,14,23,45,40,49,14,21,41,46,14,21,22,18,25,17,31,40,15,24,41,25,40,19,43,11,34,44,35,11,17,23,36,44,44,47,46,46,12,44,34,21,26,21,20,19,43,13,12,26,44,34,19,23,45,34,43,23,46,44,33,26,22,27,48,50,33,16,25,44,30,22,16,22,35,43,18,41,44,38,38,50,18,28,48,21,29,47,16,27,42,28,14,33,17,20,16,41,33,41,30,39,13,44,15,23,45,15,11,17,36,10,33,18,15,11,37,46,11,15,40,24,14,35,11,44,42,20,34,21,31,34,48,28,43,11,18,24,34,30,34,49,20,14,22,40,20,47,12,16,44,40,39,40,38,24,40,32,36,22,45,23,19,30,23,30,26,18,15,35,13,36,43,25,40,32,23,39,26,22,32,11,13,17,35,36,27,20,26,12,20,27,41,45,35,16,26,33,41,16,34,36,17,38,21,28,30,48,22,29,21,45,12,24,43,36,43,14,14,12,30,27,35,44,26,45,34,23,42,17,41,40,25,36,40,46,50,48,17,45,42,18,46,20,25,25,23,47,31,17,41,35,33,31,12,33,16,38,40,34,42,13,20,10,38,18,46,34,35,46,20,41,19,11,13,29,45,38,20,14,14,39,31,47,32,39,18,32,49,46,46,17,18,47,12,30,43,28,34,37,20,12,10,36,39,19,29,47,26,17,15,39,11,12,11,32,22,19,46,47,11,28
37,16,26,46,21,39,17,18,40,16,16,15,42,24,20,38,14,28,44,11,26,34,33,31,23,47,36,39,44,45,20,10,27,34,42,44,42,34,50,42,23,23,47,30,34,28,28,16,23,47,11,35,28,19,29,36,21,19,13,32,18,39,48,24,45,31,36,22,34,15,12,11,39,32,20,37,43,18,33,47,25,42,22,13,30,27,41,31,35,42,12,27,26,12,16,43,34,13,48,38,47,21,31,40,28,13,24,35,26,14,44,43,15,50,28,48,43,34,24,13,22,13,12,31,27,38,20,17,33,50,49,42,44,47,45,28,25,18,28,44,33,13,34,25,40,47,45,33,30,33,27,15,36,30,13,43,28,14,41,13,47,10,37,14,46,12,38,12,36,18,39,14,38,20,37,43,21,32,24,10,43,25,19,22,30,37,47,18,42,15,13,42,24,38,45,35,49,48,37,31,19,40,28,25,12,23,34,21,31,20,22,17,28,29,40,43,25,26,14,40,44,46,39,50,36,41,20,31,24,44,33,20,30,13,46,34,48,13,23,15,41,47,32,15,28,47,42,23,48,46,23,34,31,42,45,19,42,32,35,13,45,45,19,23,35,21,31,28,31,18,28,43,48,36,14,47,47,10,45,11,36,16,38,49,17,46,30,41,26,34,45,40,40,22,17,45,12,41,10,32,42,48,33,12,22,22,27,31,17,45,50,36,23,36,14,38,47,14,38,37,31,38,11,43,22,36,39,35,29,39,16,35,44,35,27,40,17,44,41,18,44,20,44,49,15,31,42,41,19,20,45,33,14,20,39,27,13,42,23,16,37,12,29,33,14,49,48,20,33,49,27,24,22,42,28,24,50,48,27,49,28,15,16,11,17,48,32,23,16,39,19,33,28,28,46,38,43,40,37,33,38,41,40,24,37,20,40,17,49,14,31,41,28,11,30,14,15,35,15,49,35,20,26,15,35,13,15,14,32,16,46,31,39,42,20,17,47,27,34,39,26,37,40,14,30,38,18,29,23,49,20,10,32,21,43,15,50,36,25,41,12,46,26,42,37,37,15,20,25,33,11,39,32,11,19,37,25,29,15,48,12,44,37,18,29,16,19,40,39,48,15,20,13,32,36,26,19,46,18,24,15,44,12,18,20,42,23,41,12,14,32,50,43,32,50,24,30,39,39,17,50,42,30,15,11,48,13,13,22,23,13,12,11,35,25,46,29,29,18,37,31,41,26,47,47,28,42,17,19,39,45,32,47,46,30,39,25,40,45,44,14,28,33,44,39,18,46,20,48,23,11,26,45,49,10,19,49,29,41,48,48,15,42,29,49,49,10,20,32,16,20,42,36,36,34,42,15,17,12,22,22,33,44,14,39,47,38,34,10,36,49,16,49,21,38,26,34,34,14,49,47,37,26,27,16,29,26,14,35,48,12,24,27,23,33,31,30,16,49,11,14,46,22,36,31,26,19,37,49,32,40,24,46,27,33,29,37,40,41,22,49,28,12,50,30,43,15,27,28,17,39,26,36,16,39,45,36,41,14,19,32,25,38,22,18,16,11,33,28,28,22,34,11,38,29,31,23,40,45,47,11,47,15,40,29,18,26,38,43,26,19,25,45,14,23,26,33,43,44,16,12,19,27,13,22,15,49,29,33,21,20,28,17,11,46,46,29,43,25,30,44,18,36,15,11,14,30,12,46,18,31,18,15,26,17,18,19,15,46,44,12,21,32,27,36,42,35,27,12,45,17,41,11,49,31,43,12,23,30,39,24,40,48,37,35,22,15,42,43,26,17,46,36,41,41,14,11,22,23,49
21,33,12,22,37,43,23,12,37,47,45,49,29,43,27,12,29,45,37,12,25,19,11,26,37,26,11,16,27,35,18,13,17,23,13,30,41,43,15,43,33,20,34,41,19,43,41,28,20,49,45,24,26,31,50,16,37,19,37,19,35,47,43,26,38,14,45,36,46,10,29,19,49,35,34,43,33,12,40,37,16,50,39,11,28,40,10,18,20,28,27,45,16,36,22,15,50,46,48,11,31,14,41,27,21,38,25,13,18,34,25,26,39,26,19,13,31,19,24,41,11,20,42,21,40,33,48,17,39,47,28,47,49,14,16,34,26,35,20,35,34,47,46,26,33,37,33,46,20,41,14,36,32,36,16,48,11,32,48,10,20,48,10,38,14,18,25,24,15,28,38,35,20,49,43,22,26,11,44,29,40,14,44,42,41,44,11,48,16,23,24,45,43,43,19,37,44,21,43,30,17,31,49,25,15,41,32,23,44,49,12,50,13,42,43,30,20,36,48,35,36,25,11,11,24,21,47,12,14,42,21,45,22,26,21,17,39,12,39,32,34,14,37,20,42,14,14,22,15,31,46,25,45,31,21,27,41,27,20,26,34,36,33,20,22,42,46,11,22,12,17,34,24,26,18,44,23,42,41,17,20,17,33,35,28,43,42,16,42,37,30,39,28,13,40,39,15,41,13,36,12,12,30,22,35,50,48,17,36,48,48,35,28,11,23,33,36,29,28,20,41,47,25,30,17,35,26,22,13,28,50,46,36,16,14,27,34,40,46,22,25,43,15,40,23,29,23,47,16,16,31,37,23,20,14,27,31,21,48,11,49,50,19,48,35,38,22,36,16,49,37,48,18,22,49,28,43,46,17,16,34,38,23,17,46,37,12,39,21,49,15,11,33,11,15,26,49,24,38,49,11,47,44,10,20,11,20,23,20,23,21,19,36,29,31,34,40,12,21,26,17,42,13,45,11,15,41,48,33,23,38,15,12,24,44,10,40,48,22,19,32,44,34,36,42,44,21,26,13,29,15,11,40,44,21,49,48,40,12,32,43,14,24,10,43,36,24,30,23,50,31,28,44,29,43,35,39,26,21,20,12,14,41,26,21,34,42,29,31,18,27,46,16,47,39,40,43,30,48,32,38,23,29,31,16,40,16,47,14,46,12,28,42,25,32,12,31,19,21,19,43,40,26,29,13,49,21,11,36,16,47,23,21,32,13,49,37,23,28,20,26,46,14,41,11,35,47,36,39,22,15,48,24,40,38,39,13,43,19,17,20,11,14,28,30,24,46,22,11,36,47,19,50,37,25,48,20,18,20,32,48,37,21,13,15,19,37,42,30,28,43,12,20,36,14,26,20,49,18,29,14,34,12,36,18,39,42,15,33,16,49,39,39,50,34,29,26,36,20,43,16,27,32,21,46,15,12,30,50,10,41,46,23,15,38,46,23,14,10,20,50,33,11,16,50,37,31,10,15,37,37,40,14,14,25,50,13,35,23,24,31,22,24,11,41,11,41,19,16,44,24,47,41,26,39,25,45,14,12,21,40,24,20,19,19,45,17,12,18,22,38,27,38,23,22,41,11,13,12,44,11,18,29,35,45,50,47,48,11,16,13,25,15,24,21,28,32,19,20,38,24,45,37,19,36,14,30,28,40,23,35,49,19,23,20,33,50,12,37,43,42,16,35,40,49,28,38,19,46,33,38,48,31,34,24,38,20,30,44,37,38,42,37,13,22,40,30,32,49,48,43,33,21,47,16,13,12,37,41,32,16,41,28,38,44,20,16,46,43,34,33,27,35,16,33,17,40,27,31,23
20,36,22,33,37,44,30,45,43,45,49,42,37,42,32,36,14,28,14,15,23,38,41,11,16,18,50,13,42,36,11,25,40,24,47,45,28,25,28,39,31,15,16,31,22,24,14,44,47,47,44,47,39,20,22,45,27,26,13,23,17,44,26,27,32,45,17,43,14,29,33,44,44,38,39,33,30,26,46,46,23,13,24,14,38,33,44,28,34,43,39,28,24,49,39,38,16,22,48,50,41,46,41,29,44,30,33,28,43,23,15,12,24,36,32,14,18,47,45,45,17,24,26,48,24,24,33,31,10,47,40,38,47,16,32,41,21,43,23,12,13,13,28,28,29,23,11,36,11,30,18,17,48,30,30,40,22,12,23,13,37,25,12,27,22,47,23,17,14,38,13,12,21,15,22,42,17,33,18,48,16,32,22,48,41,42,11,49,21,22,13,27,13,34,27,49,38,35,19,37,46,24,17,18,34,27,12,31,43,49,35,42,42,22,16,39,29,42,26,43,35,13,22,36,30,17,20,36,17,31,43,44,35,12,46,31,41,16,33,31,34,47,46,13,20,14,34,32,31,13,43,17,43,31,11,32,43,20,23,21,32,30,17,35,28,31,26,24,28,18,50,11,46,11,12,34,20,11,16,37,28,48,29,35,40,25,40,31,34,39,21,41,48,29,28,49,10,12,14,34,18,25,12,48,18,45,13,28,20,41,40,29,15,15,16,28,31,21,40,12,20,49,11,36,37,26,40,44,10,45,29,16,23,26,31,22,18,46,21,24,28,30,11,43,22,14,50,22,13,14,32,38,30,47,46,25,46,20,24,37,27,47,17,24,21,46,10,24,46,19,28,18,49,47,28,33,19,30,49,21,41,14,25,32,14,25,44,25,13,34,37,46,49,45,34,15,15,22,21,29,43,50,10,18,12,14,38,21,47,15,14,11,10,40,50,27,15,48,26,32,44,14,11,33,28,29,17,18,27,21,22,22,45,15,10,41,44,13,34,30,28,23,10,36,49,28,17,16,24,13,11,38,17,36,50,17,42,27,16,13,27,11,23,48,24,43,14,43,38,37,17,35,26,43,44,26,40,44,14,31,34,43,14,23,12,20,15,25,16,18,44,44,38,38,47,43,32,17,34,13,21,29,25,33,38,15,32,38,41,46,15,28,33,44,38,18,17,24,34,26,12,18,27,43,36,21,42,21,46,17,27,17,13,19,13,46,23,33,18,22,41,30,29,38,36,25,40,33,32,20,27,15,47,42,38,15,26,26,32,29,21,17,44,10,10,28,44,16,45,18,15,22,16,34,44,24,27,12,30,21,35,40,43,26,34,22,29,36,23,15,47,32,14,17,38,29,48,28,47,32,26,18,31,12,38,29,39,41,16,22,36,24,10,15,11,11,31,18,24,42,46,15,45,44,17,24,16,46,32,48,24,20,42,31,24,43,20,19,13,26,18,34,25,49,41,27,34,48,14,19,42,24,18,31,42,36,49,24,39,35,45,25,27,15,28,24,46,19,40,33,48,48,12,15,42,46,16,30,19,40,19,33,13,40,28,27,45,48,30,15,35,23,41,43,46,20,16,45,38,23,47,44,14,24,19,30,18,14,18,34,41,16,24,45,28,17,46,31,44,30,25,46,42,19,14,18,17,24,48,14,33,36,36,23,35,34,23,47,28,31,28,32,13,48,14,41,49,22,37,43,15,39,39,21,20,17,41,22,11,15,43,34,33,23,16,41,16,28,31,36,44,34,45,22,16,29,27,22,36,22,22,40,30,29,13,50,46,11,20,27,35,49,41,34,30,27,32,37,27,25
48,17,36,41,40,37,14,35,12,45,35,34,49,12,14,42,10,17,39,24,42,29,48,23,40,11,13,19,16,15,25,43,36,44,40,13,18,39,13,16,34,16,21,46,16,10,35,17,25,41,19,36,33,33,27,42,47,46,46,20,33,30,17,47,22,36,48,40,24,14,44,24,36,27,33,27,39,32,16,18,12,32,39,10,44,39,25,22,27,46,39,43,24,13,38,34,48,20,23,36,33,18,30,31,16,35,25,23,35,41,22,18,26,39,26,17,41,33,37,27,49,24,29,35,32,32,32,44,30,39,28,35,20,27,24,23,48,16,37,25,29,30,36,14,14,47,43,12,37,37,11,16,17,15,41,22,19,24,31,34,20,40,12,39,21,45,46,38,38,27,35,32,27,31,23,48,13,32,30,28,45,19,23,12,27,24,47,43,32,12,45,48,47,39,35,36,48,42,16,23,49,40,49,49,38,23,24,16,45,32,27,41,16,33,45,45,42,25,39,39,20,29,27,34,32,28,47,32,47,35,47,29,34,14,16,27,32,31,34,44,32,28,31,45,20,24,23,34,33,15,18,15,35,11,16,22,26,43,46,45,45,28,24,20,17,18,50,24,40,44,47,25,22,33,22,33,16,11,40,41,29,23,47,13,29,37,37,14,22,24,27,30,24,19,39,24,39,39,48,30,29,40,23,42,36,12,42,49,27,49,48,27,42,34,26,40,39,22,13,32,27,47,11,32,16,45,37,10,22,47,22,25,31,11,16,49,35,39,26,27,11,24,43,15,36,39,32,41,27,25,45,11,44,44,20,13,29,19,23,46,45,37,22,36,43,29,27,48,29,43,24,46,12,35,24,18,25,30,35,38,35,13,10,30,28,27,16,34,32,17,36,40,33,32,31,12,45,13,37,15,13,37,32,13,12,20,35,11,14,41,17,31,12,34,30,15,11,50,29,43,19,45,33,10,29,13,45,27,13,40,20,27,47,44,12,25,22,29,23,16,28,29,18,21,12,21,32,16,21,11,32,37,17,14,20,38,31,19,49,45,15,45,39,26,45,44,21,41,24,12,15,50,33,33,33,45,33,30,48,18,28,35,17,11,48,14,30,50,40,10,30,14,31,11,33,37,49,43,38,47,17,35,39,14,11,26,13,39,34,16,19,14,11,43,45,46,47,37,26,24,38,21,26,28,39,18,40,22,41,12,12,36,39,26,34,33,42,47,43,18,36,44,31,49,14,39,41,26,23,31,13,19,43,18,38,32,15,29,50,27,44,22,46,10,43,25,17,33,29,36,17,29,15,13,36,16,26,39,25,37,10,41,40,17,26,49,50,11,25,17,15,29,13,30,38,31,12,45,14,15,29,33,33,44,42,22,27,13,16,14,35,14,30,35,13,41,20,17,28,27,24,41,18,49,19,25,14,14,11,35,36,33,49,18,17,18,47,15,38,47,44,47,39,49,47,44,18,14,46,27,20,22,44,36,38,42,33,28,34,10,41,43,31,40,24,44,30,16,23,22,46,19,12,36,33,18,35,23,39,27,11,29,45,43,49,20,27,44,23,49,47,39,36,20,48,44,44,31,25,39,40,19,29,12,30,11,38,36,27,36,22,25,23,34,32,16,11,28,19,14,35,49,43,24,18,36,14,31,17,29,10,40,35,31,34,30,28,39,48,40,44,39,17,40,14,14,18,28,25,30,27,12,40,27,39,32,32,22,39,24,40,21,21,19,39,23,11,12,20,36,17,29,43,18,19,45,26,34,45,33,33,31,39,23,37,48,45,22,36,43,15,20,16,21,31,46,33,19,30,44
23,22,25,25,48,20,41,45,22,18,40,40,44,25,22,37,11,17,18,48,23,29,32,16,27,24,27,27,23,28,38,49,36,40,38,30,48,45,39,45,17,42,28,20,50,29,30,46,25,37,46,15,22,40,47,35,20,39,38,32,44,36,16,26,46,29,22,18,19,16,10,34,42,33,25,39,37,32,47,35,48,29,30,23,31,33,42,39,35,22,28,22,33,21,40,19,11,27,19,12,37,33,31,44,47,22,16,41,49,40,19,49,30,13,18,37,25,40,41,13,41,23,49,49,16,19,12,30,46,48,38,33,41,41,43,45,43,12,20,41,48,35,12,22,20,11,34,32,10,19,46,11,33,15,23,34,36,25,41,11,23,26,22,28,25,44,18,28,37,31,19,32,19,41,12,46,41,35,42,20,16,19,17,11,48,33,18,34,16,30,13,29,34,41,28,48,14,42,25,15,48,14,36,45,17,27,36,35,30,20,38,13,16,12,39,23,27,20,39,46,27,21,19,45,32,15,22,28,32,19,27,27,28,19,24,47,44,15,43,23,27,24,11,11,37,46,42,42,38,14,38,36,24,39,17,29,34,34,18,44,19,15,47,32,26,30,37,12,49,42,20,31,43,48,49,17,32,34,34,25,30,38,11,17,15,10,11,14,33,16,38,14,18,49,16,19,21,33,37,12,32,24,15,31,15,11,25,24,15,45,44,47,48,41,13,18,28,48,29,17,13,38,19,42,29,48,11,27,20,27,15,38,38,14,47,43,30,30,50,27,46,46,49,10,18,32,16,44,19,47,29,21,42,10,35,19,20,22,11,35,45,16,30,27,37,16,47,38,25,31,18,21,24,41,25,17,28,14,43,46,35,12,49,42,26,11,31,28,14,25,20,50,29,13,15,45,14,44,27,15,19,47,41,14,38,36,32,33,28,31,31,48,30,44,40,28,43,17,15,32,28,23,46,40,23,10,18,48,29,13,17,46,37,17,11,46,21,35,47,40,23,17,11,30,47,47,23,15,45,37,40,15,25,34,35,32,35,33,35,31,13,40,39,14,26,37,29,27,39,28,34,43,18,19,15,13,26,39,34,33,14,18,47,29,43,49,39,17,46,44,49,44,16,14,16,13,21,18,14,35,18,31,16,30,27,17,28,17,18,22,19,39,40,21,12,38,36,36,45,32,32,12,11,40,20,43,15,36,11,10,22,31,30,43,22,35,32,50,25,37,42,17,12,49,39,33,12,13,42,40,10,13,35,29,23,18,14,44,47,22,43,10,38,11,20,15,26,26,18,45,36,15,26,17,41,39,45,14,40,31,40,38,15,26,15,31,41,18,38,15,48,16,13,17,49,13,30,41,27,24,16,42,45,45,44,21,35,27,32,33,30,43,31,48,19,30,50,13,41,45,28,11,29,34,19,25,39,36,12,25,23,31,29,37,39,50,27,40,11,39,11,19,35,41,46,37,43,22,25,27,38,20,28,19,25,39,12,12,41,22,28,11,34,20,30,22,30,16,13,49,33,22,35,23,26,29,37,12,39,19,29,47,35,25,48,47,16,16,20,22,42,49,11,47,35,17,35,35,13,24,35,22,12,21,34,33,35,46,43,20,47,50,38,14,33,20,31,12,38,12,50,36,22,26,21,33,16,43,12,31,21,34,26,42,16,17,48,44,17,50,47,33,32,17,38,45,28,46,48,36,46,32,42,32,19,28,35,32,17,40,18,43,23,37,19,19,40,23,41,30,33,25,20,13,41,28,14,32,37,39,42,17,24,32,37,38,28,20,38,39,42,42,16,42,31,32,33,34,27,16
13,19,19,14,49,13,17,30,46,44,30,23,45,37,50,39,21,33,26,11,29,25,13,23,28,28,35,34,31,45,17,43,49,26,43,30,46,37,29,37,37,50,25,42,21,14,29,33,34,16,45,34,23,16,27,17,43,38,12,22,41,42,37,31,42,48,23,40,34,29,45,28,31,48,36,21,10,14,43,39,36,49,35,16,22,43,24,25,49,10,22,49,14,47,17,43,26,20,29,15,17,31,11,49,31,30,11,28,22,29,25,44,14,11,22,31,20,41,35,49,32,29,36,39,21,23,16,40,46,11,13,42,18,27,31,42,15,33,29,35,46,42,33,23,28,44,42,19,36,44,34,43,29,32,47,40,14,36,40,22,13,38,21,36,47,47,14,26,38,31,31,18,17,31,47,19,42,29,39,12,43,45,39,16,28,19,41,18,14,13,19,46,19,11,21,44,19,28,46,33,26,32,16,45,23,21,23,44,30,49,47,39,44,18,34,37,21,19,46,20,43,41,42,26,25,18,47,29,15,30,19,21,38,39,12,44,44,44,29,17,42,19,18,23,36,20,32,31,13,15,24,42,21,31,15,42,24,20,34,37,10,13,20,15,44,28,22,25,49,35,45,36,37,19,18,31,44,32,18,29,15,24,45,20,35,14,30,21,41,42,30,20,49,46,25,35,38,44,37,36,29,42,46,36,40,42,26,25,40,43,22,37,22,14,29,42,19,15,23,34,20,37,11,18,39,35,43,49,47,11,34,18,39,26,13,23,26,32,14,39,41,32,29,26,13,28,45,18,32,20,31,47,18,49,26,36,10,43,33,36,49,14,10,26,47,36,25,14,32,45,16,31,32,14,41,12,39,48,17,13,44,25,33,23,23,12,18,33,27,15,45,39,11,35,17,47,30,28,33,49,50,36,15,43,12,13,10,36,10,34,15,46,33,23,43,47,28,48,38,17,38,47,26,23,46,42,32,49,20,41,13,40,18,49,12,19,45,41,16,22,16,14,36,28,47,34,19,48,28,33,49,10,47,24,43,42,22,48,19,23,41,28,23,33,39,28,45,28,47,19,42,15,41,14,31,49,24,19,40,42,41,42,23,44,39,14,48,16,25,48,33,39,34,32,28,31,38,39,14,43,41,38,46,29,14,28,39,22,43,47,46,47,37,45,24,43,20,11,38,27,47,29,21,19,12,20,21,27,25,39,36,29,26,18,18,20,13,46,24,27,27,17,49,37,34,26,48,37,20,24,12,16,28,42,39,36,49,41,39,17,49,39,22,42,41,21,27,37,25,42,32,47,12,31,31,27,34,30,10,49,17,47,13,35,41,38,44,15,14,20,39,24,46,29,20,23,21,33,41,21,39,43,27,22,33,42,23,46,46,36,15,21,21,46,16,28,49,24,46,16,12,29,19,36,21,46,39,43,38,39,40,24,36,40,14,32,12,44,25,32,25,50,44,22,16,44,19,44,39,47,20,13,22,25,29,16,18,35,29,25,27,39,37,12,13,16,49,12,44,20,40,45,26,40,15,49,17,43,17,38,42,16,26,23,44,21,12,21,33,44,12,14,46,23,13,17,47,34,43,36,47,44,25,46,16,28,45,42,29,16,12,48,46,33,47,18,22,19,32,13,46,25,11,11,49,36,47,38,28,41,24,18,27,33,17,13,23,31,20,36,49,50,10,40,29,19,14,46,38,12,24,18,37,21,31,39,40,50,18,32,50,13,11,17,18,31,44,40,37,29,10,19,32,15,31,19,48,40,21,15,14,39,46,10,40,16,33,20,23,19,34,20,14,41,31,37,32,40,16,33
31,18,23,41,32,12,34,49,33,37,18,11,18,16,21,33,49,13,23,27,26,33,41,38,21,14,37,23,23,25,27,38,37,12,25,27,33,49,28,21,36,48,35,36,43,29,11,43,29,16,18,42,35,40,32,17,29,14,35,46,23,49,42,42,20,37,47,38,31,17,46,45,11,44,47,16,15,17,31,10,49,16,35,24,12,31,21,14,50,38,39,44,15,38,31,28,49,42,11,19,33,23,34,41,45,29,19,21,34,15,36,18,25,32,19,25,14,39,38,24,15,32,22,45,36,39,13,16,48,48,29,26,14,48,46,22,43,40,35,23,49,23,14,26,20,36,39,12,13,47,48,23,29,25,24,29,24,35,43,43,35,43,45,12,44,34,22,16,37,22,18,32,39,23,28,46,37,10,47,16,11,17,42,26,18,49,31,29,40,32,26,24,45,18,18,36,24,39,32,39,46,35,45,23,37,23,37,23,25,37,50,11,27,13,21,40,38,26,22,20,19,37,28,12,43,42,30,38,39,43,17,34,23,24,36,41,12,49,35,49,38,38,31,17,30,17,31,28,33,19,49,42,32,47,39,27,49,17,14,27,36,13,19,27,40,40,31,14,44,12,20,26,24,31,41,35,48,30,24,28,31,37,28,39,34,35,15,13,28,34,11,37,25,36,33,24,25,29,41,24,35,50,35,41,43,10,49,30,36,17,32,19,21,44,44,14,39,39,37,37,28,40,37,48,34,26,25,35,47,37,36,29,46,30,20,21,24,27,32,19,23,34,33,20,43,30,35,36,45,27,35,15,23,30,38,14,12,40,40,40,41,10,48,36,44,35,11,31,34,30,26,25,34,21,45,16,20,20,29,29,36,44,18,38,14,41,16,17,47,47,12,14,18,29,21,40,12,32,37,44,33,36,49,40,46,29,30,40,16,36,11,18,35,19,15,44,42,38,35,46,44,14,37,34,17,45,45,13,26,47,18,20,42,16,21,28,14,25,29,49,31,11,44,15,36,22,46,25,40,21,19,45,44,27,12,42,13,48,12,39,29,27,32,35,40,48,14,20,42,35,18,21,27,32,35,39,20,18,43,36,21,42,38,19,27,11,15,31,22,37,31,33,20,31,31,38,17,48,37,19,18,31,46,42,46,33,22,22,41,36,48,22,19,43,26,31,29,21,26,31,30,28,38,18,32,40,37,20,45,12,35,44,12,32,42,47,22,32,41,15,47,48,26,32,25,17,12,15,33,13,40,39,11,46,39,43,27,16,36,18,23,41,22,31,12,50,29,14,35,19,30,44,18,12,17,44,44,41,18,14,38,47,24,49,34,13,22,32,32,46,24,41,13,41,30,29,17,50,32,34,22,22,13,44,35,19,49,30,34,45,13,15,28,33,42,33,13,26,23,27,32,19,18,22,28,20,25,48,38,42,15,20,44,34,32,45,38,22,32,14,12,46,34,32,35,50,13,38,13,13,31,40,28,19,50,28,30,22,30,14,19,31,19,36,19,21,30,33,38,15,27,19,30,43,26,36,34,26,41,38,45,15,28,20,42,17,43,15,37,25,43,36,31,23,26,14,42,18,27,13,20,30,35,37,19,30,11,20,20,21,34,13,43,41,19,35,23,11,32,48,22,22,39,44,36,11,39,26,12,34,28,36,47,14,37,14,46,10,20,19,32,16,24,19,37,39,44,48,22,25,36,13,33,44,22,48,42,28,42,18,46,44,43,32,47,44,46,31,17,45,40,31,41,41,33,28,19,45,28,19,45,40,46,24,13,19,37,14,21,41,18,20,42,40,38,42,13,45,19,36
13,21,46,48,28,42,50,11,12,42,44,32,47,17,47,27,41,16,28,20,26,27,13,40,39,40,19,31,31,37,16,26,17,29,15,27,34,16,11,19,32,15,34,46,24,27,35,41,47,38,11,43,45,19,15,33,28,46,17,22,13,27,21,23,19,42,39,41,18,50,16,39,17,25,46,14,45,41,36,14,18,11,42,30,15,22,35,39,16,46,19,40,29,41,39,31,45,27,16,28,35,15,19,26,43,13,43,39,18,36,11,23,34,40,11,50,29,43,15,23,26,47,26,26,12,33,40,16,30,20,26,28,32,38,20,16,34,47,23,16,37,10,35,19,11,29,14,42,46,16,15,50,50,39,45,50,16,47,26,28,35,36,25,39,20,23,12,19,17,46,36,23,11,44,23,41,30,25,27,36,36,36,48,45,44,35,24,31,22,44,16,18,49,29,39,23,34,11,10,17,34,36,49,13,13,18,34,21,31,21,28,44,49,28,22,17,15,11,48,16,49,25,16,36,24,50,27,34,28,11,24,49,13,41,45,33,16,16,14,42,18,41,20,35,22,11,24,41,12,14,29,36,25,22,42,38,25,11,21,49,11,11,35,48,44,14,44,30,39,40,31,45,17,37,31,27,28,45,31,29,35,13,42,40,44,26,48,48,17,49,24,39,46,14,24,44,40,38,28,41,21,11,24,23,15,17,30,12,32,38,11,13,23,37,45,37,28,20,19,45,10,44,17,23,22,33,34,44,46,34,30,11,36,44,11,36,17,46,45,15,27,47,35,43,25,49,20,45,41,27,15,17,22,21,20,45,20,17,18,19,45,13,35,26,49,30,16,40,18,49,32,13,22,18,44,34,24,41,24,41,12,38,23,20,28,39,37,40,16,18,37,41,24,42,31,12,34,19,16,22,43,16,48,21,20,11,32,21,24,44,31,40,27,44,18,29,14,30,11,11,25,40,14,33,25,21,33,46,46,26,31,33,35,29,27,46,42,17,46,17,28,17,44,28,28,38,12,23,45,42,24,38,21,33,34,28,38,22,31,46,42,26,49,17,47,34,27,10,13,24,37,14,26,20,23,34,31,40,40,39,37,21,33,10,38,11,45,31,32,31,27,32,45,20,49,28,47,29,45,37,31,24,28,11,35,40,20,15,40,16,37,30,18,40,16,25,45,37,33,18,36,31,15,15,25,17,30,11,40,48,15,22,27,49,37,31,40,47,11,46,16,34,28,47,30,32,15,46,23,12,23,17,45,14,48,37,48,31,28,35,12,17,35,18,16,40,23,18,43,42,43,31,15,47,50,34,49,22,37,21,13,47,49,40,23,20,16,13,47,50,43,26,37,28,31,34,16,24,12,14,19,27,34,11,39,46,30,36,19,42,33,22,15,42,13,17,42,45,39,35,14,38,27,34,18,14,11,30,17,44,40,37,16,39,44,15,11,48,18,22,39,33,17,43,39,48,42,30,36,15,18,27,38,12,18,15,48,30,34,25,49,31,45,26,31,28,42,32,30,13,48,38,43,50,43,38,17,19,25,14,41,12,15,41,48,27,27,21,13,45,40,24,11,49,45,16,41,25,49,22,16,21,27,37,46,11,44,45,33,17,16,22,49,48,31,13,23,32,20,16,21,33,41,21,14,47,18,17,14,22,20,31,23,23,15,11,32,35,21,44,46,38,25,30,30,47,18,30,34,17,46,45,18,28,36,49,15,35,28,12,12,42,48,20,32,12,28,15,48,49,47,34,15,20,43,31,29,16,29,46,13,13,11,34,29,26,41,20,45,36,17,39,12,15,21,25,16,20,36,41
47,22,28,35,33,26,22,46,22,25,34,37,41,21,24,30,17,26,22,27,41,37,42,18,24,19,16,12,30,19,14,25,50,13,21,42,48,34,23,13,29,26,21,27,40,17,32,47,35,18,29,17,18,36,26,22,37,44,50,42,36,24,15,18,35,29,21,11,12,47,49,41,25,48,13,25,37,36,42,40,25,45,19,41,11,47,10,19,12,41,23,21,11,18,18,33,39,21,19,36,18,46,22,40,14,14,39,48,16,31,46,27,12,12,31,11,24,30,21,38,38,29,31,49,11,25,15,32,49,38,45,49,19,38,42,16,39,44,41,46,45,40,19,29,14,23,47,15,31,42,45,33,15,31,13,28,31,31,31,17,32,31,15,47,38,37,14,27,28,35,44,27,46,17,19,11,45,43,12,38,32,27,24,21,29,41,22,13,34,38,36,42,40,47,34,49,38,33,24,39,48,17,47,33,14,37,32,31,24,16,32,32,45,45,12,28,43,47,25,36,42,48,19,22,46,37,31,20,36,17,40,15,25,34,43,47,18,38,22,40,28,32,46,36,21,26,26,15,24,35,25,21,38,35,22,35,15,21,40,12,25,20,22,34,47,27,42,48,50,45,18,43,38,37,50,21,44,42,13,49,30,47,39,22,21,45,10,30,18,27,24,31,36,25,18,48,20,29,25,21,49,30,43,45,47,27,30,44,26,42,28,45,42,12,34,17,41,39,33,15,37,19,25,28,35,14,29,42,22,39,38,24,47,19,38,46,43,23,48,19,20,39,28,40,18,34,29,16,13,24,11,37,31,46,15,11,18,24,12,31,45,31,27,26,16,25,24,11,42,41,37,35,14,29,11,22,21,48,31,10,18,32,42,36,24,12,32,35,20,39,26,49,30,10,35,27,12,46,36,28,44,21,45,12,47,42,49,48,23,18,43,46,41,40,39,28,13,50,41,45,13,36,24,40,47,31,17,45,41,25,22,37,42,19,13,19,18,50,15,35,33,49,20,19,11,31,36,18,20,45,35,47,23,42,33,28,36,35,22,32,36,26,49,22,47,38,18,27,46,26,46,27,40,13,21,26,30,36,11,38,47,37,50,29,22,24,12,34,32,33,33,29,26,10,20,50,49,24,32,42,35,49,29,42,46,43,23,48,12,41,44,35,30,41,20,22,37,48,12,18,11,26,14,37,27,11,16,26,31,48,34,20,14,29,21,39,31,14,41,21,37,14,12,18,46,10,39,13,14,35,26,42,39,16,17,24,43,14,43,38,20,38,23,25,24,17,37,48,31,22,37,13,13,32,48,47,50,13,23,24,12,32,20,23,38,19,46,17,14,10,40,40,30,46,43,36,46,50,20,11,24,15,36,46,45,31,23,22,42,13,33,16,17,16,29,12,27,18,17,27,13,20,19,35,47,21,40,16,18,12,27,11,22,45,16,24,33,38,12,45,16,36,19,18,41,45,17,21,21,26,45,22,11,13,39,40,42,50,16,19,46,26,34,32,48,33,18,19,28,12,24,48,44,36,42,16,18,49,27,18,10,14,45,31,18,34,18,29,25,20,39,28,23,42,47,17,30,14,24,43,16,14,12,45,23,12,24,23,47,26,27,13,24,32,47,35,30,19,29,31,44,12,39,34,49,34,24,40,29,46,48,46,22,11,37,14,32,37,49,12,24,32,41,17,15,44,26,19,43,19,35,26,22,34,13,40,46,35,37,50,32,44,26,44,26,43,42,30,30,24,15,39,48,49,16,26,44,38,35,43,30,13,49,29,41,43,43,45,15,37,26,25,17,49,14,20,16,14,36,31
39,16,22,13,12,14,11,35,11,32,35,35,48,18,13,19,49,24,42,16,44,36,38,17,31,21,14,28,11,45,14,36,42,12,47,26,45,29,40,44,29,17,31,12,34,45,37,18,39,27,12,41,39,37,37,33,42,23,27,11,35,43,41,26,45,35,12,44,11,40,45,24,23,26,12,18,45,36,23,47,27,28,47,17,31,27,34,13,21,38,21,45,46,22,23,19,26,35,45,38,25,44,34,32,50,27,50,34,32,31,35,24,17,48,40,36,39,49,41,27,21,46,27,20,48,15,12,50,34,44,34,16,22,39,14,25,24,42,19,20,43,17,42,15,34,10,19,17,29,16,11,14,37,37,23,18,21,44,24,10,42,19,20,15,24,30,14,31,45,33,46,25,24,48,34,43,41,39,24,13,19,26,40,38,24,40,25,23,40,11,37,23,38,11,33,15,22,23,46,25,42,16,36,28,45,28,33,42,29,35,20,41,48,41,16,21,44,24,40,43,19,38,15,18,39,45,38,20,46,11,40,11,30,15,23,23,45,44,37,18,43,47,27,18,48,18,28,14,15,42,12,31,42,11,16,39,29,47,36,40,45,32,25,44,18,46,14,35,16,41,18,16,14,18,45,38,28,21,25,46,41,14,49,32,17,49,22,42,22,24,33,21,15,47,30,17,35,27,27,39,21,15,16,28,49,32,42,18,44,30,17,24,34,43,34,36,25,21,14,27,47,21,27,49,21,46,28,42,40,20,20,23,11,20,26,38,11,46,10,40,32,20,32,11,37,26,48,13,16,26,21,21,22,27,21,47,39,19,26,24,38,24,11,45,33,41,13,21,33,16,27,43,12,47,20,33,21,49,15,25,30,42,15,43,17,43,38,42,20,26,50,18,28,43,22,47,45,12,49,48,29,43,25,22,14,36,23,17,24,18,44,23,17,49,45,39,21,39,31,21,27,33,16,22,26,21,42,35,30,40,21,11,11,36,24,11,32,23,49,16,15,42,14,36,21,26,36,17,28,27,20,13,30,22,38,15,49,31,16,27,25,37,43,44,48,20,20,39,40,27,49,25,47,24,15,36,43,15,22,40,21,33,41,48,28,17,25,22,15,49,38,38,39,30,13,41,31,20,21,24,30,24,40,30,28,27,46,41,33,18,43,47,16,29,20,17,46,43,12,28,50,30,21,42,10,23,27,36,22,18,26,22,49,11,20,23,22,24,25,21,11,21,10,31,49,20,21,22,21,15,25,25,40,22,26,49,26,20,33,28,22,19,10,36,49,34,36,35,33,19,40,30,13,24,46,23,39,45,10,22,37,43,45,24,34,18,26,16,11,12,47,24,49,14,27,44,24,44,22,13,18,44,27,12,44,36,14,19,43,33,28,40,42,19,41,16,46,39,33,22,47,24,33,34,33,27,15,49,16,14,27,46,48,49,23,39,24,32,38,12,16,19,22,11,13,17,46,19,16,23,11,46,21,31,14,19,24,32,46,20,20,44,36,33,12,35,46,26,32,28,34,30,29,27,46,32,48,32,25,13,42,36,11,44,28,48,40,18,13,22,25,46,34,43,22,27,48,19,38,39,28,15,32,45,14,48,38,29,30,13,32,24,28,15,24,26,48,18,22,17,35,14,29,48,27,31,15,40,27,18,44,45,18,45,25,25,15,24,34,18,21,20,44,37,46,16,22,49,27,35,26,44,27,45,30,13,49,16,20,23,22,17,23,38,11,46,48,14,21,40,28,25,45,27,27,47,14,41,27,27,48,29,30,27,28,33,28,48,37,30,15,42,39,47,21,31,36,35,16,37
46,25,12,22,46,17,19,16,21,36,40,39,38,20,37,33,35,28,30,36,32,25,32,29,31,35,47,22,22,32,12,47,25,13,29,29,49,29,26,19,32,21,24,41,18,43,27,20,18,39,38,24,28,37,17,35,22,49,47,11,50,28,45,25,14,34,17,28,16,31,35,26,47,31,31,17,26,17,15,16,11,49,48,13,31,35,24,25,25,23,20,37,38,28,34,33,27,32,19,24,44,22,30,20,42,47,46,39,43,15,31,17,47,37,25,41,14,30,33,15,47,21,30,38,19,33,44,20,11,27,11,26,22,18,47,11,48,43,37,43,27,31,43,43,13,47,46,13,46,17,41,16,19,31,18,49,17,25,20,36,25,16,24,42,44,45,17,46,18,43,32,34,13,20,37,35,18,16,46,44,26,36,38,37,42,31,45,36,36,23,28,36,45,35,33,26,49,28,10,17,30,35,48,47,15,33,29,45,28,34,27,13,39,35,15,29,20,40,50,26,28,24,27,16,41,16,49,10,20,21,29,34,18,48,16,36,43,31,23,14,47,13,12,26,20,18,40,20,49,14,19,36,10,49,29,49,49,42,48,14,19,34,13,11,17,31,19,11,31,31,41,27,29,45,28,25,32,26,21,23,45,32,23,13,17,11,25,30,32,33,36,32,14,16,17,35,37,45,28,46,17,32,45,19,18,49,36,12,39,34,45,44,35,17,48,48,10,32,12,47,10,42,14,41,23,26,38,41,11,40,44,17,25,35,22,44,50,34,15,28,46,23,27,35,34,13,38,47,21,18,13,46,37,47,18,15,23,33,27,21,42,38,31,34,45,22,41,28,37,40,16,13,35,23,11,17,24,49,44,35,45,11,18,24,25,13,37,19,35,48,32,27,47,11,28,27,38,10,35,42,16,41,41,49,18,28,20,39,11,42,49,20,46,47,49,48,42,31,50,34,18,34,11,30,15,25,25,38,31,12,46,49,24,24,18,39,46,27,18,49,41,15,36,26,18,11,45,38,47,21,44,30,17,29,38,32,41,27,20,27,22,15,32,41,11,33,20,37,13,39,37,50,23,27,41,36,39,37,11,14,26,31,38,32,35,37,49,31,28,47,47,13,24,23,35,19,45,17,26,47,42,17,38,18,10,20,23,18,37,21,46,42,19,41,27,25,18,45,23,41,30,48,40,37,31,17,16,28,26,24,21,44,44,40,15,24,41,24,24,14,28,23,23,18,50,31,50,22,12,44,38,28,36,18,38,42,13,35,48,35,34,33,14,47,25,40,21,34,21,47,31,16,23,14,31,49,38,40,48,14,35,22,38,13,30,37,28,42,32,49,39,40,22,45,28,23,13,43,21,28,17,32,39,29,27,27,12,16,14,19,35,17,50,44,45,26,47,24,37,36,12,44,15,17,48,48,34,13,48,31,13,43,38,26,14,18,42,39,42,29,48,32,14,32,34,32,46,45,15,44,12,14,48,25,33,17,24,23,26,21,10,22,35,38,13,15,26,35,34,12,49,45,36,22,45,49,13,25,49,14,16,16,32,46,45,37,50,35,15,49,33,14,28,48,38,16,16,21,46,18,37,38,27,21,40,18,41,41,38,17,50,29,22,25,25,39,47,48,43,15,28,49,18,28,26,46,16,17,44,47,37,44,12,37,35,16,24,34,34,25,49,50,42,18,25,46,46,31,18,28,33,28,23,34,23,20,38,19,13,22,36,22,22,42,30,41,29,34,12,46,32,32,24,38,38,19,38,33,22,23,33,41,12,46,19,43,27,45,22,23,39,16,12,36,38,19,35,43,14,36
45,21,23,13,33,32,45,40,29,22,41,38,19,26,43,15,20,33,36,36,29,22,27,12,11,30,18,44,20,15,26,17,34,24,36,49,45,34,22,47,25,26,17,27,37,11,48,50,35,31,30,31,41,29,19,20,11,24,37,26,36,21,32,12,31,28,32,29,23,35,13,25,41,20,44,37,22,28,31,44,28,32,47,49,13,35,11,32,32,45,13,12,45,42,12,18,23,18,18,44,15,43,36,42,48,20,30,28,18,11,27,11,18,35,17,32,24,15,43,29,38,49,40,50,24,14,46,36,19,42,24,25,35,12,36,50,22,34,14,42,31,24,41,29,26,45,11,31,14,16,40,11,46,33,12,46,50,32,47,48,29,48,12,32,44,42,25,31,37,22,47,42,33,25,29,27,41,37,47,24,19,35,42,28,15,22,37,47,17,12,33,32,12,50,21,40,38,42,23,26,18,13,26,49,36,27,19,18,35,16,43,10,36,35,44,22,17,50,42,40,27,35,40,40,39,33,17,27,39,16,36,20,26,42,13,19,40,49,37,24,41,48,35,24,33,26,48,32,35,38,20,30,38,39,12,13,46,31,23,37,16,15,44,16,22,38,22,43,40,44,39,12,25,17,10,48,32,16,49,45,25,45,27,38,27,28,17,17,42,18,49,47,12,15,26,21,36,15,49,32,39,40,13,29,22,43,30,12,47,11,30,26,40,41,25,36,44,50,42,29,48,44,43,49,47,26,42,50,38,35,31,37,21,22,14,35,21,13,34,16,23,12,23,27,38,24,24,44,25,29,43,14,19,36,16,10,17,14,20,32,21,39,18,20,41,36,32,13,43,39,25,29,14,34,38,28,14,50,18,18,16,25,23,17,43,35,12,18,11,30,32,36,29,41,45,15,14,24,44,46,39,15,30,30,15,31,17,40,17,49,33,18,27,43,22,41,48,33,19,50,12,36,37,44,49,15,28,16,49,26,11,35,40,41,31,15,16,34,27,45,29,33,25,24,46,43,23,25,22,46,40,23,50,46,34,50,36,17,34,24,35,25,22,12,48,18,15,16,20,18,40,38,19,35,30,47,47,12,41,32,15,41,10,27,31,19,43,20,18,16,48,26,19,42,19,43,25,30,39,11,45,36,20,31,45,38,43,21,31,12,42,22,23,50,25,35,22,17,45,14,26,29,29,25,33,15,26,28,42,11,28,20,36,21,19,17,22,18,13,11,11,24,29,40,21,31,32,40,35,26,40,12,38,27,19,13,35,44,47,48,14,17,19,15,34,33,13,27,21,14,17,47,18,28,29,13,42,49,20,14,38,35,25,29,11,22,18,39,41,48,43,29,31,34,46,46,40,18,42,48,40,42,33,46,14,42,34,25,10,31,24,29,20,49,23,24,44,33,17,49,19,14,18,24,10,25,39,45,42,29,21,34,41,47,48,14,39,10,42,19,27,45,30,36,44,29,31,31,44,50,41,36,29,22,40,17,44,21,42,31,29,13,22,32,12,19,21,39,40,15,33,45,15,36,13,42,22,35,32,26,22,46,28,27,19,47,46,20,25,25,43,28,42,30,13,24,40,44,31,21,43,26,42,11,15,14,46,33,30,44,45,24,48,49,40,37,44,45,48,22,25,16,31,14,30,41,45,25,36,40,40,49,12,47,22,50,29,34,25,19,25,35,32,20,20,30,29,49,12,34,13,32,42,48,49,46,34,13,39,35,44,18,38,21,35,35,37,44,35,38,37,26,24,49,11,20,12,13,34,13,25,24,48,47,11,41,28,20,22,28,22,25,12,15,34,41,11,27,24,43
20,26,48,40,42,47,28,13,40,25,14,15,17,19,45,11,28,33,12,49,38,19,25,48,32,29,40,23,49,18,28,29,33,45,25,21,21,14,32,17,46,35,20,45,19,38,31,18,18,22,13,44,22,33,42,41,35,31,33,46,17,43,12,33,21,44,45,13,11,45,14,21,25,16,16,50,16,17,35,11,38,19,18,23,24,27,27,32,23,50,40,10,35,32,10,17,13,43,48,42,40,37,11,30,44,46,48,15,37,43,17,14,43,48,30,33,49,42,12,34,36,30,37,17,22,26,17,22,21,18,16,19,30,18,12,37,15,38,45,21,14,13,10,27,32,38,20,46,26,25,29,27,14,27,19,18,38,38,12,42,32,29,36,34,44,22,24,24,40,27,46,23,27,48,10,17,45,17,44,21,13,19,33,23,48,43,41,24,29,47,23,40,27,22,42,24,28,44,40,13,19,14,16,30,27,41,21,26,18,22,23,37,43,21,39,22,30,22,40,41,36,14,46,16,42,26,40,18,43,36,39,50,50,38,29,22,38,46,11,34,26,25,43,33,34,45,45,46,22,29,18,26,38,27,18,42,30,31,45,48,41,37,29,16,42,19,13,34,35,36,24,44,43,19,48,22,12,21,50,41,21,24,19,12,42,21,21,12,48,28,49,30,13,33,46,17,28,48,20,45,39,40,38,48,44,23,45,23,20,21,36,24,10,45,40,28,49,48,35,31,12,38,34,45,35,42,19,47,32,38,18,34,31,32,37,20,11,39,26,18,31,47,48,20,13,34,48,17,40,39,12,27,25,47,14,24,10,26,37,24,23,37,14,42,45,23,11,14,23,46,22,26,37,29,29,35,33,37,49,49,35,13,45,14,49,28,35,35,15,23,40,34,20,42,22,40,33,47,23,17,14,33,47,44,15,42,30,27,28,36,39,30,28,40,39,49,29,38,35,43,45,22,45,34,17,39,43,50,24,24,13,20,47,28,18,43,28,33,43,32,10,14,37,31,23,38,11,44,29,29,41,45,20,14,34,13,12,30,18,27,26,30,27,23,35,12,28,49,38,34,17,19,39,28,44,33,22,25,15,39,26,46,25,30,30,49,22,14,47,50,37,21,17,25,23,41,38,41,49,47,21,41,26,27,50,12,39,24,17,22,15,13,39,26,42,13,37,28,26,20,36,26,27,26,32,21,43,17,28,30,28,27,20,24,15,42,36,30,30,24,29,21,11,18,17,12,34,14,44,27,10,46,27,31,41,34,47,16,49,42,33,23,44,41,23,42,13,13,12,30,48,25,32,30,38,33,48,22,45,33,47,37,18,21,48,39,48,22,35,46,38,13,36,37,21,40,37,35,44,39,35,34,49,11,36,12,27,28,31,47,16,20,42,39,12,13,27,26,17,13,17,32,24,29,32,23,40,50,34,25,46,28,33,39,40,15,27,36,21,30,25,36,46,50,35,24,16,35,42,24,46,31,22,36,20,30,10,36,30,38,19,35,30,13,46,33,14,44,48,34,37,19,37,24,41,37,27,39,35,28,25,45,36,18,35,36,39,31,12,10,45,11,27,28,39,44,16,22,42,31,17,11,43,44,36,46,32,44,49,31,20,31,37,35,23,35,25,42,21,45,43,29,23,30,30,40,14,32,36,30,27,39,13,49,45,43,37,45,49,13,30,12,46,47,12,36,45,30,47,33,34,12,21,14,17,41,12,30,22,30,17,36,41,18,11,37,19,11,49,11,15,19,21,12,41,16,27,43,39,33,35,43,26,14,16,18,16,34,23,43,13,25,42,42,32,44,30,46,38,25
34,25,20,33,26,13,45,49,47,23,29,29,12,26,35,19,14,36,18,42,16,42,19,45,40,34,22,17,17,41,30,18,16,10,38,45,16,48,17,44,25,30,31,16,28,35,35,39,14,29,47,42,37,26,14,16,31,35,43,49,43,46,18,27,33,50,29,32,43,18,49,28,47,18,11,27,43,26,40,14,27,36,45,42,39,36,48,34,25,25,31,17,22,17,16,44,40,31,23,49,32,14,31,22,44,40,38,31,40,25,39,29,14,29,46,36,31,10,11,44,24,20,17,29,20,27,35,46,43,46,11,44,36,19,20,25,22,14,37,24,42,32,40,11,41,35,18,12,16,47,16,41,32,49,46,36,33,41,13,16,44,50,41,33,43,25,14,12,14,33,36,25,47,48,38,48,40,22,11,24,26,42,29,30,25,15,42,44,26,29,38,34,21,36,24,47,25,14,22,35,44,36,34,22,20,41,25,40,48,39,15,23,26,23,40,18,18,42,48,42,23,13,19,47,10,14,33,32,33,33,39,41,47,14,19,26,42,15,12,30,39,42,42,35,43,25,19,14,42,40,29,13,15,26,46,22,44,32,20,47,35,21,41,25,47,41,15,48,36,41,26,21,35,41,33,11,25,21,47,21,14,11,20,42,34,19,13,49,45,35,19,13,28,27,17,12,26,47,16,46,24,16,10,43,16,15,30,18,39,44,33,24,23,12,14,49,43,17,20,49,35,36,40,30,34,29,16,21,41,15,40,24,28,23,42,34,11,14,32,35,36,49,21,43,43,19,47,13,35,37,33,40,20,12,21,46,26,13,27,14,48,21,10,47,49,47,27,10,50,45,18,24,45,12,34,46,20,38,20,23,15,14,36,50,50,19,50,41,27,26,20,48,22,18,35,14,29,35,37,27,16,19,33,12,50,32,48,40,17,37,13,41,13,28,21,16,15,45,37,20,27,43,33,38,27,26,48,41,45,37,39,38,12,33,40,35,19,23,16,33,41,18,39,27,13,34,38,17,29,27,29,49,43,22,45,42,37,37,26,44,44,16,19,43,23,31,34,26,44,11,33,40,41,12,32,36,33,42,16,13,46,35,16,29,38,40,26,44,40,47,12,19,42,33,48,23,40,15,37,46,15,22,27,16,20,11,13,38,41,45,16,47,10,29,19,33,21,11,25,13,27,27,25,32,37,45,12,14,49,45,25,23,17,20,14,44,19,39,16,19,37,44,20,28,30,24,41,39,13,43,13,36,12,12,33,39,26,34,19,24,43,35,17,41,12,34,24,46,15,48,32,11,40,49,41,22,26,34,42,46,37,24,48,48,40,36,29,12,48,24,43,50,18,25,19,42,24,38,50,45,15,16,45,22,50,31,31,30,31,32,39,36,33,27,37,21,37,36,44,28,21,41,46,29,33,15,33,14,17,16,18,49,33,40,24,15,45,22,22,11,34,41,16,36,30,45,25,37,49,16,33,23,49,40,16,15,44,35,21,18,11,27,27,30,11,31,41,38,37,14,41,10,28,19,18,43,35,34,30,38,26,43,44,19,30,34,40,38,36,43,16,36,35,19,34,16,37,33,14,33,31,39,44,48,42,32,22,33,20,49,45,22,38,15,21,24,42,17,49,38,24,30,23,37,42,46,12,49,17,46,33,49,26,49,10,14,27,30,37,30,14,23,39,12,18,17,46,38,16,18,19,39,21,18,13,19,20,44,32,19,16,24,25,50,15,40,41,26,21,37,38,49,46,27,29,26,37,11,23,46,39,33,16,17,23,38,34,46,25,19,47,23,49,18,17,19,38,36,49,23
21,46,16,11,37,27,23,41,20,13,19,15,48,45,46,13,26,39,10,32,24,22,34,33,35,46,37,44,26,13,48,21,12,41,16,48,13,37,32,25,45,41,36,47,13,25,48,25,41,46,26,32,17,41,44,39,26,14,29,32,37,23,37,27,22,21,46,28,48,36,41,43,24,43,27,41,41,13,11,24,48,43,15,44,22,31,47,42,17,14,43,20,29,43,42,14,49,11,17,19,44,17,21,28,21,13,43,46,32,40,41,48,21,48,30,13,46,33,34,36,41,49,38,29,29,40,19,22,48,32,50,48,34,17,17,28,21,30,42,27,38,16,40,27,27,22,46,43,42,10,19,48,36,35,49,13,16,13,39,48,22,47,15,32,35,34,38,38,27,35,31,22,14,40,19,14,44,10,30,14,21,34,50,36,16,21,47,34,21,24,42,23,12,41,23,38,28,33,41,17,38,50,13,14,44,16,31,42,26,21,39,32,33,13,39,50,14,27,11,23,40,19,20,31,39,13,11,48,23,41,46,36,31,37,22,49,41,32,42,35,25,33,39,40,44,44,19,43,50,24,26,13,31,19,19,13,14,27,16,42,26,39,33,49,16,34,34,49,26,13,31,42,26,40,24,27,31,44,44,23,42,24,34,30,15,20,15,17,45,43,24,44,46,24,32,12,25,13,38,22,41,26,20,30,34,19,43,13,18,22,12,21,15,13,43,43,23,17,43,41,35,13,16,10,46,32,17,29,11,37,29,49,48,35,33,26,25,33,25,33,38,13,19,27,22,14,26,25,31,12,29,29,11,14,19,26,43,29,37,41,37,37,15,33,11,49,30,17,43,27,13,35,20,48,42,29,16,37,29,38,19,28,48,38,20,13,48,26,35,39,41,31,15,27,47,30,40,26,47,18,32,40,13,15,18,15,42,26,11,11,22,13,32,23,27,20,11,41,27,19,12,24,20,40,34,34,18,44,33,32,19,48,33,48,29,34,32,26,21,48,28,13,42,49,40,47,46,41,24,15,25,28,50,31,38,11,39,47,28,43,41,26,32,11,17,28,19,29,46,32,12,25,18,27,49,18,31,45,39,15,39,39,17,41,22,17,30,32,48,16,37,50,39,12,25,36,21,36,16,13,43,42,45,22,47,25,40,38,35,47,45,13,20,36,42,14,10,23,43,50,45,34,20,49,25,12,47,31,25,36,11,12,20,49,40,27,32,24,39,33,13,27,27,42,15,11,27,22,10,49,40,11,27,28,23,23,21,23,43,11,23,16,22,19,40,34,26,35,42,25,17,23,27,40,37,25,39,12,46,38,38,12,34,43,25,27,37,33,20,19,26,45,44,44,19,45,29,16,13,37,40,39,43,25,17,47,26,40,27,22,24,35,27,48,40,47,41,23,43,22,35,49,39,33,15,27,13,30,14,41,14,17,19,24,30,22,29,36,10,44,16,22,28,30,27,39,26,22,39,29,21,28,20,24,44,47,21,18,35,28,11,33,19,20,17,37,42,19,20,34,11,16,24,14,32,13,43,47,16,27,38,13,17,33,23,33,26,14,11,41,44,12,40,23,35,38,28,15,41,16,46,31,23,28,30,12,36,19,12,42,26,34,40,47,13,20,22,31,41,31,17,32,40,20,13,18,42,44,13,47,46,27,49,36,33,12,32,30,48,27,41,37,11,19,14,46,38,32,40,22,23,16,15,41,48,48,27,29,24,34,17,14,48,30,37,28,23,43,10,40,18,31,23,39,32,33,49,39,38,33,50,30,45,38,45,23,27,31,30,48,16,34,28,29,30,46,24,17,34,32
35,25,47,29,11,23,48,16,42,22,32,49,23,29,16,25,50,34,50,47,22,15,31,38,22,23,11,22,10,22,16,48,11,26,48,40,47,32,36,13,20,13,49,36,29,34,14,37,44,48,12,33,49,14,31,19,27,30,31,27,29,35,46,23,40,15,27,37,42,22,50,24,33,34,11,47,22,26,15,49,29,13,12,46,41,43,12,17,46,23,20,43,41,27,29,32,23,25,27,46,46,31,34,41,11,40,50,16,29,50,30,32,39,12,11,38,31,26,33,22,30,47,28,10,10,43,11,34,13,44,41,47,43,31,44,28,42,23,43,40,41,10,29,15,44,33,35,49,29,32,40,48,47,50,33,44,49,34,29,27,42,30,18,26,35,34,12,30,29,17,38,18,25,45,25,11,24,20,21,45,19,13,45,30,49,10,39,44,28,27,38,46,28,41,31,49,32,29,31,48,45,44,27,24,30,14,49,28,43,35,16,24,27,23,31,24,31,13,22,11,16,49,15,26,32,33,12,22,11,11,35,23,25,27,28,21,32,31,14,35,42,48,30,24,32,31,45,46,36,15,36,41,26,24,37,28,16,19,37,30,17,48,35,18,29,47,40,13,34,40,31,30,28,41,28,46,21,34,20,20,16,48,11,35,34,31,25,21,43,37,41,30,15,17,27,29,39,19,28,42,16,41,11,47,38,39,10,28,36,40,43,32,44,43,24,11,33,46,28,25,37,27,19,25,12,10,15,38,16,19,24,33,50,40,27,16,29,28,14,10,25,44,29,13,39,36,28,19,45,42,48,40,37,42,22,46,43,19,13,17,32,49,28,13,26,49,19,33,17,38,32,39,40,49,47,19,49,14,21,13,36,28,36,35,26,45,24,46,47,11,34,16,48,36,27,33,38,43,50,35,42,20,14,44,24,11,13,26,22,34,35,43,44,34,44,35,47,33,31,39,17,20,24,12,33,27,28,25,27,42,20,13,34,25,15,37,29,28,30,11,40,38,28,28,16,10,27,22,45,35,25,24,40,43,23,21,43,39,18,34,15,41,43,40,40,31,35,13,21,49,29,26,40,42,13,14,37,10,14,48,41,26,40,34,24,15,30,33,35,46,15,12,25,10,11,17,22,40,25,34,18,40,48,21,42,31,18,20,30,37,20,44,11,30,45,50,26,30,19,23,48,29,37,31,16,29,33,20,39,21,23,21,20,24,18,19,31,24,21,44,32,48,24,23,16,35,36,18,30,43,10,14,35,38,27,47,16,46,20,22,14,43,43,37,43,14,34,24,39,21,25,30,11,42,38,30,12,23,26,43,46,10,32,24,35,49,47,27,39,14,29,42,34,20,19,41,23,16,20,31,48,34,15,32,29,32,36,30,37,25,12,29,11,45,29,15,30,50,41,47,16,31,43,29,34,13,48,40,42,37,48,49,27,26,30,12,46,28,13,37,45,28,22,32,13,29,38,25,24,27,34,22,39,45,47,18,43,27,45,48,37,21,30,46,28,18,30,33,39,19,27,21,35,37,35,36,35,40,45,23,11,13,47,17,44,35,39,25,48,34,33,44,34,47,31,23,16,38,32,16,46,34,43,29,44,39,27,27,44,39,42,47,40,37,36,19,20,35,44,43,28,19,36,22,40,47,40,44,10,45,47,33,46,36,17,19,42,45,43,33,48,40,43,24,16,34,49,37,26,46,11,13,21,26,45,28,41,30,26,23,43,50,48,18,47,14,39,37,22,25,43,31,47,41,40,26,41,34,15,31,12,17,29,32,49,30,39,20,26,22,47,42,22,27,37,23,39,21,29,24
21,28,30,30,49,17,17,27,39,25,13,16,42,27,16,17,29,21,31,43,33,14,19,47,28,24,15,48,38,18,38,34,20,23,39,47,22,11,43,22,45,30,34,34,44,15,25,29,21,41,34,40,19,28,37,31,10,37,22,21,34,49,26,44,20,35,13,11,18,43,35,28,17,23,38,28,50,17,33,46,44,11,25,26,26,20,43,47,15,12,48,46,24,23,38,16,26,42,36,25,26,41,37,12,40,27,26,12,24,25,28,39,40,49,27,30,12,16,48,41,38,18,17,23,35,36,45,25,16,24,32,36,19,26,19,30,31,16,40,11,15,49,26,46,30,43,33,20,30,47,14,22,23,37,47,21,10,17,37,32,12,32,45,17,50,21,22,40,43,49,19,12,38,17,18,31,24,46,12,38,48,41,27,43,35,20,27,39,44,28,27,25,16,26,45,17,32,30,40,12,20,20,43,27,15,48,33,15,23,47,24,39,36,38,12,13,48,32,31,12,40,41,43,17,47,29,24,42,13,13,22,42,28,44,40,22,11,19,33,41,17,13,30,24,33,45,25,12,34,17,40,43,35,41,45,28,12,20,18,32,41,31,43,16,40,24,41,38,19,36,43,19,18,21,45,26,19,34,11,36,22,50,34,18,38,33,20,21,15,36,41,28,47,16,21,20,19,16,21,12,25,38,40,24,42,22,46,13,25,41,28,22,23,36,18,14,44,11,36,35,28,14,35,18,43,23,24,17,17,18,14,16,39,37,12,15,36,38,25,27,21,17,30,37,38,20,21,11,42,35,46,14,24,48,29,12,33,46,24,31,34,13,30,20,31,32,42,19,36,44,21,48,11,29,22,38,42,23,42,39,22,20,32,35,20,47,42,45,13,41,38,10,43,26,23,38,46,25,18,45,12,44,17,10,10,29,32,44,13,50,13,44,18,26,20,25,21,29,45,10,28,39,44,33,15,12,30,46,27,33,14,24,17,37,49,13,13,43,29,46,29,37,16,26,16,34,50,27,27,25,31,21,12,31,28,10,12,18,14,33,36,47,17,16,41,41,18,30,45,20,20,33,47,39,22,48,18,43,22,21,40,41,15,26,20,38,44,21,35,43,42,46,12,39,24,17,36,40,31,25,30,40,44,12,42,40,36,38,26,32,40,22,38,22,37,26,26,10,46,26,25,30,26,46,18,15,13,13,26,42,41,17,36,28,11,13,15,47,43,26,21,22,17,28,43,46,44,47,36,28,47,40,41,41,37,47,47,11,46,31,31,14,17,28,25,27,26,16,46,30,36,27,20,50,25,11,37,31,45,23,30,41,35,31,41,19,10,20,21,14,20,11,33,34,13,30,19,15,30,14,36,16,37,15,17,43,20,35,15,45,49,21,24,47,35,25,25,21,24,48,28,28,40,40,17,44,36,30,30,37,43,27,26,32,14,35,24,28,29,18,15,23,48,46,38,37,12,34,34,47,24,31,16,40,33,42,47,24,13,28,49,23,36,37,43,40,28,12,39,35,12,39,39,43,29,37,42,38,22,18,48,50,47,21,28,33,18,26,44,11,48,17,15,11,41,34,41,41,36,46,33,46,36,34,38,28,12,14,33,23,41,41,21,22,39,28,47,11,19,29,44,15,22,10,17,18,43,16,45,30,42,29,21,30,37,13,45,17,46,29,41,24,35,47,38,34,43,34,33,19,29,24,47,25,42,49,13,21,22,31,24,45,39,17,23,11,28,12,25,30,37,31,11,21,18,26,46,10,12,13,25,16,49,34,48,37,36,50,25,28,17,32,13,16,33,35,32,24,18,19
12,40,30,28,49,34,15,42,35,11,29,47,32,17,30,13,13,31,46,29,42,46,50,21,32,47,27,45,40,12,22,37,43,48,34,35,46,19,29,19,26,32,20,12,36,33,17,34,16,14,18,28,15,21,13,32,41,48,28,16,22,36,30,13,18,13,48,44,50,15,28,41,27,17,33,16,19,42,24,26,12,32,49,47,34,30,26,21,38,32,11,37,37,15,39,42,26,42,19,13,14,47,25,12,13,21,17,22,31,43,20,22,26,28,20,38,33,23,30,43,32,12,14,32,16,46,38,20,30,16,41,10,11,39,45,25,34,34,38,12,46,18,17,13,20,15,46,40,50,27,19,11,27,16,12,27,29,35,30,47,18,30,10,31,31,16,12,15,41,27,40,33,16,49,33,18,24,19,13,12,40,18,11,45,27,27,26,10,15,20,13,23,28,38,33,29,39,16,18,10,13,23,45,31,40,45,48,14,49,21,42,26,14,31,15,21,31,47,13,16,24,30,31,28,24,24,42,36,47,21,28,44,14,20,18,49,44,16,36,24,42,32,46,12,41,33,19,45,38,10,38,34,45,10,26,37,31,31,43,44,29,45,40,42,46,38,26,48,11,16,48,43,48,20,11,14,28,21,33,44,28,17,50,41,45,31,19,11,48,48,33,46,20,33,35,26,37,48,16,22,23,37,13,33,11,23,32,42,40,35,36,45,24,30,14,46,35,35,17,43,49,24,27,34,32,32,12,49,27,31,27,28,34,33,15,30,42,13,48,12,34,27,33,41,37,12,19,21,38,11,38,31,19,25,12,11,35,48,42,29,49,21,20,44,35,28,44,37,29,19,43,14,40,29,34,16,43,48,39,28,47,15,24,24,43,35,15,50,16,29,20,31,13,17,32,31,38,34,29,11,13,26,37,34,12,20,46,41,11,41,39,14,25,30,14,35,23,17,21,12,43,46,22,22,25,30,29,18,39,26,19,39,20,30,38,29,45,19,44,11,27,34,40,37,34,43,13,16,48,43,20,43,15,35,36,48,46,24,18,47,22,41,29,19,39,46,24,24,36,43,45,30,42,20,45,22,18,33,46,29,50,29,10,47,21,10,47,19,47,41,16,44,17,40,45,18,19,26,50,43,46,27,12,27,27,16,49,36,47,23,34,13,40,14,43,12,32,24,46,37,34,35,35,23,33,27,20,36,31,48,24,43,33,28,40,31,27,25,17,26,40,44,18,38,13,39,48,46,34,37,39,14,17,28,41,46,44,22,29,42,50,37,33,19,42,11,15,43,39,32,32,14,12,24,41,22,26,17,43,38,18,17,25,17,23,31,11,31,15,15,26,36,49,49,28,22,16,26,20,22,37,15,26,43,33,44,40,20,21,21,23,47,44,10,28,42,40,44,34,31,14,24,45,17,26,29,37,13,22,41,19,12,24,46,18,13,17,41,23,12,17,12,12,41,50,46,39,12,46,12,33,34,27,34,44,14,12,11,38,16,34,35,28,43,23,36,45,29,24,41,19,12,49,39,27,32,12,44,16,40,17,43,40,16,46,15,30,32,36,17,42,22,18,17,12,19,48,41,44,27,49,32,10,45,11,39,31,27,15,20,37,37,30,36,34,33,36,24,27,41,29,16,25,49,42,36,31,10,38,24,18,22,22,26,24,40,42,26,27,15,42,21,47,49,50,24,32,26,20,37,21,21,46,40,40,15,35,29,28,14,49,28,27,48,20,12,30,26,39,46,20,45,12,44,22,25,37,41,33,30,45,50,28,30,48,20,18,17,36,21,16,16,20,47,28,21,25,43,46,15
49,20,24,15,40,19,30,14,30,15,49,13,16,46,13,35,23,41,48,39,28,36,27,48,40,37,35,46,47,50,27,47,46,29,38,11,13,29,46,27,30,35,26,30,42,35,11,12,30,11,28,38,30,19,33,21,48,43,11,44,39,20,13,13,19,11,31,42,21,31,46,33,10,48,37,34,34,47,45,15,29,47,27,41,41,26,17,43,32,42,34,15,46,26,12,45,44,21,38,33,47,43,37,44,18,32,26,27,26,28,41,41,49,12,32,48,23,26,15,20,39,28,33,17,21,44,32,11,26,42,38,22,39,18,41,29,34,47,27,41,42,15,47,35,22,36,42,46,39,14,43,13,13,44,26,31,30,38,15,34,18,35,39,47,48,40,37,45,12,48,20,14,25,50,20,37,10,37,15,37,38,24,14,20,10,29,41,34,10,43,40,27,43,15,48,42,45,23,19,42,49,27,46,14,20,15,24,48,38,36,14,29,31,46,48,12,32,32,41,20,34,39,17,22,39,36,47,41,28,13,22,43,38,44,46,43,26,12,40,24,26,44,36,24,46,33,27,47,35,49,46,24,49,44,15,49,18,34,32,50,28,16,35,31,10,43,36,17,16,25,43,42,23,48,33,21,33,47,26,34,20,28,43,16,34,36,17,42,23,29,44,49,26,11,13,33,17,21,45,45,47,43,41,36,49,24,12,43,11,28,29,43,37,41,26,19,35,14,10,16,24,33,19,30,34,35,37,45,29,10,20,39,14,48,34,33,18,24,46,21,18,12,30,48,15,38,19,18,23,14,34,49,31,25,38,27,33,16,19,23,24,30,45,45,29,13,15,11,48,28,49,19,23,30,30,44,15,32,14,12,41,21,13,12,37,13,34,17,19,14,13,18,19,14,34,30,26,40,30,13,49,24,12,44,29,44,39,30,42,15,26,40,48,18,46,47,27,19,33,15,39,24,11,20,38,11,44,19,34,47,49,16,25,26,12,25,44,36,22,45,43,12,46,34,19,48,15,19,18,15,27,39,25,32,40,45,44,23,18,43,19,32,49,27,34,39,13,15,49,19,27,15,41,32,15,48,38,32,11,11,48,40,47,25,32,25,16,24,40,42,22,19,48,33,17,38,20,33,46,18,31,38,41,32,48,47,22,31,26,41,26,32,46,40,22,33,14,38,30,49,29,13,15,24,33,19,29,19,38,13,39,21,42,20,13,35,46,24,33,31,43,10,20,50,38,12,26,49,12,11,40,47,39,36,22,47,20,21,22,20,45,43,11,23,37,40,16,32,14,34,17,49,15,17,34,28,13,34,32,20,41,44,43,11,23,19,19,42,11,26,18,11,34,41,28,10,45,45,11,17,15,47,33,23,18,23,26,16,46,28,34,19,12,39,36,36,13,26,27,42,38,22,12,39,17,40,33,43,25,39,47,15,13,39,24,49,46,37,27,29,26,30,25,14,36,29,19,49,13,30,28,41,31,20,41,24,47,39,30,36,40,16,22,31,30,22,40,17,23,27,48,12,18,43,49,35,23,13,26,46,42,43,41,12,21,29,11,49,18,25,35,16,15,48,15,33,32,49,44,27,17,30,32,42,21,24,23,12,44,27,42,46,35,18,49,29,43,31,32,44,29,38,47,28,36,45,41,46,18,31,48,28,24,39,29,41,31,36,12,36,20,41,20,39,24,15,44,21,36,46,15,39,44,17,24,41,10,47,30,40,36,22,18,43,46,44,12,16,14,50,11,37,36,33,17,36,30,32,16,31,16,41,12,14,33,19,21,21,10,16,34,22,37,16,12,16,46,44,14,28
43,26,48,46,47,14,32,35,29,12,40,18,26,33,18,17,26,21,22,32,32,39,48,33,14,20,42,40,21,42,31,33,11,43,23,40,36,29,45,49,26,17,14,46,40,39,13,47,38,17,47,43,15,11,43,17,21,21,27,13,35,16,37,17,14,45,47,49,43,49,16,47,12,21,31,50,36,38,35,28,40,34,45,17,25,26,40,47,35,34,49,29,43,34,34,42,27,28,18,16,11,35,20,48,15,41,18,50,36,47,35,28,29,49,25,16,18,21,33,26,27,21,27,24,13,21,19,38,29,35,22,41,18,16,36,45,37,22,16,37,33,28,12,36,31,15,15,32,49,20,19,32,43,35,50,21,49,33,27,10,27,34,31,37,14,31,21,33,17,29,12,20,15,41,43,27,16,17,16,48,17,26,49,20,25,27,38,37,36,39,43,22,38,11,42,46,23,28,25,37,44,34,47,11,38,45,13,19,40,49,49,48,43,14,11,49,49,40,24,32,40,47,25,20,19,35,35,38,38,16,21,47,44,44,28,35,42,15,41,18,28,50,35,19,37,12,30,17,46,27,27,20,21,37,29,23,36,23,17,43,24,46,28,28,40,24,48,31,10,32,43,22,12,35,22,11,34,24,22,32,24,41,21,29,47,14,31,40,30,16,16,21,40,31,42,40,12,36,26,38,50,34,22,44,35,32,19,19,41,25,37,28,24,19,24,15,44,49,49,23,13,25,29,14,27,33,26,24,37,46,48,18,34,49,47,47,13,37,16,16,17,44,24,12,20,44,33,35,42,14,48,41,41,26,18,37,23,41,26,20,44,36,34,21,43,48,46,21,28,15,16,34,46,39,34,26,33,34,47,25,17,36,30,38,27,14,48,25,22,16,46,20,22,38,23,23,24,11,16,21,17,41,29,35,34,15,36,39,41,49,37,28,11,40,30,25,23,21,20,48,11,47,33,16,31,27,10,45,35,16,17,35,15,36,29,47,10,15,16,31,48,34,47,23,20,16,14,15,39,46,13,31,31,19,30,20,34,15,23,21,45,15,17,18,22,13,27,24,17,49,21,35,44,30,45,47,30,19,27,30,38,48,31,42,17,29,26,28,30,44,31,31,44,15,30,17,33,27,44,31,13,16,13,18,45,34,24,44,29,31,20,22,35,24,33,16,34,15,33,39,16,36,42,20,27,16,17,39,12,13,47,14,41,20,18,24,49,35,43,21,20,17,12,18,42,31,17,31,48,28,42,28,22,11,11,21,44,24,34,23,21,29,20,19,21,29,38,11,14,38,29,39,19,33,43,21,47,13,30,30,45,39,14,31,12,26,47,42,29,29,29,42,31,20,16,11,11,14,26,31,26,38,11,13,38,28,33,45,15,33,25,16,22,27,12,48,11,33,13,20,34,31,25,43,41,31,15,11,19,44,19,43,18,31,38,40,18,23,20,35,28,35,14,40,27,15,27,45,46,32,17,28,27,19,38,46,43,14,35,24,46,22,44,39,36,13,32,23,18,24,47,38,45,41,37,44,14,27,39,39,49,24,13,41,14,24,42,37,16,28,11,21,44,20,34,23,45,26,13,41,31,36,29,48,49,41,40,33,10,13,23,14,40,42,24,38,46,13,42,31,39,34,27,48,17,25,35,31,26,14,20,47,17,25,43,40,17,34,32,32,16,43,29,18,25,31,11,24,28,34,10,38,12,47,20,38,19,45,21,37,39,34,43,31,30,23,22,17,44,50,27,21,46,45,12,27,17,26,21,21,48,48,23,43,11,24,30,27,35,39,17,13,31,49,42,41,18,23,39,34
42,24,29,10,13,27,25,45,36,50,39,19,40,27,38,15,27,35,30,30,12,42,30,23,19,30,11,20,16,17,45,22,48,23,25,24,36,25,50,21,41,35,24,31,14,49,29,43,18,20,25,49,36,43,13,36,36,43,35,39,10,15,43,13,19,39,28,44,12,20,37,44,30,46,42,34,50,12,41,26,19,44,48,18,40,14,44,38,17,45,26,31,32,41,11,20,18,24,20,10,47,31,37,20,50,46,40,49,49,35,37,11,35,29,14,26,11,42,18,47,43,30,18,21,21,24,50,23,41,11,29,46,39,47,41,23,32,15,30,37,31,15,10,44,46,20,42,46,30,16,17,42,21,14,33,47,12,12,40,13,42,36,23,15,40,49,25,32,17,25,39,18,31,37,18,12,29,36,48,34,33,48,20,20,18,33,24,38,39,24,35,30,29,26,14,25,37,44,29,11,39,26,37,36,41,14,35,27,12,45,12,28,17,34,13,31,37,22,21,49,24,46,47,25,10,33,30,19,39,29,27,23,45,38,32,40,33,21,21,36,24,39,20,20,41,10,20,24,38,22,14,20,31,18,33,41,47,18,28,40,36,29,20,46,38,38,37,11,26,37,18,31,45,26,15,23,38,19,47,42,50,46,20,48,37,48,18,32,15,42,49,47,39,47,27,21,21,26,39,26,26,24,16,17,18,30,41,35,43,41,17,18,49,10,38,40,23,38,18,21,11,39,42,31,37,18,45,44,28,23,49,38,46,32,11,30,33,14,20,30,47,20,37,12,13,40,25,28,11,16,25,16,15,49,11,27,28,46,31,21,27,14,19,23,16,13,23,10,44,44,25,21,34,48,45,34,33,33,40,29,13,44,23,49,13,11,47,13,24,36,15,47,20,15,19,37,11,47,38,45,36,26,12,23,24,19,38,19,20,41,50,30,44,30,19,45,45,24,46,20,19,14,20,45,36,15,15,35,14,41,37,43,49,24,29,11,26,15,24,26,35,14,41,27,43,26,12,14,46,39,18,46,12,23,42,17,30,26,36,39,44,39,50,10,40,24,46,47,42,18,39,46,28,33,39,21,26,28,32,49,44,11,19,47,28,18,16,32,29,45,27,17,10,26,45,46,42,43,49,48,39,18,35,16,46,19,33,43,49,23,38,37,24,43,48,46,31,13,26,36,43,45,28,44,24,23,19,35,39,36,39,33,11,41,41,15,43,39,44,14,47,32,43,32,21,34,18,42,12,19,10,20,43,16,41,33,31,36,43,43,14,29,46,41,48,36,16,27,43,19,41,13,49,33,47,24,23,24,15,13,45,30,38,25,34,27,22,42,44,26,42,38,38,24,17,16,42,21,36,14,12,12,17,11,39,50,43,33,34,47,46,38,49,24,32,36,29,21,32,20,42,15,41,39,13,29,26,16,14,38,50,14,41,21,39,42,40,42,37,17,28,24,47,14,13,41,19,42,15,25,25,33,28,20,32,32,41,42,42,39,31,42,44,27,23,37,11,39,32,46,35,44,32,48,32,15,19,46,25,21,16,26,32,39,48,50,41,35,46,10,35,25,14,44,17,37,18,25,39,26,40,20,50,39,12,46,42,15,30,36,28,15,15,33,30,41,44,34,34,24,49,49,21,30,12,31,41,29,26,17,29,19,43,49,41,44,12,12,19,15,26,26,45,29,12,17,23,21,33,33,31,20,37,41,24,27,47,38,36,25,25,20,35,10,18,50,14,34,20,21,19,22,14,31,32,37,11,43,12,18,29,27,17,28,11,35,35,42,17,14,19,16,47,41,33,17,12,12,38,16
17,42,43,22,46,25,40,33,10,41,35,47,22,17,23,40,42,46,21,44,26,44,14,13,34,35,29,30,46,49,21,39,39,49,17,12,22,30,29,18,18,22,28,11,35,48,44,25,45,26,10,15,19,27,11,17,24,29,14,18,46,44,48,22,30,45,46,24,27,28,25,19,14,14,31,15,21,29,29,34,40,45,26,20,20,31,22,20,41,49,34,43,20,46,32,20,24,23,48,40,27,18,34,29,46,33,13,11,39,30,25,11,34,10,13,22,42,29,35,46,30,43,23,34,23,29,42,37,13,35,17,47,44,26,18,33,40,21,42,44,40,25,47,24,44,38,49,34,42,15,38,21,22,11,33,37,45,25,11,21,44,30,11,28,27,13,38,49,30,49,44,34,33,34,39,18,27,34,33,11,12,12,37,48,20,16,10,33,22,14,15,29,45,17,23,48,47,33,48,28,24,15,25,36,50,37,31,40,49,47,43,45,19,24,32,16,37,22,46,18,30,47,41,22,14,17,38,26,35,23,35,28,22,48,28,13,15,12,10,45,49,49,40,18,19,28,15,17,40,18,41,33,42,35,44,36,19,27,12,33,14,26,43,26,44,32,29,17,45,15,39,39,16,27,30,21,36,44,36,12,12,11,47,47,36,36,48,40,24,33,26,19,31,11,10,47,40,20,17,48,16,44,40,14,20,31,29,42,50,24,33,25,40,45,39,25,23,17,32,45,20,15,46,22,13,14,41,19,37,28,32,16,38,43,34,40,42,38,28,29,19,17,23,24,27,34,47,28,15,28,41,26,17,31,23,15,45,41,41,20,43,20,24,49,35,15,27,44,30,38,44,18,44,35,22,18,45,48,44,44,26,23,32,38,45,30,38,23,20,41,12,37,35,16,37,16,38,26,35,13,40,32,48,37,23,13,43,35,17,46,38,45,40,13,19,44,10,33,38,38,14,39,27,41,26,21,32,38,35,32,16,37,40,43,48,26,48,34,25,46,18,34,38,16,43,13,22,26,46,31,16,40,36,37,16,43,43,49,12,13,40,19,20,31,44,48,48,40,15,37,49,32,49,34,32,35,42,25,12,43,37,22,34,46,26,47,38,16,29,31,20,33,29,36,16,49,28,16,13,17,33,29,36,23,29,46,48,31,17,39,43,21,43,21,25,45,19,26,15,17,42,49,23,39,14,11,28,29,46,50,49,20,29,30,21,20,26,12,29,11,42,16,18,27,20,18,11,39,28,23,35,48,23,12,13,41,38,31,44,16,27,20,45,34,45,19,17,44,21,41,23,37,22,10,43,23,28,17,43,33,42,15,20,46,13,47,43,21,41,23,40,21,37,44,28,39,14,15,41,41,36,24,49,14,24,48,17,29,21,46,28,44,15,48,20,32,12,44,26,28,39,27,19,36,32,26,33,38,26,16,37,12,24,39,34,27,10,11,27,18,35,16,37,18,33,45,48,47,11,13,39,38,25,37,15,17,35,38,27,47,49,43,41,32,28,39,14,27,12,18,49,24,34,16,35,17,22,42,46,12,40,28,41,41,12,42,27,44,16,50,21,39,23,39,39,49,43,29,48,40,19,39,34,26,21,45,44,11,30,16,27,16,22,36,19,49,37,43,10,32,26,26,42,10,35,38,22,39,39,43,19,12,27,19,46,43,49,17,45,15,22,12,31,43,12,12,44,49,25,16,21,14,36,46,29,14,29,49,50,28,13,19,41,46,48,18,49,23,18,36,23,16,11,29,33,49,16,30,17,22,28,19,13,39,36,16,40,34,36,40,37,25,48,41,30,47,15,18,17,32
26,46,13,46,17,36,44,49,30,46,37,41,21,45,33,19,23,15,35,44,42,17,30,37,29,23,49,32,18,40,11,45,23,23,19,30,19,13,26,38,34,21,40,35,45,49,34,17,23,14,18,14,46,30,48,25,46,28,42,20,31,16,17,43,34,42,19,18,21,21,30,38,23,34,36,10,27,48,28,28,16,41,46,46,24,20,25,11,30,18,29,31,14,15,48,35,31,43,22,19,37,30,50,36,27,20,37,16,16,41,22,34,20,27,38,46,16,12,39,39,39,15,43,14,45,35,40,37,37,20,33,18,40,38,26,13,26,46,36,39,33,11,33,23,13,33,22,27,18,16,19,38,23,50,44,38,22,26,41,13,29,20,25,19,22,13,30,33,39,47,49,27,20,17,16,46,32,45,43,43,22,44,22,21,15,29,18,40,38,25,44,31,24,10,45,42,31,34,45,23,13,24,22,22,20,16,20,13,15,29,13,24,48,41,37,16,19,35,43,20,19,12,40,21,19,43,49,37,14,40,17,46,41,11,25,47,25,43,28,31,16,14,38,14,40,30,42,19,43,26,40,19,31,21,24,21,36,16,32,16,22,47,11,46,41,14,23,25,26,49,10,25,23,43,13,33,47,23,47,14,26,14,41,41,22,11,45,37,47,23,14,40,23,13,50,11,13,48,50,27,11,45,31,11,38,11,17,18,14,45,12,25,10,47,28,32,48,17,11,19,28,39,49,15,48,49,28,37,35,14,36,42,24,15,26,18,12,44,26,27,33,24,20,48,37,37,46,41,46,45,39,12,19,12,19,42,17,36,20,14,20,10,16,17,15,20,34,49,15,41,18,35,23,46,45,45,43,21,23,27,45,37,32,15,14,46,24,34,17,36,18,47,44,39,47,47,16,15,42,40,19,16,46,14,26,39,42,45,43,14,33,49,26,29,33,40,40,14,27,45,18,49,39,32,26,48,43,22,37,18,35,35,25,32,40,12,45,18,20,49,10,47,11,29,16,36,19,43,16,16,48,40,22,35,20,18,42,28,19,12,20,29,32,36,23,50,22,22,27,50,44,33,41,17,42,16,33,11,20,40,48,26,40,15,49,48,17,36,24,20,14,38,36,17,13,16,23,36,12,35,44,30,25,13,30,39,21,31,39,24,44,17,22,33,23,32,24,44,47,26,41,17,43,18,46,46,36,44,36,30,46,17,38,49,34,17,27,36,48,24,43,21,11,16,25,50,48,50,35,25,25,14,19,36,39,30,38,20,31,14,16,20,13,13,35,45,22,21,11,48,23,42,15,11,14,41,40,25,29,40,13,21,10,22,30,24,27,17,37,25,28,17,22,48,43,23,14,41,49,40,18,26,16,45,49,20,18,25,34,47,21,10,50,25,14,14,18,17,12,49,19,46,34,42,43,22,20,41,34,32,32,26,21,12,37,11,31,14,28,42,48,44,39,45,47,48,12,35,49,32,15,21,14,35,32,27,26,49,30,11,45,47,42,27,38,45,41,24,25,19,28,44,22,20,25,45,14,33,48,33,21,38,39,18,49,16,32,26,41,22,24,21,38,12,50,19,40,26,34,44,13,39,29,41,14,42,27,33,15,16,24,43,17,41,19,18,45,32,36,46,39,28,26,47,13,11,16,14,38,41,11,14,49,34,44,34,20,34,21,18,47,21,42,11,19,22,17,18,31,49,46,23,13,38,21,18,33,18,42,33,23,16,22,36,15,43,49,33,42,17,42,42,22,15,12,29,38,49,24,38,16,33,35,46,34,25,37,27,17,44,35,36,23,17,39,14,33,25,37,18
32,21,12,18,17,30,29,25,21,18,19,23,20,42,26,19,16,34,23,36,28,20,39,21,39,18,35,40,41,35,49,43,46,29,25,13,22,20,25,30,13,32,34,44,37,22,31,33,45,38,45,14,39,46,42,14,28,35,12,42,42,50,29,45,25,26,17,33,24,26,14,40,36,30,43,19,41,18,34,30,49,35,11,44,28,22,41,25,14,28,33,39,38,17,40,41,46,49,40,13,39,15,13,23,28,12,16,42,29,22,45,44,48,10,29,37,21,44,13,49,34,42,15,10,25,39,24,26,41,29,12,37,36,46,13,40,35,28,21,25,42,21,48,22,17,31,38,12,32,45,30,45,25,42,37,19,43,20,17,12,40,17,46,36,30,46,41,35,37,18,14,46,22,31,19,35,16,29,29,32,17,48,13,36,20,18,18,49,44,31,33,43,14,27,23,29,25,37,41,15,42,38,44,18,39,40,38,48,21,13,38,45,23,43,50,25,44,14,34,24,44,20,15,34,19,24,50,14,44,25,34,14,44,19,39,11,24,17,18,28,45,16,27,47,15,50,36,14,35,25,41,18,23,33,14,25,34,19,47,35,38,48,44,34,45,34,31,33,44,14,32,48,38,15,50,12,13,28,26,20,43,40,50,19,21,24,26,29,33,26,43,31,32,22,11,25,36,48,13,12,14,27,11,43,40,36,39,21,43,34,10,11,49,17,24,16,24,41,42,14,46,33,50,16,37,20,24,39,49,11,49,39,37,16,33,30,34,26,36,48,20,25,25,17,41,25,29,23,27,44,45,36,45,31,45,19,40,48,24,35,47,25,21,10,32,14,37,48,12,41,22,31,36,38,49,45,30,31,14,41,35,44,36,44,27,17,17,18,29,16,48,33,29,44,37,13,43,31,13,41,30,29,39,39,11,43,37,33,12,39,42,31,32,34,38,14,34,45,24,39,40,37,35,23,22,30,27,34,23,10,48,41,15,43,36,37,15,34,49,46,20,10,23,43,31,44,13,38,49,45,27,42,30,18,28,34,43,39,49,33,49,44,48,49,20,44,23,40,29,50,38,30,20,39,22,34,25,38,34,40,14,42,49,42,24,39,33,28,49,26,23,39,12,16,33,20,36,32,46,25,30,24,29,12,46,45,23,43,32,43,24,14,39,16,24,37,22,32,22,46,46,20,46,25,45,41,26,48,17,26,39,28,14,12,34,14,38,47,33,31,29,34,43,47,50,36,48,22,46,27,10,42,27,24,40,13,34,38,33,30,21,38,37,46,29,48,26,11,17,23,35,34,22,13,46,17,43,29,20,44,31,49,35,15,16,16,47,47,33,20,30,46,31,20,30,37,36,37,25,17,34,11,23,27,38,31,18,46,33,44,37,37,19,20,29,40,42,37,13,35,45,42,12,39,40,48,10,11,33,47,30,13,37,15,20,46,21,19,32,41,19,28,44,31,40,47,17,31,37,29,36,35,44,11,41,15,23,11,49,46,36,30,16,40,45,31,23,11,20,33,15,13,21,25,38,32,36,20,35,39,25,12,20,14,34,23,31,14,40,13,28,10,43,30,21,40,26,29,23,42,48,29,24,13,15,31,45,29,16,40,19,46,24,14,38,30,31,15,36,15,41,14,49,39,15,30,14,45,15,13,16,24,15,39,14,44,43,10,44,45,50,44,38,19,31,41,45,41,12,18,16,33,44,23,21,14,32,31,10,41,21,50,43,29,17,10,37,16,11,46,21,35,33,19,21,31,44,34,46,36,42,24,11,33,31,50,47,11,46,22,48,28,34,37,36,37,14,37,33,44
36,36,41,20,34,47,41,11,44,37,40,19,20,25,28,48,27,29,45,27,13,17,12,35,35,29,46,25,28,36,16,14,47,12,44,26,42,21,37,48,49,41,40,27,30,13,13,27,38,47,49,35,32,18,13,30,26,27,21,13,21,11,29,43,24,23,28,22,12,35,41,17,20,34,11,23,34,41,16,34,41,20,10,18,17,33,26,36,15,12,30,27,20,40,36,45,20,44,35,37,25,46,20,46,41,27,34,31,30,27,14,16,36,23,50,39,40,27,35,23,13,37,34,40,36,12,24,39,13,13,44,14,19,29,38,18,49,31,36,38,20,26,29,23,37,24,36,17,25,14,17,42,25,32,39,47,41,36,26,14,10,40,30,35,34,41,38,33,40,36,38,47,31,12,30,16,50,12,49,20,13,11,47,37,40,20,25,17,50,37,37,33,25,45,37,25,27,38,27,28,42,42,34,24,15,46,44,25,11,41,40,50,17,42,23,46,43,49,43,40,18,14,49,43,14,19,26,40,47,20,40,35,13,41,42,12,26,38,48,13,44,47,42,50,45,19,11,41,29,47,28,42,37,47,40,35,17,39,14,21,28,12,31,38,35,10,19,44,22,32,13,22,14,25,28,16,30,35,11,31,37,15,37,13,48,36,29,12,14,47,48,25,11,15,15,11,22,20,47,21,40,25,45,35,28,42,47,40,29,44,47,29,16,12,42,26,28,48,40,49,16,45,25,27,17,15,27,40,39,45,43,26,23,12,15,40,10,27,35,16,49,35,49,49,46,36,29,35,34,49,23,47,22,13,25,12,24,18,39,40,14,39,21,49,12,45,18,32,12,49,37,48,11,22,48,21,40,39,40,30,25,44,13,23,31,39,30,11,19,35,19,16,31,32,35,49,25,25,46,28,12,49,21,12,26,32,35,44,35,21,17,38,40,47,42,45,37,47,21,36,47,14,14,14,26,37,25,31,14,10,39,48,24,13,19,48,16,24,42,11,28,34,25,33,12,31,15,18,44,23,19,43,21,15,22,26,32,16,11,27,14,19,46,34,38,14,47,18,27,22,14,31,47,31,42,24,45,38,27,22,41,36,45,19,16,20,41,15,43,49,19,13,38,22,15,26,19,21,48,12,17,49,15,10,36,48,22,37,26,18,16,33,22,30,18,45,10,26,13,19,16,41,47,19,18,26,13,47,16,32,37,44,14,32,22,32,16,40,18,21,18,23,29,15,44,16,11,11,30,24,42,31,45,39,23,40,25,17,13,41,46,34,46,22,17,25,45,47,30,33,41,48,24,44,28,27,13,25,33,43,30,14,26,48,18,21,22,33,39,35,45,36,13,37,14,19,13,46,19,13,33,35,13,27,27,38,35,18,28,24,38,48,41,16,49,20,42,37,41,12,45,43,14,21,49,43,30,46,44,50,50,11,17,40,38,11,16,23,42,24,36,22,25,28,18,37,43,29,29,36,46,38,43,41,24,46,49,49,16,11,25,30,44,44,32,46,35,20,48,20,43,43,46,23,50,44,39,26,45,39,15,28,16,27,13,44,17,11,13,26,47,16,19,22,13,44,15,14,34,13,17,39,37,24,31,18,35,17,47,26,36,49,39,48,39,36,41,14,14,15,25,35,26,12,36,36,18,47,18,18,16,12,19,16,36,36,29,28,11,32,24,17,14,37,24,13,25,20,50,16,46,21,49,27,48,47,28,27,44,25,16,16,16,17,34,46,38,16,44,42,19,50,19,30,29,37,12,40,30,38,34,47,21,46,19,16,14,23,17,15,30,46,27,24,44,43,25,32,30,18
28,49,47,22,19,16,43,50,49,19,28,31,45,12,30,32,40,33,26,37,25,50,25,14,16,21,47,17,20,37,13,38,45,26,30,47,36,20,43,41,18,11,41,27,42,20,20,39,41,21,38,11,41,34,17,27,26,29,16,42,28,26,32,16,43,30,14,47,33,37,13,33,48,16,41,45,40,32,29,27,21,49,31,27,30,41,24,23,10,17,37,23,41,32,30,36,19,10,34,23,47,24,25,44,36,40,46,23,13,50,43,13,13,30,12,46,49,50,20,45,15,21,37,10,36,26,31,30,14,12,31,27,47,40,14,31,33,41,12,23,11,47,38,48,34,28,31,26,47,33,42,30,40,44,24,23,39,24,34,14,29,25,49,39,30,30,43,29,22,34,47,21,37,18,12,45,46,43,11,49,40,48,40,45,41,30,27,44,23,11,40,25,49,42,22,43,26,13,35,13,46,30,33,17,15,50,14,42,49,36,48,43,30,13,25,40,33,22,22,11,36,30,29,35,41,41,46,33,45,47,36,36,31,34,47,28,17,43,41,15,44,42,45,11,40,36,18,27,21,15,30,22,13,17,30,48,11,35,13,41,30,27,43,24,14,50,50,42,46,30,20,37,19,17,34,42,34,11,13,11,42,13,30,42,35,12,18,45,26,38,20,45,40,14,37,37,31,22,26,25,23,42,41,25,36,33,38,12,15,45,13,23,11,48,23,45,38,19,48,49,46,32,42,39,20,37,20,37,47,32,23,24,47,47,14,10,45,40,36,28,12,13,46,24,50,38,25,44,17,30,39,32,25,19,46,11,17,38,46,21,41,38,21,36,41,14,39,30,24,24,18,24,41,16,31,32,17,26,19,47,48,34,39,45,21,38,35,18,32,46,38,30,50,28,33,20,32,24,19,47,28,37,22,14,42,40,48,24,31,33,19,20,32,15,32,35,47,15,27,20,47,28,30,18,16,10,29,17,18,27,17,29,18,49,37,44,50,38,42,28,18,18,48,30,20,33,34,28,24,38,13,13,22,23,42,32,11,22,12,27,47,24,41,34,28,18,17,28,32,35,21,25,42,44,46,39,48,47,21,43,32,16,43,32,23,25,25,37,15,25,10,42,41,49,32,15,17,24,15,21,24,26,44,27,39,26,47,31,16,16,44,28,24,27,17,29,45,18,16,29,20,32,12,50,19,43,25,27,27,30,27,29,48,47,25,38,21,35,48,24,40,43,29,29,19,18,46,40,13,30,37,39,46,46,16,24,20,29,18,31,43,40,32,34,23,22,48,36,33,47,29,49,36,29,12,38,33,44,46,16,12,13,40,14,40,42,49,33,47,28,12,49,31,23,38,42,21,37,36,27,11,14,42,31,31,37,32,45,42,21,41,28,27,32,16,23,38,44,48,13,17,43,24,41,37,38,16,22,22,19,11,46,36,42,24,49,41,11,38,34,12,43,20,38,23,39,37,27,15,47,29,28,35,10,41,47,35,42,36,49,49,36,50,15,37,27,14,15,49,27,12,47,40,12,21,24,34,11,49,27,49,18,29,45,32,31,13,34,12,35,44,36,47,14,37,38,20,45,32,21,27,47,34,25,43,28,12,10,31,47,25,19,28,49,39,48,40,16,38,30,32,27,11,46,35,19,38,50,23,24,11,50,30,32,16,25,13,27,18,28,44,23,19,40,48,20,46,19,31,12,47,19,17,25,45,22,26,23,26,47,17,43,40,14,20,46,36,40,49,16,41,27,36,39,42,40,47,19,28,33,24,32,16,29,27,32,14,25,40,25,38,13,27,28,40,31,40,19,13,32
25,48,44,20,49,43,40,49,15,12,25,11,11,16,25,30,40,16,40,12,43,36,28,11,43,39,21,15,40,39,22,11,47,11,20,42,17,50,28,45,31,12,24,22,33,48,43,24,27,24,39,24,24,32,28,50,44,15,34,32,47,12,35,12,22,21,48,47,16,47,22,46,31,36,17,41,48,17,45,21,41,22,38,16,19,13,17,39,23,22,11,41,17,49,39,31,31,39,37,36,34,22,47,40,27,48,33,11,23,40,48,19,17,40,28,14,33,18,31,24,28,34,14,37,12,13,42,41,17,32,36,41,33,35,32,13,28,23,43,33,28,44,21,37,20,42,44,40,21,37,39,13,30,11,12,19,47,50,16,25,43,24,47,42,17,47,11,13,42,14,39,11,13,46,11,25,21,12,11,42,20,30,30,39,46,18,48,25,22,34,28,48,36,39,33,14,19,33,48,22,48,23,13,29,37,45,41,45,50,30,25,13,15,30,10,47,21,14,38,20,22,14,19,15,13,48,10,32,31,12,35,41,43,30,32,47,16,38,39,17,25,10,33,47,46,45,17,37,39,45,15,24,39,26,20,33,38,45,23,41,32,21,30,38,19,12,31,34,22,23,45,41,31,37,24,31,41,25,11,34,24,42,26,48,43,46,37,39,28,37,15,36,38,47,32,38,36,39,13,14,34,40,11,34,21,36,41,16,46,43,22,14,45,41,18,24,31,44,22,44,34,35,49,41,13,44,35,33,31,41,22,31,36,12,29,45,29,24,29,32,34,38,40,30,50,48,13,13,22,41,30,15,42,12,14,30,32,22,50,12,20,14,14,38,24,36,22,37,36,11,14,47,14,36,27,13,30,29,13,20,23,36,32,26,40,47,44,16,49,16,28,44,13,14,22,33,14,32,33,28,48,24,34,45,38,49,31,49,21,12,40,35,47,37,47,45,24,11,33,47,20,43,31,16,12,16,29,41,37,25,23,32,49,21,37,42,38,15,44,13,36,20,33,11,34,11,48,38,24,31,29,12,38,44,10,33,15,12,13,48,15,30,34,18,29,20,32,20,18,44,21,10,45,22,11,28,49,34,38,47,20,37,31,21,22,17,37,11,23,15,49,17,15,48,21,44,32,19,33,30,26,15,19,23,31,36,49,38,39,49,46,37,27,16,41,24,50,14,16,41,33,12,27,46,47,30,40,27,43,25,41,11,36,35,44,20,28,40,28,36,41,48,45,28,37,22,45,46,30,11,48,11,33,49,16,21,33,14,25,36,24,17,13,43,17,25,21,33,35,49,48,24,48,28,13,38,11,15,37,47,29,50,44,48,39,45,29,17,37,44,26,40,43,27,26,26,13,37,40,15,38,34,48,32,32,10,42,42,41,50,36,31,45,48,38,20,37,10,18,15,48,44,30,13,28,35,27,46,15,43,15,13,21,39,25,43,14,17,42,27,37,27,25,42,33,20,23,43,11,44,32,15,48,45,11,13,33,29,38,33,45,46,16,35,41,22,18,31,30,41,21,12,28,48,27,13,46,15,25,42,33,43,13,16,49,21,36,29,45,18,24,16,47,11,17,30,24,28,17,22,22,13,50,39,42,14,11,45,17,34,27,32,25,15,42,12,17,13,47,13,43,16,49,15,45,41,42,44,12,20,32,20,15,25,45,19,34,47,38,32,45,29,31,20,20,45,48,39,48,44,26,31,27,27,47,24,50,14,39,24,24,24,17,12,15,11,27,13,34,28,34,22,46,37,23,12,22,42,11,18,25,30,38,25,38,43,40,26,40,22,39,16,26,48,27,38,32,27,41,46
