The number of jobs:
800

The number of machines:
40

The power of each machine at differnt speed levers:
(where rows denote machines: 1 to 40 and columns denote speed levels: v1 to v4)


10,14,30,41
20,26,38,45
5,30,38,45
7,25,38,45
20,29,37,45
13,30,37,45
7,21,34,42
11,15,20,32
10,22,38,45
8,18,38,45
11,24,33,40
5,13,34,41
15,29,37,45
11,18,37,45
18,24,31,39
5,17,24,32
7,18,34,41
6,17,27,37
7,20,29,40
6,15,24,40
9,21,31,42
14,26,36,43
18,28,38,45
12,26,34,41
20,28,35,43
17,29,38,45
17,24,33,42
5,29,37,45
20,27,37,45
5,30,38,45
19,26,33,45
18,29,38,45
6,17,25,35
8,25,34,42
8,25,35,43
12,28,36,45
15,24,30,39
14,24,36,44
18,27,38,45
11,23,32,40

The basic processing time of jobs processed on different machines:
(where rows denote machines: 1 to 40 and columns denote jobs: 1 to 800)
36,33,43,13,21,22,32,15,41,49,33,24,40,41,44,42,29,33,11,42,16,10,31,39,12,19,35,41,15,27,39,45,32,39,29,46,17,15,32,49,38,36,17,41,10,11,45,18,34,35,13,13,11,33,25,31,39,27,20,46,36,23,11,30,39,25,16,15,26,37,14,38,35,15,46,41,24,47,38,37,30,36,17,40,11,43,47,20,24,17,49,23,30,16,40,45,42,43,32,21,28,17,39,19,32,24,49,15,13,13,30,36,14,27,31,36,21,17,14,46,28,24,21,16,37,35,17,11,24,42,12,12,23,38,26,40,17,29,31,38,49,42,36,47,13,15,30,10,31,45,17,23,31,25,20,44,16,22,29,45,25,26,45,24,15,37,30,44,14,39,49,38,36,23,13,47,49,13,28,29,35,38,45,39,48,47,22,11,35,39,16,35,45,43,49,26,12,35,13,34,47,19,30,38,47,38,41,28,28,33,25,18,40,20,38,48,31,38,41,36,36,22,17,11,48,34,25,36,15,37,40,33,11,33,45,14,35,31,14,46,50,11,11,42,34,41,33,39,18,39,48,19,27,33,26,31,31,30,39,36,43,46,18,27,41,19,28,47,18,23,29,40,29,28,45,22,33,36,39,23,19,40,11,48,36,16,32,15,26,41,40,48,44,24,39,33,16,35,41,42,23,35,11,48,14,50,22,29,36,23,37,33,26,24,26,14,30,25,30,19,11,16,39,30,24,40,40,32,43,25,13,44,18,18,41,37,22,48,33,15,14,28,42,40,30,41,21,35,11,44,22,31,38,21,38,16,21,42,26,19,19,17,11,41,25,20,24,26,17,36,34,36,46,20,34,41,46,46,17,48,31,29,20,14,41,28,27,12,36,12,44,13,26,28,50,44,35,37,33,23,28,17,15,15,30,15,32,22,18,45,38,27,23,27,32,37,42,19,20,30,20,19,35,43,15,33,49,38,25,24,40,20,40,45,15,22,16,47,18,42,45,13,18,16,25,15,46,45,30,15,41,30,46,27,23,16,19,20,34,15,25,10,28,47,50,25,46,25,33,26,20,45,41,38,47,44,31,43,40,34,42,33,49,45,39,21,45,46,42,16,17,11,13,41,11,35,20,39,25,18,36,28,48,48,47,39,27,41,26,32,27,47,20,39,33,34,16,44,11,27,41,20,48,32,28,37,21,31,11,36,25,24,27,23,27,13,39,49,49,28,17,14,10,46,14,46,41,46,48,44,24,45,12,28,14,31,43,16,40,38,37,36,30,45,39,10,43,27,35,11,47,40,44,36,46,43,16,23,30,25,37,32,14,21,24,13,49,27,46,15,31,39,25,49,34,23,36,42,27,44,28,41,29,21,23,28,43,32,41,48,46,25,15,35,50,45,17,26,14,35,31,15,46,47,22,33,30,32,23,42,37,16,25,50,28,42,11,36,43,25,23,48,47,28,25,28,30,18,28,34,16,26,13,29,12,22,46,32,19,29,46,24,13,37,34,26,17,22,17,11,20,41,17,10,38,18,21,28,12,42,14,38,36,20,38,28,35,12,15,32,27,17,26,38,37,11,41,26,43,27,49,19,30,37,48,29,48,15,12,44,42,37,40,41,38,42,15,21,40,21,47,49,13,37,11,30,45,44,48,30,38,29,39,12,43,47,41,30,39,39,30,18,25,36,28,36,35,30,13,42,24,34,18,12,38,33,50,11,43,34,46,13,14,35,43,29,43,25,20,41,44,48,23,16,31,21,34,39,11,48,11,47,29,25,46,45,49,26,43,26,21,32,29,32,33,16,46,36,30,19
33,50,49,14,21,47,31,49,50,47,46,21,20,17,28,48,12,43,10,45,10,40,10,21,43,31,20,11,42,26,32,32,29,21,38,10,42,23,21,13,24,13,43,32,33,35,42,18,29,35,11,21,26,35,31,42,34,16,42,17,49,31,48,30,18,37,25,14,38,14,38,23,36,21,44,32,22,20,35,35,16,37,24,47,18,27,32,22,42,15,29,23,20,21,41,13,31,27,28,23,15,33,43,13,45,34,43,21,27,38,25,47,12,19,20,50,26,42,25,36,28,31,36,38,12,48,13,32,39,26,28,24,36,11,26,28,37,43,50,41,47,18,15,30,29,42,40,40,25,26,14,49,35,45,29,36,44,47,12,48,40,49,45,46,39,20,25,21,47,25,45,27,11,46,26,20,36,28,28,45,22,21,42,22,44,44,44,28,27,21,15,19,41,12,13,32,35,19,49,42,28,40,11,38,46,35,37,24,21,35,49,17,14,45,32,15,45,11,48,35,30,38,42,46,45,27,18,17,43,46,15,23,46,24,43,41,41,15,13,19,30,26,18,46,21,29,37,20,15,13,23,15,35,22,37,48,44,27,25,37,34,49,27,38,37,29,32,47,15,25,14,30,32,44,35,45,22,16,32,16,25,40,19,25,33,30,39,18,48,46,34,25,17,20,38,43,48,42,22,42,17,37,25,22,29,31,38,19,49,39,32,18,19,17,12,47,38,19,14,47,40,17,31,39,16,45,23,19,23,10,21,16,32,26,12,30,37,35,21,19,27,48,40,12,38,17,14,16,42,46,18,17,34,32,36,39,18,21,45,30,25,22,15,12,12,23,41,21,43,44,43,31,36,20,34,33,23,12,49,23,42,35,45,33,48,12,18,24,14,24,40,40,34,34,47,12,37,38,17,38,11,38,30,29,29,13,32,27,25,26,40,30,36,36,17,14,44,14,47,42,37,13,18,15,40,17,48,20,27,24,26,15,24,16,16,49,49,50,18,24,17,21,41,20,40,23,18,43,45,11,23,48,25,31,40,47,23,42,50,42,14,14,27,38,47,24,15,17,23,33,36,48,16,22,42,47,36,26,26,32,17,43,25,38,49,44,50,47,43,21,47,19,30,34,35,47,43,12,50,25,44,45,13,30,48,22,13,15,20,29,17,30,43,34,12,35,42,31,44,49,33,26,14,21,36,11,18,29,31,44,50,22,16,10,42,24,15,39,34,39,40,50,40,19,35,13,24,27,18,39,20,35,19,11,23,35,24,26,38,18,37,43,45,36,20,31,20,48,42,38,19,22,38,41,49,20,29,24,12,24,41,15,38,41,43,38,33,14,20,38,25,14,24,20,11,48,32,12,19,36,21,15,38,48,47,40,22,45,45,50,25,19,13,49,20,48,22,31,46,48,48,38,23,26,48,24,23,48,29,46,48,28,26,35,18,12,20,31,49,21,30,12,25,46,19,49,34,37,27,49,42,29,48,35,33,28,46,25,25,37,42,18,48,17,24,26,13,17,21,36,43,22,16,15,18,23,23,35,30,14,31,43,10,44,37,30,39,31,44,17,47,27,44,13,45,13,35,45,44,25,18,35,13,46,13,19,39,50,18,29,16,44,29,23,38,19,18,16,18,24,45,48,13,20,28,26,23,40,41,40,35,34,17,39,48,30,15,14,26,29,24,14,24,34,42,19,19,50,47,30,14,26,29,44,29,31,17,44,44,29,17,16,43,47,13,38,38,36,38,36,17,21,44,31,35,17,12,11,46,47,11,37,15,16,24,21,22,36,23,26,42,23,30,17,29,23,17,29,35,44
29,43,39,40,32,27,41,40,17,36,38,10,23,34,13,46,36,21,24,32,27,38,24,38,45,20,18,30,21,49,25,40,12,16,15,39,39,34,16,33,19,10,42,44,17,30,45,13,41,33,16,29,41,35,39,25,18,34,21,43,30,41,33,12,37,11,37,32,13,48,20,22,32,40,34,35,27,14,50,26,11,29,50,20,16,30,37,32,39,10,25,18,39,37,32,45,18,43,17,30,22,43,43,44,12,32,23,48,50,29,14,38,13,21,11,43,29,24,14,41,44,34,16,12,18,49,41,43,39,50,33,14,17,50,25,30,46,31,38,40,13,20,24,48,39,17,13,22,29,45,19,33,14,30,12,15,21,24,19,10,44,47,20,38,39,50,37,14,38,37,29,14,21,43,12,33,35,37,11,11,19,43,13,18,35,21,11,25,39,39,43,31,29,50,31,34,35,41,50,43,24,46,46,27,39,49,27,37,30,24,35,22,45,13,49,23,34,48,41,41,33,31,42,34,16,29,28,23,34,39,13,30,49,21,37,31,31,43,44,14,28,18,18,29,10,27,37,27,41,19,35,13,37,32,37,24,39,19,23,27,42,31,31,49,16,47,49,45,17,17,38,45,47,34,49,29,45,50,44,27,44,47,33,45,26,46,21,15,43,22,32,25,39,10,49,47,28,32,46,49,13,23,43,15,48,28,12,13,27,13,23,39,20,11,36,49,14,23,27,41,26,21,10,22,21,35,23,38,24,42,48,26,11,42,25,35,49,36,18,12,14,48,42,35,39,42,18,12,21,38,42,40,19,34,13,44,43,30,27,50,14,20,24,36,48,13,37,43,14,28,36,27,17,26,41,24,50,28,16,19,27,31,41,19,18,26,43,32,21,35,48,15,38,39,28,42,41,17,28,32,37,12,18,28,45,40,26,41,39,37,35,19,49,26,11,22,35,14,19,41,11,13,27,35,48,34,22,17,22,11,35,21,13,13,34,48,23,17,33,50,11,21,25,26,32,17,26,41,26,20,40,34,13,41,14,34,43,22,18,24,46,36,36,11,45,46,39,48,40,45,28,43,34,40,22,45,38,25,43,39,28,25,49,18,13,20,21,23,36,23,48,12,24,24,23,21,23,44,34,12,41,17,39,11,46,24,14,47,35,31,20,16,34,32,15,40,42,19,33,37,32,24,23,50,19,29,47,47,34,18,48,18,47,21,16,36,35,26,18,40,40,27,32,50,15,19,19,26,24,44,49,47,49,18,12,17,17,30,27,42,19,39,21,19,25,49,29,49,43,31,35,48,25,47,47,26,16,14,34,34,46,50,27,24,22,44,17,14,11,10,38,23,10,46,25,16,45,26,18,39,46,33,35,46,32,24,40,19,25,48,29,44,39,17,31,12,13,27,40,46,24,18,28,23,42,50,39,37,27,11,35,41,18,12,45,13,36,18,24,49,27,49,27,18,27,34,22,32,32,36,16,47,29,35,21,36,37,23,27,39,24,15,30,39,40,47,15,37,49,20,17,18,26,45,19,50,30,12,29,17,17,35,11,37,14,29,30,32,46,49,20,48,12,23,27,20,35,34,31,17,32,41,28,48,26,35,20,16,27,23,24,14,44,49,11,40,32,29,21,21,17,16,24,43,48,45,33,48,39,48,33,50,15,48,20,42,21,32,26,37,38,31,33,37,18,12,50,33,36,29,27,13,14,12,31,46,11,12,20,17,38,32,24,13,14,23,49,38,37,30,32,25,38,42,36,33,18,15,42,27,35,22,40,23,36,28,30,49,48,14,25,47,41,29,50,18,49,28,13,30
43,11,28,21,23,32,16,30,11,19,42,44,23,41,12,30,37,49,34,47,26,32,27,42,22,44,17,40,37,10,21,11,18,43,15,24,22,46,42,40,25,22,31,12,29,17,33,37,24,23,26,13,47,18,14,31,10,26,18,34,33,20,36,11,14,32,25,23,17,33,25,28,50,12,12,19,26,32,35,19,32,42,12,37,34,43,16,11,10,38,42,30,30,32,29,30,41,23,27,47,30,25,31,40,20,47,38,48,44,25,28,29,41,26,15,18,12,10,17,13,50,15,11,35,29,14,10,35,50,19,23,33,27,42,43,15,13,12,27,44,27,14,23,29,28,19,42,27,48,47,44,10,23,21,15,35,29,28,18,31,12,43,38,29,12,46,34,37,47,24,28,15,15,29,43,25,40,44,19,37,50,24,49,29,31,43,22,48,12,37,19,10,31,50,11,47,12,43,19,41,37,31,28,31,27,41,26,31,45,30,28,25,24,29,35,28,11,46,49,47,15,28,36,31,15,11,40,35,41,30,44,21,34,50,43,48,17,38,41,23,11,38,26,18,48,15,42,33,25,31,45,42,27,15,35,30,23,15,26,21,43,16,38,38,25,34,43,47,19,43,41,39,20,27,46,13,25,42,21,11,41,15,31,35,16,10,29,10,31,25,25,19,33,47,34,24,11,45,22,26,14,42,41,45,20,40,45,12,48,36,26,45,13,39,42,29,20,21,34,22,21,12,41,33,11,27,28,46,31,41,35,19,48,28,30,46,38,39,32,34,16,47,49,41,12,32,28,13,20,11,14,16,28,48,27,31,10,35,12,41,32,23,48,39,18,37,29,20,22,31,38,28,45,33,16,37,23,17,42,33,48,43,42,14,23,43,29,34,45,46,13,24,49,15,27,19,31,32,34,26,48,24,24,50,12,20,50,11,35,23,45,48,50,42,37,37,33,18,22,20,26,40,46,29,37,47,49,12,21,11,33,14,44,13,43,42,36,13,12,19,27,14,23,35,33,31,39,40,38,38,19,40,35,33,18,22,15,17,18,29,40,48,22,38,18,27,39,47,14,40,14,19,25,13,38,18,36,46,18,45,19,34,19,19,17,50,43,17,47,25,48,45,46,48,32,41,50,38,46,46,28,42,32,14,24,21,16,31,37,24,45,44,16,46,50,20,44,44,37,22,30,40,32,42,46,14,16,27,44,34,46,16,36,16,47,46,26,29,26,22,12,50,15,28,18,23,30,23,22,38,10,21,41,17,29,24,27,35,45,48,47,28,15,43,21,15,13,45,22,15,36,24,40,18,17,20,44,20,15,28,35,43,36,48,11,25,30,14,30,37,10,45,34,27,32,40,47,44,46,28,33,16,21,47,38,39,10,41,42,39,26,24,19,47,25,41,29,44,10,31,21,40,42,42,29,21,34,50,46,31,28,26,37,10,12,18,26,12,14,23,45,47,24,22,16,20,22,48,20,10,36,20,28,11,16,14,13,23,28,13,18,45,37,24,40,27,42,11,43,35,11,33,42,33,14,33,29,18,38,18,16,40,44,34,27,49,35,45,20,49,22,18,48,13,27,24,27,13,26,16,42,36,15,25,38,35,32,31,42,14,20,30,33,32,21,35,35,30,40,37,38,27,46,33,42,14,25,24,36,28,16,21,26,23,45,11,29,46,14,30,19,28,34,44,30,22,22,23,44,38,17,12,19,11,13,28,31,35,20,26,19,24,43,38,14,46,43,28,16,23,32,13,40,47,15,50,10,39,46,14,49,48,48,25,40,31,15,40,28,33,39,26,15,39,41,25,27,28,20,42
13,18,46,32,35,17,50,15,32,37,19,12,24,42,39,33,27,29,34,11,19,32,28,16,41,22,28,34,49,30,48,35,22,34,24,19,17,45,25,38,47,48,47,23,22,25,50,24,32,39,31,14,30,18,15,27,11,47,29,49,28,10,25,18,45,25,21,39,46,16,48,39,34,37,10,24,32,12,22,27,35,21,26,45,25,29,41,43,45,49,17,36,15,13,15,17,36,28,43,35,47,26,37,36,41,34,38,31,26,50,41,33,44,30,15,22,33,35,19,43,48,17,50,32,41,43,33,38,42,31,39,23,31,35,29,47,24,26,25,15,34,18,29,14,38,33,12,34,47,19,14,38,30,31,32,43,21,30,18,33,14,40,40,43,43,18,47,38,23,45,32,41,18,26,49,21,25,27,21,11,31,38,14,11,18,23,43,39,50,39,22,11,46,37,42,34,31,24,48,32,21,37,11,41,47,15,25,11,50,33,32,43,15,16,26,35,27,11,20,18,44,10,49,20,33,43,50,24,18,33,26,38,38,40,32,46,20,30,46,44,24,44,10,27,17,24,42,31,24,42,49,14,19,29,18,27,40,31,37,48,24,27,46,11,24,18,34,44,22,33,17,35,40,37,24,43,21,29,45,45,35,33,48,43,49,49,34,14,23,27,28,29,38,33,12,10,36,37,42,13,44,38,44,35,30,32,28,25,47,42,35,37,23,31,23,19,43,49,37,25,44,35,48,13,23,36,23,40,34,27,18,11,28,23,46,28,45,48,27,23,29,25,36,15,29,18,23,41,42,31,23,15,13,17,14,40,25,34,20,34,24,38,38,24,34,46,36,34,16,17,18,26,32,46,27,30,25,35,31,32,38,38,44,36,21,46,21,46,17,23,40,19,37,44,13,18,38,33,12,34,46,23,30,27,40,42,45,41,43,49,17,15,21,50,33,46,39,19,11,24,40,18,25,34,43,10,45,41,48,50,37,13,36,25,26,34,21,47,31,43,22,14,31,35,38,22,46,29,27,33,23,42,27,49,24,30,38,34,10,45,33,47,26,37,26,15,13,13,17,31,44,40,18,48,35,30,49,41,41,25,49,26,41,37,36,45,49,18,26,47,37,49,14,43,47,14,16,13,49,23,25,22,40,35,23,37,44,23,11,38,16,43,18,48,28,26,41,18,26,32,25,35,37,35,33,39,49,27,21,46,37,37,12,31,30,44,44,12,13,40,45,42,14,40,27,47,33,24,28,50,33,10,46,49,11,29,35,40,15,50,49,33,44,15,23,24,40,22,39,46,26,49,37,14,43,49,36,21,36,29,47,42,32,29,16,32,20,48,40,30,31,45,42,32,45,24,32,38,38,36,21,15,35,33,21,44,20,20,30,45,36,49,20,44,26,36,18,40,13,32,15,11,37,10,48,15,14,37,29,23,34,23,13,38,20,31,13,11,45,24,27,25,49,47,32,49,32,23,17,43,29,18,38,34,36,11,45,24,44,18,33,15,21,40,27,34,17,47,30,20,41,37,23,17,44,33,23,40,46,11,17,15,19,24,45,37,18,33,20,22,26,11,16,24,44,45,25,44,14,48,45,38,40,33,41,26,25,31,43,48,42,43,25,13,26,10,41,36,27,27,14,12,25,25,33,44,17,17,13,23,36,32,15,15,48,21,47,25,12,11,43,37,30,35,21,10,39,18,17,14,38,23,41,31,47,30,35,44,38,16,19,44,30,11,29,45,14,13,33,24,27,11,31,43,25,13,33,44,40,37,22,23,31,35,21,40,30,15,26,13,30,27,45,16,37,35,12,23,14,18
17,33,14,31,19,30,26,48,41,19,46,46,38,24,30,22,15,19,31,48,24,38,11,30,38,20,23,22,44,20,21,39,12,23,37,35,19,42,26,26,26,46,29,47,27,30,10,15,19,45,34,22,45,11,41,40,43,29,39,43,34,14,19,31,49,21,20,33,11,32,41,46,11,42,12,36,21,15,44,32,34,31,25,45,11,50,47,28,39,43,29,50,15,21,18,11,44,18,27,36,24,32,43,23,21,42,14,15,38,41,17,11,22,12,17,34,46,32,48,19,10,13,14,32,40,27,20,32,21,41,46,18,26,22,30,40,25,18,40,28,35,29,24,40,46,39,13,50,40,22,38,34,19,45,45,30,20,22,14,42,48,14,37,40,40,22,24,12,17,46,11,29,38,26,19,24,38,39,44,11,30,46,39,45,12,33,27,17,18,39,23,33,28,13,11,34,46,31,24,39,41,49,28,17,15,15,46,43,35,34,39,25,23,43,22,48,50,19,15,48,48,13,23,24,16,30,19,33,48,23,29,28,15,45,25,47,39,39,16,48,46,28,24,42,41,45,44,11,20,24,39,31,27,36,42,19,49,22,47,33,23,18,31,35,48,44,12,39,24,40,24,37,13,45,44,14,24,32,20,14,39,36,11,16,44,11,21,37,38,16,14,22,21,14,20,18,34,24,39,19,14,30,30,14,36,38,39,14,19,47,26,16,49,49,24,15,19,49,23,18,29,48,36,20,23,25,25,15,49,27,45,25,40,39,21,38,45,38,33,11,28,38,30,12,18,46,13,14,38,17,31,25,21,38,18,27,30,19,47,17,17,18,44,35,22,45,46,38,33,31,37,37,31,49,28,23,21,31,38,23,15,33,35,22,27,10,49,41,37,44,24,31,45,15,25,35,39,27,28,44,22,45,33,32,45,46,42,42,31,44,27,32,36,31,34,32,44,36,29,23,26,41,32,32,35,42,40,30,50,12,13,10,36,14,48,20,48,20,47,11,19,33,15,29,45,20,19,15,37,32,18,13,38,39,18,37,27,25,28,29,23,42,40,17,14,37,19,28,45,26,42,29,47,41,15,12,47,43,42,46,23,18,13,20,19,33,17,15,46,35,41,48,43,27,25,24,32,35,35,24,45,38,11,36,42,23,24,27,27,14,16,16,26,10,27,15,41,27,39,21,41,21,24,35,39,32,50,11,38,40,30,11,41,17,31,38,38,44,23,30,22,10,44,29,16,47,28,33,21,46,21,48,14,28,22,25,34,12,35,12,41,46,28,47,20,19,13,18,19,33,42,43,44,33,26,26,41,32,39,49,31,44,14,15,31,31,43,18,34,18,21,37,39,46,29,42,11,22,14,30,20,25,42,30,26,42,42,35,28,21,45,32,11,46,37,29,21,44,14,23,37,23,37,25,23,47,30,46,19,21,10,23,24,16,18,19,26,16,13,25,33,49,37,14,39,11,26,23,18,14,35,13,21,21,47,37,43,28,17,50,20,42,22,12,30,36,41,42,22,21,30,26,12,47,26,42,50,23,44,19,15,49,38,12,49,40,33,29,29,42,10,24,30,14,37,35,44,16,43,16,41,20,21,24,32,15,10,14,38,35,47,22,49,46,42,26,29,41,20,17,20,24,30,34,47,21,38,25,36,49,16,22,26,18,45,31,49,30,37,39,27,21,27,20,46,27,38,11,20,39,14,29,20,28,21,46,50,20,29,15,16,20,32,11,13,18,13,46,31,35,25,19,40,21,42,13,45,26,12,11,35,40,11,34,23,34,40,35,25,11,39,14,49,38,33,27,37,15,21,35
48,20,18,34,12,22,44,29,12,17,50,39,15,38,42,13,34,18,15,22,39,25,47,31,18,50,21,29,11,11,50,20,42,18,18,21,43,23,48,13,14,28,33,11,10,30,31,12,32,29,38,50,47,22,21,42,25,40,46,20,31,31,32,34,39,15,35,14,24,10,39,49,33,41,28,19,15,32,48,40,12,46,38,40,10,48,31,17,20,42,24,24,30,19,50,14,37,15,20,44,14,25,46,46,13,18,17,46,49,22,49,47,14,32,15,43,48,37,17,27,46,45,37,40,34,46,41,49,44,11,12,47,28,41,41,36,23,20,49,46,21,40,43,45,43,15,49,19,27,36,25,37,23,39,45,33,19,43,44,27,31,20,49,49,31,38,30,18,46,23,44,27,10,17,32,27,46,38,46,35,31,29,42,11,43,36,47,24,39,35,12,49,30,27,22,34,34,14,27,36,41,14,13,34,37,27,12,28,33,22,33,32,24,18,34,39,40,18,45,45,36,15,31,45,18,12,17,17,48,13,14,32,36,42,39,26,22,19,13,36,18,32,16,33,24,19,47,42,16,12,14,26,14,21,41,20,40,50,20,26,16,19,37,49,24,28,44,17,25,22,25,28,18,31,44,48,39,43,16,27,45,38,29,50,45,49,21,31,47,39,22,10,49,45,12,20,36,41,18,35,28,45,48,17,39,28,14,45,38,15,43,33,23,11,44,43,49,50,48,39,25,16,32,18,22,32,17,27,32,19,30,36,24,41,44,47,21,43,47,33,47,32,26,18,40,35,37,39,48,47,46,37,47,49,11,14,41,31,41,44,39,10,40,39,17,47,22,23,45,28,19,41,45,34,39,32,10,14,48,36,38,34,14,34,45,24,29,40,45,40,18,15,37,48,50,31,50,41,49,49,31,44,27,28,25,31,15,11,44,45,14,28,18,34,38,36,44,45,36,43,17,10,43,38,25,45,46,32,28,50,43,38,42,21,19,47,44,27,18,41,21,22,20,38,13,39,10,15,42,16,44,25,49,42,17,47,28,30,26,28,21,21,21,19,30,45,15,44,27,34,25,47,21,26,26,29,43,47,42,22,30,35,36,16,14,14,33,31,44,16,47,30,27,15,32,30,46,50,20,16,39,39,32,29,42,20,30,14,29,32,36,38,22,28,24,14,25,14,29,13,31,30,48,46,16,39,48,40,13,48,20,18,40,41,46,24,20,33,39,39,14,31,30,14,19,41,32,35,42,47,39,43,36,16,19,28,17,32,31,45,22,27,49,42,39,18,10,25,18,45,24,16,18,16,14,31,22,17,44,42,23,32,16,35,15,35,29,31,37,24,39,10,35,39,49,26,31,26,42,31,34,46,37,49,47,16,22,43,50,40,27,20,43,15,39,50,18,25,41,29,32,26,31,34,49,35,19,29,36,50,41,19,45,15,45,10,13,33,14,36,45,43,46,18,24,23,16,49,41,29,29,11,23,29,45,42,25,34,35,13,13,26,22,47,37,23,49,10,31,14,41,11,41,47,24,33,29,44,12,24,18,34,42,30,30,30,13,50,29,17,30,47,34,33,47,39,42,17,28,16,39,22,21,26,37,19,35,25,16,17,18,21,42,45,27,31,45,32,42,25,27,25,15,48,25,43,17,13,36,28,37,22,49,15,34,30,11,23,20,12,11,16,21,39,25,16,12,37,11,32,13,38,45,46,13,25,46,15,49,28,31,28,13,28,33,12,19,23,16,26,14,42,35,42,34,49,13,35,32,36,40,21,24,49,12,30,48,11,29,27,48,34,44,12,45,48,43,28,17,27
27,32,17,15,25,16,23,42,20,27,47,45,30,12,10,45,32,35,33,12,15,11,23,31,16,44,43,11,38,42,29,29,15,15,30,33,47,11,38,47,15,41,40,37,13,36,49,22,27,35,25,41,36,10,30,48,43,21,15,36,36,30,28,24,40,33,49,36,21,47,18,31,22,33,16,47,30,13,37,19,14,46,31,15,20,15,43,35,46,23,27,41,19,32,44,25,12,35,28,10,42,27,41,29,17,43,49,33,19,45,27,10,45,37,42,18,18,48,29,29,29,40,16,49,32,43,14,13,37,14,18,27,38,32,19,47,50,29,15,36,22,18,19,11,26,43,29,26,25,40,16,41,31,26,33,18,34,33,33,30,50,43,20,12,49,35,45,37,48,42,17,15,42,40,17,34,34,27,42,19,22,34,25,22,29,27,16,27,23,44,40,22,34,35,24,34,41,18,13,37,35,27,31,16,27,19,34,39,33,32,32,45,48,37,12,16,46,13,17,32,13,34,45,30,18,30,50,15,17,41,11,40,16,46,30,19,39,37,21,34,35,38,47,12,40,13,18,33,24,40,27,48,46,48,49,47,32,30,27,46,18,24,33,12,28,44,45,19,20,48,47,35,17,15,15,11,44,31,46,14,32,46,36,15,45,13,21,46,41,12,39,25,45,29,15,37,37,14,23,39,24,50,26,45,42,38,24,22,46,28,34,38,11,28,14,16,38,15,23,16,23,47,26,12,40,32,10,32,25,35,41,24,11,39,47,30,25,10,50,45,27,15,24,24,33,39,47,46,18,44,40,39,41,35,43,29,36,44,18,15,46,41,15,15,33,29,26,39,44,11,24,40,16,14,25,11,33,19,44,27,13,23,40,38,33,28,49,27,40,46,31,11,40,34,40,35,32,25,25,13,43,21,25,43,35,18,14,17,36,13,47,43,20,23,38,47,15,17,28,11,22,16,27,20,42,13,26,18,27,31,31,22,28,14,40,21,20,27,34,11,41,19,12,33,33,21,32,18,13,28,50,42,47,42,43,12,38,35,22,49,37,34,12,43,16,35,44,31,47,26,11,43,34,41,24,38,49,19,30,11,37,34,39,17,13,12,12,19,31,32,40,12,45,42,19,12,24,23,12,42,12,37,30,14,43,12,45,49,38,24,21,13,39,29,33,15,31,35,45,48,13,40,31,44,25,23,14,12,33,38,26,42,32,24,36,32,32,47,38,37,17,48,11,42,30,37,25,34,47,30,43,14,39,37,15,11,14,11,10,20,17,38,25,21,11,20,44,49,45,23,25,27,30,12,22,35,18,30,38,35,18,13,14,44,26,27,36,25,25,36,19,12,18,37,28,50,32,36,44,39,29,11,16,26,44,18,10,31,19,34,21,21,10,41,43,22,45,16,11,43,28,33,39,34,20,26,36,29,13,44,31,44,36,26,45,50,21,19,47,37,48,13,42,20,43,17,36,19,44,48,25,10,43,25,46,24,44,37,33,46,16,29,33,43,22,34,20,24,16,38,22,22,46,25,24,10,30,29,36,32,20,24,50,39,32,24,10,24,39,22,19,13,11,28,39,22,46,28,29,42,19,12,22,44,16,29,32,46,25,29,20,21,17,29,36,46,29,27,31,10,20,42,42,44,48,20,16,11,18,21,19,40,14,48,12,13,36,42,50,11,11,27,45,29,28,25,47,33,21,43,38,50,18,27,48,38,32,31,33,25,16,25,48,49,12,49,13,15,34,33,23,34,31,47,20,17,44,39,21,26,30,36,44,15,28,47,15,33,14,45,16,19,48,38,34,44,32,28,32,35
48,28,43,15,23,45,44,22,48,24,33,19,11,24,27,12,42,41,29,17,31,31,24,15,44,13,37,35,47,38,48,14,49,18,29,29,21,34,15,46,49,26,12,50,24,25,34,32,26,35,49,22,20,41,29,38,28,23,49,16,10,29,36,18,42,36,24,17,42,25,33,14,39,25,32,35,28,20,21,17,35,34,24,33,18,33,10,36,16,40,10,18,35,43,45,36,44,32,12,30,47,19,42,11,29,20,33,14,33,44,15,26,48,37,28,49,26,40,48,21,13,27,40,20,39,26,13,19,27,38,46,18,36,36,24,29,30,17,23,27,28,40,31,20,28,41,43,47,11,21,26,35,35,41,34,13,37,47,45,38,16,48,45,12,41,16,16,40,45,48,43,32,19,13,18,26,45,37,30,32,30,37,36,48,45,49,49,35,40,36,38,33,31,30,47,45,20,43,11,11,38,46,41,28,48,36,27,46,27,16,12,18,48,28,11,12,27,49,30,21,17,36,40,37,43,45,38,48,20,33,32,30,48,43,46,28,24,22,14,25,31,26,29,41,15,31,32,14,47,12,47,13,48,44,28,49,12,45,26,44,21,35,24,17,27,35,17,14,24,18,42,10,29,45,41,43,42,16,39,16,34,20,44,13,24,49,36,39,39,23,29,25,25,46,18,14,46,45,39,27,28,47,40,41,45,14,44,31,50,42,36,28,10,21,18,27,48,40,24,50,32,25,12,18,20,45,34,18,41,37,24,26,35,28,34,47,24,31,24,45,19,37,17,13,45,42,12,33,43,29,41,37,14,32,31,15,15,22,16,42,14,17,11,28,47,23,30,43,43,39,38,22,32,44,44,45,43,15,43,20,21,41,44,17,21,44,47,23,32,20,34,50,11,24,43,41,42,11,14,19,43,36,32,40,16,28,39,41,37,33,43,40,48,48,35,11,37,18,16,17,27,39,22,24,30,35,30,12,32,38,43,48,37,12,26,46,13,45,34,14,29,17,49,20,43,13,17,45,31,25,38,25,28,13,24,22,35,40,31,40,35,23,27,45,17,23,36,37,30,38,43,12,26,23,21,28,32,39,11,37,36,48,18,32,36,44,29,48,47,29,30,48,39,19,41,21,29,15,42,40,24,42,41,12,21,50,47,31,31,37,17,35,17,22,23,34,20,31,38,19,34,43,20,31,38,24,16,31,28,32,29,38,20,48,21,24,39,25,48,47,26,48,24,13,14,30,42,10,21,30,15,47,30,32,19,41,22,12,16,33,22,35,44,44,24,45,37,38,34,29,40,44,15,25,45,12,42,13,27,12,40,39,41,23,35,18,48,35,16,20,15,39,15,24,39,38,16,49,41,49,14,30,38,39,30,38,18,28,12,20,12,43,35,48,19,13,44,25,11,22,39,25,40,31,35,30,24,24,19,33,43,22,18,34,48,18,46,21,15,47,38,19,26,48,19,17,22,49,40,23,20,41,22,32,26,34,15,20,28,26,20,39,12,14,38,24,46,25,29,32,46,25,27,25,42,38,26,40,17,14,19,41,18,36,45,39,18,23,45,13,18,11,16,15,26,41,41,38,33,48,21,21,23,50,27,30,43,30,11,17,45,44,29,47,20,22,48,31,30,42,26,27,11,37,43,19,19,27,10,34,34,36,37,50,38,41,24,47,35,45,24,33,37,49,16,37,42,12,16,26,16,34,18,16,49,12,36,17,16,36,12,49,20,11,20,28,28,13,10,25,17,36,36,27,43,27,43,23,37,29,39,25,29,15,26,31,28,44,28,39,24,18,33,23,27,27,10,23,34,25
40,47,24,18,35,48,24,11,38,18,22,24,33,44,44,30,26,11,46,25,28,35,47,20,23,20,40,34,32,35,43,13,41,49,21,32,21,29,29,12,48,30,41,12,50,22,10,43,45,44,47,29,35,25,38,22,20,31,15,33,33,21,41,41,15,13,48,17,43,11,23,48,14,47,41,36,21,11,12,35,25,36,16,39,22,42,45,28,42,40,36,33,29,13,26,14,33,23,46,41,45,27,45,40,13,24,18,32,22,10,39,47,10,33,10,47,43,40,25,34,39,36,38,45,37,24,36,18,30,19,35,34,15,15,20,16,29,24,25,30,48,35,26,35,39,43,41,35,39,17,20,34,16,40,23,33,12,33,17,12,35,13,38,38,24,29,28,43,15,48,17,20,14,36,45,18,12,33,41,49,19,28,20,18,16,31,40,44,41,41,14,46,38,44,41,11,19,34,43,46,13,45,29,50,18,40,42,35,11,13,15,18,33,18,18,40,47,47,29,36,38,50,33,49,11,48,44,24,42,46,33,22,18,33,13,47,47,34,13,17,33,48,26,42,44,30,29,22,10,43,38,48,18,39,33,18,28,31,38,29,44,28,39,14,30,44,25,26,26,33,16,22,20,43,48,14,38,14,34,31,13,44,48,36,18,14,47,24,33,24,24,25,18,46,47,40,36,47,41,42,13,11,30,33,30,17,41,12,14,18,36,43,41,15,43,26,18,42,31,11,41,46,18,44,27,50,17,45,19,48,36,10,18,43,48,50,29,12,19,28,46,40,44,27,50,17,37,11,40,14,28,20,41,43,31,21,17,39,38,37,42,36,30,31,22,45,41,36,42,47,36,34,41,15,13,34,42,46,37,37,13,12,20,42,10,14,29,17,46,40,33,41,47,12,11,20,19,15,46,44,42,21,32,42,43,46,14,21,22,28,50,17,31,45,32,34,35,39,15,11,42,16,25,22,13,36,40,43,27,48,16,27,40,29,29,13,25,42,30,44,11,11,26,14,39,49,20,31,24,44,49,33,32,35,44,33,34,42,16,49,10,19,48,30,14,39,23,26,27,13,26,35,35,29,26,19,16,31,27,36,41,29,35,14,42,34,31,35,24,47,19,17,48,29,41,47,23,22,36,12,43,30,14,25,44,17,50,47,23,43,19,46,19,30,30,10,22,34,35,19,49,38,15,28,15,43,15,10,30,23,11,18,27,34,26,42,18,25,21,47,17,34,33,48,32,10,27,35,28,36,21,46,15,14,42,28,27,14,49,15,50,34,28,30,36,29,14,38,28,27,18,20,12,40,33,44,35,34,30,17,46,47,49,41,43,30,45,38,48,21,37,29,13,25,19,11,29,16,25,23,22,50,43,43,34,12,41,49,29,49,48,48,41,27,43,13,22,28,44,22,37,14,16,39,16,11,41,38,42,29,49,25,22,38,43,48,39,25,32,16,44,26,20,41,22,45,46,38,11,33,24,28,21,14,36,38,12,11,14,26,20,38,12,43,37,47,46,46,42,27,15,28,32,29,37,34,43,10,37,17,12,19,36,21,10,22,24,36,50,45,13,18,19,25,48,31,45,41,26,28,43,35,31,46,34,49,11,38,15,42,31,33,14,12,48,34,21,40,27,23,29,49,25,46,43,22,30,30,13,11,37,35,29,22,45,50,19,31,25,28,23,38,49,46,44,37,37,24,28,13,30,27,33,23,34,47,48,12,38,47,27,20,12,23,17,45,15,15,45,39,11,40,12,24,49,48,21,21,42,47,16,37,40,29,43,15,41,39,18,18,19,36,35,14,30,39,10,25,30,15
11,35,35,41,43,35,16,45,25,20,32,25,20,24,32,19,45,31,13,39,26,43,29,27,13,37,49,31,27,34,15,15,12,15,21,27,11,47,34,46,44,31,29,24,17,16,21,38,29,38,33,39,32,44,43,26,41,21,44,45,41,16,27,19,16,17,29,43,22,26,21,38,34,22,29,14,41,47,47,39,29,40,25,30,22,30,23,37,31,43,10,32,21,29,14,45,40,35,19,47,36,43,34,21,30,19,23,38,29,39,46,10,42,24,16,29,50,40,23,23,27,21,18,39,22,19,47,18,38,44,49,45,47,12,27,48,21,16,24,23,34,32,32,19,14,27,45,18,16,31,43,29,31,42,25,14,42,24,28,34,20,32,14,20,22,41,24,14,28,16,13,31,40,33,20,20,47,26,39,28,47,44,42,42,45,28,32,45,43,40,39,22,38,39,38,19,38,26,33,25,38,18,14,24,26,20,11,46,45,33,22,22,39,25,16,41,17,10,23,25,24,27,41,46,38,19,38,26,28,13,41,19,17,26,16,41,24,44,16,14,46,12,50,36,46,31,36,23,42,39,12,25,24,18,29,48,39,36,46,21,28,18,20,12,34,15,17,21,50,19,43,34,47,46,19,48,38,47,35,24,26,33,42,15,34,36,15,39,15,42,27,17,47,40,41,24,36,48,44,47,12,18,24,12,48,34,35,37,34,36,29,28,36,28,49,44,39,17,30,30,28,11,48,38,26,43,42,28,30,12,50,31,40,31,39,35,30,35,11,26,40,38,45,40,49,44,14,39,36,21,31,20,11,18,40,32,41,41,25,44,36,32,10,35,25,29,13,34,39,30,32,32,25,21,20,43,17,39,25,43,21,40,16,18,41,36,26,17,43,41,19,25,25,41,48,31,45,24,35,17,49,36,24,37,10,15,12,18,34,31,33,24,27,45,22,45,40,38,47,17,28,42,49,39,13,12,23,15,42,27,36,50,40,50,47,36,11,45,41,32,22,31,11,43,34,26,44,13,34,10,23,38,41,36,43,49,17,46,38,15,11,16,34,47,20,48,27,44,33,36,11,33,46,40,30,19,22,15,15,19,37,31,49,47,38,19,18,23,24,15,27,27,42,11,34,27,21,31,46,41,35,38,29,13,11,44,41,12,41,12,20,49,20,20,29,26,30,16,15,40,32,21,42,26,28,35,21,29,11,40,24,27,33,41,40,36,45,34,32,16,21,50,25,14,32,18,41,32,15,21,32,45,28,43,10,16,19,41,23,40,37,21,13,34,45,22,43,16,16,17,33,45,29,15,21,34,44,31,42,18,41,18,49,32,12,49,33,15,35,24,31,28,24,21,10,22,21,17,22,41,28,44,13,29,37,14,40,37,17,21,49,30,29,37,48,12,11,28,10,23,35,46,43,24,29,25,22,25,30,13,39,38,13,29,24,30,30,29,16,13,36,46,20,13,26,44,16,50,39,43,19,47,41,38,17,21,44,48,11,45,12,30,40,28,16,16,44,48,29,29,50,12,32,21,33,14,15,15,46,50,15,21,15,49,46,28,15,49,42,19,25,41,36,41,11,13,18,20,49,34,41,25,42,32,40,43,37,18,11,36,35,30,35,10,36,10,14,48,44,39,47,18,21,11,36,39,27,33,19,25,15,43,32,34,14,15,21,38,50,17,43,39,30,32,18,41,23,18,14,38,50,34,48,18,33,38,35,49,49,28,47,12,29,29,15,21,43,15,43,12,32,46,17,16,13,40,26,33,13,21,15,30,44,28,37,26,13,47,46,15,14,44,46,17,41,19,21,47,19,34
47,26,13,40,31,27,35,41,35,11,48,41,34,39,13,13,32,31,15,39,26,44,44,42,28,11,34,19,40,37,17,43,14,27,40,49,40,39,21,34,50,37,22,41,38,49,28,21,43,47,11,21,33,33,45,17,33,41,48,28,22,28,20,13,17,42,31,26,36,45,33,30,48,36,21,21,44,40,11,14,11,14,37,50,11,34,42,48,48,13,20,46,23,16,46,39,35,45,36,23,18,21,19,22,11,19,21,30,43,48,38,33,34,47,41,36,30,17,31,48,26,17,44,25,31,26,19,46,20,37,39,24,35,37,27,47,32,22,15,22,49,19,20,10,46,35,22,11,21,49,42,33,47,11,25,34,19,23,28,42,22,17,48,24,30,26,16,48,32,23,43,11,33,14,14,19,11,47,29,12,14,34,20,48,39,43,46,34,47,16,18,41,48,13,44,44,19,10,27,35,33,18,48,15,13,19,38,44,13,29,24,32,48,22,49,47,21,31,13,32,45,46,28,14,29,22,11,26,24,45,47,13,12,35,40,38,41,13,38,48,36,44,42,19,39,27,46,47,10,23,27,15,17,18,20,16,16,49,48,34,42,34,29,31,22,30,31,38,28,43,19,31,26,48,35,28,10,49,31,31,45,47,48,27,30,37,48,41,16,48,23,25,26,49,49,46,32,14,33,24,28,32,18,13,44,23,48,21,46,20,31,30,44,17,21,34,13,39,27,50,31,28,21,16,23,48,46,31,31,44,27,37,24,22,40,27,36,31,47,11,31,20,27,31,32,47,17,27,19,14,12,17,20,40,11,33,43,20,38,25,14,44,19,16,29,41,21,35,23,31,44,11,15,27,28,17,20,27,39,37,29,40,22,38,14,46,48,38,26,18,34,15,16,24,32,49,12,35,12,17,45,49,37,37,25,36,42,20,13,21,44,38,28,49,36,46,17,34,15,41,38,26,12,38,40,21,35,28,31,37,17,26,34,16,19,28,40,33,19,24,45,34,33,38,47,40,23,24,38,49,15,10,45,48,46,46,46,21,20,27,19,38,28,34,31,22,14,39,16,31,18,22,19,44,28,20,43,39,14,17,46,16,35,29,43,20,39,20,20,41,35,39,42,50,18,15,38,30,28,39,49,44,24,19,11,19,32,11,49,35,44,38,27,27,30,14,44,44,49,28,42,47,16,48,25,11,26,11,24,13,47,19,11,26,37,11,27,37,44,41,33,35,49,31,35,14,34,12,31,42,45,47,25,48,38,13,40,41,21,49,45,14,11,37,12,21,16,42,39,12,12,14,25,16,48,31,33,49,36,38,32,13,41,15,21,46,15,33,11,38,16,29,47,37,27,11,46,31,16,25,13,31,12,41,26,45,14,17,19,49,35,42,13,12,34,33,48,14,41,18,32,16,16,45,16,47,41,45,41,21,36,14,49,19,31,19,19,38,49,18,48,41,13,15,30,37,17,46,25,12,46,29,31,14,12,13,12,31,45,22,16,34,45,14,33,26,18,24,47,32,33,11,25,36,19,12,36,22,35,35,43,49,49,12,17,38,36,35,14,27,47,32,38,20,36,34,27,38,32,38,34,38,46,27,33,30,46,14,47,17,20,49,29,33,21,15,21,20,11,20,48,48,12,22,35,28,17,30,49,49,27,40,50,26,42,43,14,43,27,18,28,11,22,18,42,28,48,43,14,25,26,28,22,11,45,40,37,40,33,25,30,29,39,16,48,36,15,40,36,43,22,27,38,35,16,11,17,20,39,45,38,38,38,34,45,11,47,11,32,48,27,28,12,36,24,28,17,42,10,49
34,42,26,28,25,48,32,43,37,42,36,27,12,39,30,10,13,13,24,43,41,35,19,46,11,28,50,35,34,22,46,11,49,42,35,15,45,25,18,40,27,36,45,33,16,33,29,44,17,37,26,17,22,23,20,23,12,36,50,30,34,42,16,32,20,36,46,31,19,13,23,46,27,18,12,17,45,14,17,11,49,26,17,16,48,22,13,36,31,44,23,30,37,48,27,40,43,33,33,32,31,43,32,22,38,29,39,32,47,33,42,15,34,14,22,29,31,17,36,27,13,12,20,50,43,21,43,42,28,47,49,27,33,46,12,15,22,26,23,19,13,21,47,16,36,24,18,47,49,45,41,38,29,11,42,27,42,24,14,21,46,26,22,46,25,18,16,14,30,23,29,17,32,21,34,27,13,43,25,20,35,28,40,16,47,25,39,48,30,49,45,46,30,36,40,38,18,37,39,43,36,17,11,25,16,29,36,35,47,32,16,30,27,37,40,28,23,42,12,43,21,40,47,40,39,33,19,11,26,30,33,43,49,42,24,24,43,28,22,20,45,22,35,29,38,49,42,46,19,30,48,10,25,35,35,44,21,27,36,29,48,44,39,28,37,45,11,46,32,26,50,36,36,26,36,26,20,39,24,30,17,49,20,41,38,14,29,25,40,38,48,18,42,14,41,42,48,33,19,49,25,25,39,30,38,21,35,49,29,30,10,13,41,25,49,43,46,40,35,26,24,49,23,22,34,48,18,16,49,27,15,37,50,29,34,49,30,27,24,47,19,11,34,23,49,21,43,27,18,15,24,28,47,40,32,24,16,29,43,15,35,47,49,36,23,18,47,48,37,28,16,17,21,41,45,46,40,30,22,47,39,10,29,47,49,42,16,35,17,23,13,27,37,32,25,41,19,37,39,32,44,25,37,17,30,29,15,20,30,46,49,39,10,38,41,49,29,24,10,30,34,44,20,42,18,29,29,10,17,11,41,38,25,25,17,49,31,36,25,43,20,11,15,48,36,39,48,40,34,19,29,46,20,11,35,47,16,26,49,33,28,15,27,45,42,43,33,11,29,17,18,29,15,46,41,15,34,44,19,20,32,49,22,19,43,22,43,33,45,28,28,47,34,28,36,25,37,44,43,13,17,12,29,25,26,18,43,16,14,19,20,26,38,42,30,27,29,23,21,20,28,21,23,27,41,24,36,22,30,36,36,35,26,14,11,11,21,22,26,34,48,39,43,49,23,18,39,36,18,48,17,49,33,26,15,20,36,21,43,37,17,48,43,39,33,16,23,18,18,13,45,20,49,42,39,42,18,43,47,30,31,24,14,49,32,49,25,35,29,12,22,19,38,33,24,23,34,29,24,22,13,15,41,48,17,49,33,40,13,14,27,11,23,37,38,27,15,22,11,24,39,15,40,28,41,14,21,25,40,19,38,18,39,16,24,20,19,20,46,38,30,49,23,15,30,38,41,36,33,32,38,11,23,43,43,23,35,22,11,13,48,11,48,10,13,35,34,16,17,29,16,40,28,29,35,46,10,50,44,45,41,29,20,45,19,42,34,43,37,49,27,29,31,37,36,41,42,42,26,19,29,44,44,18,33,23,35,24,48,21,34,10,29,13,29,32,22,41,14,25,25,49,49,47,26,44,50,29,34,43,14,30,19,22,41,18,24,20,34,47,43,18,12,38,28,38,45,16,10,20,40,21,39,28,31,43,28,49,16,37,19,35,33,30,37,35,32,25,49,35,37,15,42,46,41,42,12,48,36,44,28,44,17,23,42,20,12,24,24,34,50,19,35,39,32,14,33,20,12,13
37,11,13,18,20,43,34,26,27,45,27,35,46,48,43,40,45,28,26,40,22,45,20,10,25,15,22,34,25,47,12,20,21,13,16,17,38,13,46,36,15,13,37,22,18,16,36,32,18,17,39,18,27,43,34,49,47,24,21,27,11,22,31,41,39,34,49,30,38,26,11,13,24,37,30,22,28,13,38,38,18,24,47,50,48,38,30,19,20,30,20,22,28,42,31,32,39,43,17,29,21,22,46,30,29,25,13,32,27,41,27,31,13,41,45,37,24,31,31,14,22,46,31,46,30,39,24,23,45,10,48,47,34,41,28,43,17,29,46,29,42,22,34,45,34,44,33,32,26,46,14,35,29,10,11,47,10,22,19,13,33,19,22,30,24,11,34,30,45,37,46,36,44,34,29,22,28,28,20,16,45,13,36,16,24,33,21,26,18,36,12,49,49,38,31,33,33,22,17,42,37,30,36,22,36,43,11,38,48,13,26,36,16,38,15,42,39,22,23,13,40,30,24,50,29,11,47,20,38,38,32,34,36,26,25,16,45,13,22,15,26,10,11,45,25,17,38,31,47,49,20,10,35,12,19,50,33,19,32,14,14,28,27,37,30,28,27,29,23,19,32,21,12,30,23,15,47,20,29,19,21,44,46,21,49,50,46,42,45,43,16,12,42,16,15,18,34,25,50,18,25,15,50,21,30,14,43,15,44,40,32,32,48,49,42,23,35,35,30,38,30,27,34,25,36,28,44,24,24,38,11,20,32,16,10,27,48,16,27,40,41,29,39,33,42,42,44,19,35,20,24,32,19,48,29,48,47,42,27,21,34,15,33,36,28,24,10,49,11,37,29,38,37,21,39,11,11,16,21,21,14,48,24,26,35,49,33,17,13,16,43,24,30,35,32,23,19,14,25,29,41,38,50,17,31,21,27,39,11,45,28,44,33,47,27,17,22,13,48,29,37,49,46,20,38,10,12,20,46,44,36,17,39,31,14,41,16,33,15,49,17,11,48,35,25,44,43,32,22,41,28,45,39,18,41,19,44,15,24,17,36,27,37,20,25,28,18,19,12,23,41,20,35,36,27,28,49,20,47,15,38,36,44,47,42,28,21,24,47,33,24,41,48,37,12,17,13,49,49,38,21,41,31,28,39,24,47,29,19,50,40,46,16,19,26,22,43,42,33,36,17,19,46,30,29,46,36,46,21,46,14,43,44,20,11,34,43,16,11,34,14,32,13,12,41,23,42,21,26,44,29,17,11,36,42,34,13,47,16,13,38,39,40,23,26,46,15,48,47,18,35,38,14,16,23,18,32,37,13,28,30,18,23,31,48,19,42,45,19,17,44,11,25,31,47,24,39,32,15,33,10,30,19,23,35,30,45,26,39,41,11,12,35,43,17,38,47,17,34,45,14,24,12,49,20,30,32,18,41,47,50,35,29,12,44,41,32,13,37,17,31,49,18,15,11,16,21,32,45,44,16,13,30,43,17,25,34,46,13,19,33,34,34,17,36,46,49,46,13,41,27,16,39,28,29,23,34,43,13,13,21,24,42,18,21,29,13,18,32,38,30,37,21,40,29,29,24,15,43,31,21,22,19,11,21,50,23,44,17,46,11,22,42,47,12,31,42,26,27,36,36,37,43,11,16,38,24,32,20,18,37,28,11,17,24,40,33,29,33,43,29,17,21,17,34,26,30,40,18,35,48,28,31,36,47,26,48,30,32,36,14,43,14,44,42,11,20,36,38,37,48,47,24,23,39,25,13,27,34,45,41,22,37,17,47,39,45,24,49,43,33,21,20,42,35,36,12,40,31,14
34,33,42,15,19,34,27,34,38,21,43,39,30,47,48,25,46,40,23,43,13,48,31,41,35,22,28,36,43,34,37,36,45,25,18,41,29,49,31,36,47,11,29,45,20,14,43,28,27,42,39,26,22,39,41,18,16,17,27,46,32,10,37,20,37,15,39,13,47,25,30,38,47,30,29,27,20,13,33,17,20,38,45,31,49,21,37,12,19,29,19,29,43,15,28,28,39,37,39,50,28,15,36,32,36,29,23,36,40,48,46,10,40,19,43,46,26,48,12,45,45,50,10,23,23,10,15,40,25,10,42,16,40,29,30,38,40,40,31,34,37,14,42,22,23,29,21,48,40,41,41,31,36,15,19,16,44,17,47,49,23,35,12,16,10,48,46,18,34,19,38,24,36,18,45,19,28,23,34,39,32,26,17,17,17,41,48,10,15,40,23,17,37,34,36,16,35,33,44,42,19,26,15,35,34,30,36,21,47,31,12,20,32,21,22,44,18,31,29,26,48,47,45,22,46,31,40,17,16,45,41,17,12,48,49,48,46,24,29,18,33,31,45,18,40,34,15,22,11,13,13,37,17,36,46,42,49,43,25,21,34,12,47,46,14,24,33,12,18,32,15,36,43,27,35,27,17,21,16,20,34,31,24,32,16,26,22,10,27,44,36,31,46,14,38,33,17,22,12,21,36,42,21,18,49,18,39,25,39,31,38,34,39,44,18,29,18,43,29,25,13,29,48,18,47,17,17,48,12,22,45,42,41,27,18,28,44,16,48,20,38,24,22,46,36,50,49,48,28,27,40,49,33,37,40,11,26,31,15,48,30,11,38,27,11,24,36,35,26,30,43,16,50,42,43,31,24,35,15,14,46,19,44,24,27,11,27,14,20,28,17,14,32,46,29,29,16,19,40,26,19,23,47,38,28,22,37,20,17,34,32,40,31,13,22,39,14,30,27,16,22,27,10,30,25,45,39,50,22,11,13,48,11,22,44,35,23,36,14,27,40,27,38,10,27,16,41,21,15,49,14,26,21,21,39,23,44,29,18,16,37,23,42,46,20,14,18,22,30,30,22,30,36,22,32,32,25,37,39,39,44,27,10,37,34,42,12,13,28,28,48,33,12,43,38,38,17,23,25,19,35,15,15,31,50,33,16,26,39,34,45,24,44,33,11,28,47,16,17,15,13,14,35,18,47,14,47,45,27,17,38,28,45,21,47,30,42,39,32,24,46,41,45,18,25,32,27,17,16,19,38,42,28,45,34,40,19,45,24,12,17,36,28,49,23,44,42,32,21,32,10,28,47,50,49,22,15,41,25,37,19,20,31,16,13,44,25,45,32,11,12,44,14,17,35,29,32,16,16,19,25,47,42,33,27,16,27,31,24,42,38,43,13,15,44,34,48,37,38,25,44,12,33,18,22,10,34,49,44,22,30,23,29,39,16,24,49,23,32,22,20,14,12,23,48,22,26,29,50,41,47,16,16,11,20,50,48,20,23,39,23,44,46,17,41,41,16,40,15,39,22,40,39,22,40,41,38,27,38,11,21,46,13,28,34,20,34,40,19,37,28,32,25,10,21,48,33,34,34,42,10,49,24,24,43,27,14,32,33,35,20,41,14,14,45,14,29,32,31,34,42,49,22,21,30,43,20,28,43,49,33,11,23,26,31,40,26,31,14,19,10,12,38,42,38,24,15,34,40,13,19,15,26,50,48,43,47,12,35,42,44,22,36,12,33,11,29,20,48,25,46,48,11,20,35,32,44,23,16,48,40,19,32,20,36,29,40,48,14,40,37,44,33,29,14,29,45,43,38,42
30,31,28,45,10,26,12,34,11,42,31,46,15,16,39,50,45,13,12,32,28,28,18,35,41,17,30,40,28,15,35,16,13,35,22,43,44,36,38,44,49,28,46,49,48,16,37,49,29,36,45,20,37,22,27,18,12,39,47,50,36,20,46,24,48,42,11,25,48,32,18,35,39,46,14,47,33,17,42,16,28,14,21,20,34,20,42,12,21,41,16,33,30,45,40,38,13,38,40,13,19,43,34,16,41,35,31,15,18,47,21,20,28,19,28,27,16,22,49,12,33,42,34,38,44,35,25,49,43,17,40,32,40,16,17,16,11,35,33,22,28,20,38,10,11,47,26,50,32,32,17,30,33,18,41,31,23,17,23,22,45,31,17,15,24,47,39,16,26,36,42,47,15,42,29,47,26,24,23,31,29,26,32,20,12,40,28,40,17,15,31,45,35,33,17,50,44,14,49,40,24,18,25,32,10,27,13,45,41,29,42,50,22,49,23,19,29,31,42,17,49,46,16,12,30,33,43,50,42,14,13,23,37,12,25,24,49,43,35,19,34,21,45,27,37,13,33,23,29,35,33,26,26,42,37,34,29,40,22,15,40,34,24,15,30,25,33,33,15,31,21,23,49,49,31,46,29,34,47,39,47,18,41,11,39,45,39,37,42,31,26,45,43,34,18,27,38,37,32,21,23,19,47,16,32,24,47,13,32,21,43,13,11,42,15,21,11,32,14,42,31,14,25,38,45,20,27,49,10,47,27,36,39,50,47,22,11,16,31,26,40,25,44,33,13,26,49,35,30,25,23,30,18,24,45,33,27,38,29,30,34,23,40,37,10,36,44,38,15,39,36,18,40,21,24,28,27,32,44,35,36,40,22,41,40,18,20,44,28,14,24,29,35,49,31,42,43,36,11,22,19,44,32,14,45,28,28,19,42,42,22,43,48,33,45,17,25,38,28,36,25,31,42,35,24,14,23,12,47,47,21,48,27,36,21,48,48,18,23,45,44,48,42,13,28,43,35,33,18,19,19,37,43,23,31,47,21,36,24,14,26,12,31,17,26,14,44,16,36,21,31,31,41,31,30,35,46,15,14,37,40,34,15,20,31,49,20,21,36,25,28,33,11,25,30,47,12,23,23,36,21,12,31,44,24,24,37,47,47,13,42,23,28,12,43,21,32,37,49,18,16,28,21,44,37,24,24,27,17,41,30,46,35,44,47,36,29,16,33,22,14,11,18,44,15,47,17,45,34,32,34,49,20,34,22,12,49,42,20,44,13,42,22,46,14,11,15,29,28,25,16,36,40,49,32,36,26,24,48,40,32,42,17,22,29,26,23,24,14,28,39,21,45,39,10,49,26,32,26,11,35,24,42,36,44,30,26,29,25,12,14,19,28,22,12,36,24,19,32,29,33,44,45,12,16,27,36,22,32,19,22,20,22,40,44,19,35,28,22,29,30,24,20,28,19,16,28,16,42,35,19,38,44,37,14,11,47,24,14,24,40,45,23,17,38,26,28,17,25,41,14,23,50,16,11,31,21,16,22,21,36,12,25,25,50,24,14,21,49,18,25,29,12,13,49,15,21,16,28,11,46,48,18,48,43,32,42,17,35,41,49,36,35,13,47,30,13,10,27,14,15,19,33,20,41,22,44,39,12,28,15,30,22,36,45,15,27,42,24,35,29,40,14,12,47,42,24,28,45,23,29,26,38,21,20,14,22,25,20,20,47,40,36,43,23,13,27,17,31,27,47,33,39,18,23,22,49,49,13,17,45,38,26,23,14,20,17,28,12,34,20,36,15,21,28,31,19,19,34,39
11,42,23,25,42,17,37,14,50,35,35,34,23,11,13,38,30,21,36,11,19,47,16,17,38,36,27,16,11,35,16,41,14,36,21,13,34,26,42,45,42,36,26,21,32,35,39,32,21,37,42,40,44,25,32,46,20,50,15,21,15,27,13,11,39,28,18,28,42,49,23,40,48,26,37,15,25,25,32,27,30,14,29,31,21,44,30,39,15,17,14,40,15,43,46,47,32,48,11,12,12,39,47,45,23,41,27,22,22,22,46,43,50,16,31,18,30,29,31,40,27,44,35,34,23,22,21,35,10,35,15,39,38,49,42,27,20,35,48,11,48,29,20,37,17,19,45,35,14,10,11,41,12,27,47,29,39,21,47,47,44,23,43,29,45,39,45,20,43,13,31,43,23,19,43,38,21,24,47,12,21,29,35,44,40,43,48,44,21,43,45,11,49,32,43,33,44,32,32,43,30,32,17,39,45,22,20,39,35,25,47,27,40,40,35,25,43,41,16,33,12,42,28,14,17,29,35,41,18,21,48,39,46,25,32,34,48,32,47,18,48,40,46,20,32,18,35,14,47,38,12,48,26,14,26,11,49,27,21,18,26,12,16,11,33,45,48,43,47,27,38,32,49,24,45,43,43,36,19,15,40,20,37,28,35,46,25,41,18,28,12,35,36,12,24,23,44,43,30,19,34,34,48,31,12,48,21,38,17,26,39,27,27,14,10,14,27,12,23,19,41,21,45,42,13,16,29,31,12,41,37,39,21,16,41,19,40,30,29,12,36,26,23,16,28,37,37,15,38,11,46,50,28,10,18,15,46,12,13,13,47,38,41,24,23,26,30,35,31,42,45,10,50,36,36,22,39,40,30,33,48,11,37,45,20,26,13,38,11,35,23,42,33,45,16,49,40,40,40,12,34,14,42,11,19,45,34,29,32,23,38,30,45,37,27,48,16,41,16,18,26,19,38,19,39,48,22,19,28,17,16,38,48,19,19,35,21,35,27,24,35,15,22,12,37,49,46,40,20,15,19,13,17,23,45,38,27,13,42,34,27,49,43,47,45,36,11,46,23,15,29,25,39,39,32,17,21,43,23,37,45,32,32,28,15,24,18,39,43,19,42,22,49,14,43,38,31,50,27,26,39,44,33,29,22,42,11,30,19,30,24,20,40,33,38,23,21,48,28,44,37,27,39,37,16,35,32,36,34,12,27,11,21,13,13,45,35,23,36,12,34,33,38,45,46,14,30,17,29,16,15,18,24,14,11,39,20,37,41,34,12,25,23,32,47,43,12,34,48,27,27,31,20,46,38,14,47,19,13,39,21,21,20,44,22,16,45,39,32,35,25,19,47,46,20,47,44,43,22,19,16,33,34,42,40,33,41,35,11,48,14,19,40,41,41,17,23,11,37,35,29,17,42,43,13,45,28,41,21,44,31,28,28,28,11,25,18,42,18,14,45,39,48,42,43,44,50,33,23,18,17,25,43,32,41,13,35,33,18,14,38,41,10,13,20,34,22,44,24,47,22,35,34,22,17,46,27,18,28,30,26,37,50,14,24,22,47,42,39,36,15,40,22,21,22,45,36,26,32,32,46,14,23,26,43,48,43,42,15,40,12,30,28,44,49,25,30,26,49,15,45,33,13,36,40,38,43,22,28,32,41,31,17,35,40,11,29,13,18,42,24,10,16,37,42,33,11,36,12,41,39,25,30,42,41,50,40,17,13,31,44,34,31,19,45,40,47,17,18,43,48,26,31,10,40,35,10,36,21,36,19,24,29,29,14,40,45,19,26,24,49,40,32,27,19,32,24,18,16,32
17,21,43,38,48,31,48,46,17,45,11,20,41,23,33,49,33,27,18,49,50,29,22,32,29,14,42,30,13,47,22,30,16,25,44,28,36,26,41,41,45,39,15,25,27,23,35,12,17,44,30,25,17,42,34,36,38,41,17,30,42,39,19,45,19,33,28,37,32,25,40,19,29,26,18,36,40,47,42,21,49,43,40,43,12,40,37,49,25,45,36,17,31,36,47,43,21,43,47,25,45,19,37,20,48,31,41,46,39,25,17,18,23,14,16,27,39,17,15,43,48,49,30,22,35,47,18,31,27,45,35,17,29,24,45,23,12,48,23,33,36,10,44,40,25,25,17,32,35,38,16,33,28,31,41,46,43,44,49,30,20,39,11,40,42,40,14,44,23,34,37,22,50,13,38,22,28,41,31,40,25,43,41,31,35,24,32,42,27,40,45,47,30,38,13,22,45,23,19,45,28,41,19,39,18,15,44,22,28,44,29,33,37,28,15,33,46,21,16,32,19,15,46,23,34,18,42,50,30,50,40,32,34,24,46,21,45,24,22,12,16,22,42,19,41,32,20,12,30,37,38,32,12,22,26,13,13,46,35,27,39,32,36,11,20,39,49,36,14,47,26,24,20,13,39,25,46,18,32,34,11,38,40,13,16,32,32,31,23,24,44,28,23,22,24,27,45,23,15,42,11,46,15,19,13,44,30,25,36,46,25,16,44,17,16,17,39,46,14,30,27,39,38,48,24,49,26,35,11,30,31,48,29,25,37,18,35,11,12,38,20,49,27,10,41,44,23,14,36,27,30,45,42,16,17,13,49,30,49,41,27,18,16,35,43,30,40,25,32,10,32,10,33,34,33,21,14,49,28,11,30,36,28,14,20,34,11,41,32,40,30,30,26,44,23,20,46,24,21,18,24,23,26,14,27,18,16,28,38,33,20,49,45,13,49,11,25,16,38,15,49,50,45,19,43,40,33,22,37,17,45,47,16,30,39,49,40,15,21,38,24,42,22,18,19,49,26,27,28,27,32,18,14,32,25,44,27,26,35,23,29,24,20,23,44,44,28,21,41,38,19,17,48,34,30,10,14,16,44,38,32,17,43,24,23,37,20,46,32,14,43,15,29,48,32,42,45,36,30,29,17,29,35,13,49,42,29,37,40,30,36,29,25,25,15,16,39,12,40,19,39,40,14,30,11,31,24,29,20,30,46,44,22,39,27,34,36,10,36,32,27,25,30,16,40,23,12,34,43,31,44,23,31,40,15,19,16,37,37,48,23,22,39,11,17,23,13,12,31,42,47,49,10,48,35,25,20,43,24,44,22,13,37,18,26,35,31,43,20,40,45,38,42,45,27,42,24,25,29,21,13,35,13,35,34,41,37,26,38,30,16,29,43,31,21,15,26,50,17,30,34,12,41,50,38,25,17,25,29,48,30,34,47,49,24,46,29,39,43,45,49,49,29,34,12,47,43,15,26,27,17,41,37,14,14,13,27,21,26,29,16,23,43,38,26,29,38,44,30,23,24,10,14,44,39,18,17,44,33,23,13,33,18,33,26,16,38,36,29,35,43,43,14,20,46,37,44,44,16,18,19,39,27,28,18,10,21,39,13,13,50,18,17,49,38,23,18,39,44,37,44,29,46,32,44,23,17,12,37,23,16,19,25,42,33,15,12,25,19,19,31,32,48,14,49,41,29,48,28,17,15,37,21,14,23,43,42,18,45,25,17,24,40,38,33,40,11,19,24,12,24,23,26,22,37,15,42,21,40,13,13,39,18,20,24,28,28,18,19,34,14,47,27,39,46,32,44,39,26,50
28,10,38,44,15,49,46,25,18,39,14,20,21,38,20,16,30,35,14,23,20,35,40,23,29,20,47,36,48,44,33,47,15,34,33,17,25,34,32,24,14,34,23,27,25,13,35,22,25,26,33,25,28,39,13,35,46,36,31,11,44,43,40,42,18,11,38,44,48,38,31,12,12,18,27,17,22,33,37,41,38,45,36,35,27,33,24,15,41,11,44,20,18,12,21,26,24,15,28,32,11,48,39,19,42,11,13,29,23,18,38,37,16,47,14,27,29,50,48,32,46,42,47,23,28,39,47,22,15,19,11,26,37,36,39,46,13,37,35,47,15,33,47,25,12,36,12,45,38,43,40,21,24,21,20,30,33,22,11,13,12,22,14,46,15,25,10,42,34,27,43,27,12,18,11,26,47,44,43,38,12,46,29,28,33,34,21,39,23,18,29,36,27,13,43,48,46,22,40,22,46,43,11,22,32,40,28,20,28,36,36,22,47,24,40,13,12,40,42,10,15,10,14,25,10,43,13,36,29,26,48,12,42,43,26,19,46,18,14,43,24,40,42,29,31,46,48,42,20,10,41,14,28,21,45,13,24,21,23,34,12,42,27,30,34,49,16,17,17,39,22,43,42,33,25,47,23,14,46,32,20,29,20,28,32,11,48,25,12,49,22,14,21,24,47,26,13,22,37,45,40,23,17,33,15,11,34,49,45,12,20,46,45,38,40,29,13,30,48,12,21,44,10,33,40,12,28,38,32,46,35,15,43,48,21,33,49,19,38,44,19,26,47,38,31,40,19,49,11,39,18,15,29,41,21,29,21,39,29,36,28,39,23,17,42,49,25,33,43,44,16,28,21,39,16,12,10,11,26,22,31,42,36,14,47,11,43,45,25,49,16,31,37,37,17,38,37,42,50,43,23,45,14,49,40,33,20,49,27,34,35,16,15,37,37,18,18,39,23,48,26,17,41,36,42,46,29,27,31,23,37,14,16,47,24,15,39,11,49,43,25,25,21,31,20,32,43,19,24,42,34,46,19,17,16,21,29,34,17,39,39,11,28,28,37,29,50,43,31,18,40,11,50,36,20,49,46,32,28,15,18,47,40,48,13,47,20,13,34,38,43,33,18,11,43,42,16,33,21,33,39,26,40,47,21,31,16,26,24,33,44,21,35,44,20,37,32,11,15,43,25,25,39,42,21,30,49,22,18,26,50,32,27,32,29,49,45,28,33,22,45,21,25,35,19,24,30,47,34,39,39,34,49,22,29,38,43,40,45,12,43,15,16,20,47,50,31,24,50,47,39,31,29,12,45,38,18,14,29,21,41,17,11,17,47,50,40,45,29,45,27,29,25,21,21,19,24,17,22,47,38,45,37,41,13,19,45,18,36,50,41,25,10,22,36,28,11,24,38,11,33,21,30,24,21,31,46,29,19,32,12,26,49,32,42,40,46,21,36,27,38,13,33,25,49,37,28,19,16,12,42,47,10,23,16,40,37,47,28,23,35,43,19,17,42,39,24,47,31,31,20,25,16,20,40,24,31,19,39,45,17,38,33,29,35,36,28,24,50,13,30,17,44,13,38,11,37,23,38,29,33,20,12,17,31,11,43,20,15,43,31,24,31,21,47,38,22,29,41,40,38,32,21,40,47,40,39,13,25,35,46,48,16,49,43,44,25,15,41,38,23,20,23,18,18,44,25,47,24,23,41,14,44,15,24,12,44,41,16,21,32,42,29,39,37,31,13,24,32,13,46,45,34,43,35,32,32,33,28,37,26,12,46,35,39,32,24,35,14,47,38,25,33,24,28,48,11,18,33,30
12,28,46,24,28,48,17,27,26,40,15,21,19,42,16,24,41,46,44,39,18,44,46,16,19,30,43,43,21,33,41,18,18,32,15,23,42,27,29,49,29,16,49,18,17,23,19,46,26,38,40,17,39,11,24,17,17,13,48,35,42,20,46,22,10,48,29,19,26,27,35,29,24,26,48,14,43,50,28,27,26,28,41,30,28,34,33,32,37,17,34,25,38,40,25,39,37,20,30,42,13,38,40,42,28,27,42,12,40,29,31,38,22,41,39,43,36,43,46,32,28,31,31,38,17,34,38,18,43,35,15,43,41,10,42,25,40,37,41,48,26,41,17,25,44,17,47,37,17,42,46,17,22,11,40,46,26,43,44,36,43,27,48,21,17,29,10,48,13,29,16,27,22,48,19,38,44,16,13,46,18,36,48,30,41,44,36,35,27,29,18,29,42,39,38,16,25,33,31,38,45,14,38,15,24,15,10,30,16,42,27,30,29,11,36,43,28,24,44,35,38,20,24,32,40,22,28,45,38,39,32,35,23,19,41,10,35,47,20,16,39,38,37,34,19,11,29,18,46,44,25,28,48,42,12,21,17,44,29,11,17,21,44,44,16,11,14,33,29,40,46,33,27,23,47,11,16,29,23,48,30,15,24,46,22,21,38,20,20,43,23,35,20,32,46,17,33,48,37,43,35,21,39,30,48,26,23,21,25,35,28,21,14,48,18,23,38,43,46,11,20,47,41,20,44,39,26,31,29,20,30,26,19,18,11,25,12,24,43,27,16,36,10,14,50,41,14,37,42,23,14,39,28,39,16,14,28,37,14,29,25,25,24,43,37,10,43,23,43,38,37,46,43,16,50,44,49,17,13,18,34,28,14,21,30,34,35,36,29,42,12,45,10,19,33,14,46,41,19,15,35,24,12,13,46,45,31,45,26,26,50,49,25,33,39,21,20,19,43,37,42,38,14,49,45,24,23,48,15,14,10,17,35,31,42,23,33,47,30,31,35,39,33,42,19,49,20,34,23,32,29,30,26,33,12,24,46,28,34,10,14,39,19,14,22,24,32,18,50,16,26,15,39,48,25,41,11,15,40,14,37,26,11,37,16,22,15,23,46,19,12,48,39,40,13,27,17,26,37,28,45,12,44,48,10,14,44,15,20,35,12,36,47,13,31,21,30,24,45,27,26,17,39,18,31,22,11,39,49,32,44,35,23,42,46,18,20,17,31,18,40,49,16,27,14,37,14,35,21,29,49,46,26,25,26,37,19,20,14,46,38,31,22,46,36,25,23,40,30,29,45,42,38,17,46,44,29,44,48,47,50,45,20,48,14,30,22,42,38,16,13,35,22,41,14,46,41,49,24,34,44,47,20,24,34,33,26,48,20,14,38,20,13,13,19,19,24,39,24,24,38,31,29,22,30,15,24,47,20,15,39,28,18,22,26,10,12,31,12,32,32,42,29,49,19,43,26,42,25,18,46,43,39,11,37,32,45,41,21,47,23,24,36,30,20,45,11,18,43,25,12,34,15,27,10,13,31,43,22,30,15,27,40,38,11,13,33,38,48,22,27,35,42,12,38,14,20,30,22,29,29,48,15,13,47,29,37,14,49,31,45,10,26,25,14,16,23,33,47,30,48,30,47,19,26,19,41,25,36,12,18,44,49,22,21,39,33,47,15,49,47,14,21,48,35,19,45,12,40,23,28,27,43,10,37,33,30,47,29,13,36,37,21,39,37,10,36,28,36,42,45,47,50,22,42,43,41,30,16,48,48,37,35,41,49,45,12,46,17,15,43,43,24,27,24,47,18,17,28,47
18,48,45,30,15,36,31,46,47,41,29,41,20,28,32,31,24,34,37,18,34,46,32,32,36,23,32,24,30,19,25,27,40,18,27,47,16,25,21,30,33,41,39,14,47,18,49,14,19,44,16,39,23,17,44,31,31,41,44,23,14,36,22,32,25,22,46,46,41,23,11,46,41,19,31,13,37,18,23,29,22,21,21,50,22,19,49,20,20,24,50,41,48,34,50,38,49,11,48,33,46,30,15,41,16,39,34,21,14,39,38,30,20,16,35,11,34,39,46,35,15,12,25,38,19,41,37,28,36,48,44,26,39,32,35,42,24,43,17,29,20,37,44,37,47,49,46,44,11,40,12,49,47,28,41,34,48,23,33,42,14,27,25,14,28,11,35,20,15,20,49,41,42,49,44,18,33,45,30,27,42,40,34,39,25,17,34,20,34,30,24,47,10,48,15,41,20,12,21,42,50,30,14,21,23,47,46,33,36,41,46,50,28,33,34,43,10,13,21,28,34,38,31,26,12,23,26,24,22,50,20,11,27,22,17,37,47,25,44,32,30,25,46,22,30,46,50,26,41,35,27,46,20,20,11,38,41,14,32,23,14,46,16,26,10,33,45,30,44,14,16,45,21,45,37,40,31,48,25,22,16,39,10,12,24,38,25,39,19,40,12,33,47,27,28,24,25,21,26,39,20,33,29,47,17,39,45,29,36,24,12,10,38,34,36,49,10,46,30,31,10,24,16,37,38,50,22,12,33,28,21,18,30,43,39,27,31,47,29,17,48,14,47,30,39,16,19,17,27,25,31,14,12,28,27,26,17,16,46,40,31,11,18,23,43,13,34,13,14,43,16,37,44,36,17,26,42,17,41,47,33,44,10,10,45,24,36,27,17,15,47,25,44,35,29,30,37,30,33,26,36,45,29,47,38,21,43,46,19,14,37,13,22,12,46,17,14,18,22,13,35,19,30,37,13,41,13,43,34,18,44,33,41,38,20,23,16,37,26,32,10,31,46,23,17,45,20,49,14,16,35,11,39,24,11,11,19,37,41,29,22,36,35,43,44,29,26,40,42,11,29,34,37,36,40,21,29,43,25,42,14,32,39,27,35,34,14,39,31,26,49,40,35,38,44,29,26,21,19,35,27,14,43,49,42,45,49,36,31,29,43,41,22,21,50,24,18,44,12,46,42,37,36,35,48,43,41,32,33,41,28,50,33,19,45,17,17,47,38,31,25,27,36,11,19,33,33,27,36,30,20,21,36,47,27,32,26,29,31,42,26,37,14,44,45,14,47,11,39,38,36,40,10,18,21,26,33,24,49,22,48,43,19,32,23,36,44,22,32,14,24,39,45,44,35,37,42,13,50,14,23,16,29,25,47,49,15,23,47,45,26,14,41,48,16,20,45,37,48,15,34,23,39,42,47,12,27,48,48,24,31,14,27,45,24,47,38,16,19,29,23,33,48,21,29,21,12,48,35,28,48,18,37,36,24,33,38,38,40,16,18,40,37,40,19,37,42,17,25,39,25,41,49,34,32,42,15,15,40,25,49,33,22,32,38,28,21,27,49,48,48,16,34,42,35,24,16,44,42,34,28,24,21,40,22,46,48,15,48,49,22,33,20,17,39,31,23,20,14,17,36,39,30,34,16,31,11,49,44,27,32,38,27,40,37,21,34,19,45,31,46,39,39,30,38,33,46,12,24,26,30,31,29,11,41,47,23,29,37,48,26,19,25,46,30,30,26,33,42,16,26,39,30,43,44,17,27,14,37,27,41,18,19,24,44,36,40,17,21,35,41,24,38,28,32,20,48,18,35,49
48,32,39,47,21,28,39,39,36,22,26,35,38,35,15,48,47,16,21,19,36,25,11,47,35,39,15,18,46,30,40,21,22,35,13,12,14,30,10,20,19,23,30,32,26,12,17,18,20,24,29,48,25,18,31,34,31,13,12,18,10,43,12,19,50,24,17,24,43,19,28,41,11,15,42,34,37,32,26,24,29,33,26,32,44,12,49,45,24,34,19,48,39,32,36,46,42,25,37,23,43,17,36,22,23,42,17,29,23,44,23,30,29,41,43,39,30,32,38,21,43,14,37,23,29,25,14,41,23,10,48,28,24,33,45,22,19,12,44,49,16,35,34,32,30,48,12,43,13,11,17,29,22,19,19,40,20,33,33,36,33,34,21,14,41,19,19,19,28,25,12,22,28,45,22,24,45,30,33,31,20,24,47,24,27,10,29,11,32,32,21,11,36,30,21,44,32,20,19,42,46,16,28,43,38,25,47,20,37,45,35,42,27,28,37,24,21,39,38,22,15,11,12,22,12,25,18,42,24,22,31,37,30,23,48,30,47,20,19,17,32,45,26,16,35,29,13,45,14,11,15,12,22,29,26,38,25,28,39,16,20,11,13,37,27,43,33,12,28,19,45,34,14,19,33,46,18,35,45,24,14,16,36,43,42,22,25,23,40,39,18,50,22,22,17,23,39,26,17,10,40,11,48,23,47,42,11,37,24,27,45,50,35,10,19,21,21,46,27,18,38,31,40,48,40,41,15,27,36,13,18,46,49,49,46,47,24,25,41,32,30,23,25,48,28,23,18,11,48,16,25,32,47,37,23,37,38,47,28,48,26,38,17,40,10,25,12,29,28,15,11,13,25,36,28,16,25,47,26,15,38,18,47,49,41,49,49,39,10,21,32,31,13,33,27,35,31,18,31,49,37,49,45,24,15,27,39,30,28,46,14,35,14,49,24,42,38,47,14,11,14,48,20,48,34,46,33,25,18,24,30,36,13,33,20,37,15,45,48,41,17,35,29,37,29,14,47,22,42,44,31,18,16,23,12,29,20,38,49,41,17,25,37,17,39,34,25,16,42,23,35,20,49,27,20,28,16,43,17,33,19,24,19,33,25,11,43,38,16,11,18,30,44,28,21,15,32,22,45,27,48,18,25,21,25,48,19,39,23,34,31,39,13,24,12,12,35,49,12,31,18,11,15,28,30,17,37,18,44,39,38,11,16,35,14,29,18,17,39,50,40,37,11,14,36,28,27,40,50,36,11,30,29,19,18,38,32,39,42,50,30,45,12,14,20,15,49,25,18,40,47,23,13,20,31,23,38,33,41,12,36,42,45,22,38,38,13,36,22,26,39,35,28,40,21,46,22,47,44,12,22,33,22,26,25,32,33,12,13,24,45,13,39,20,22,25,20,34,49,30,17,29,49,37,43,31,44,22,35,48,24,32,13,35,19,19,23,36,37,49,12,43,14,35,20,25,36,46,19,31,20,39,21,20,35,28,16,24,22,27,29,36,22,13,15,17,43,29,24,33,30,39,13,47,22,36,47,39,34,13,25,45,44,29,30,43,41,47,11,26,29,31,26,39,50,46,24,25,43,17,49,45,37,11,43,26,42,12,18,12,34,25,25,49,48,20,12,16,24,46,21,19,18,14,12,27,43,25,36,39,30,10,35,32,14,24,22,23,42,34,29,42,48,24,13,43,23,26,22,47,49,46,32,19,46,42,46,17,35,19,23,29,48,24,36,43,33,16,49,48,30,27,22,35,17,37,25,48,41,32,41,16,19,28,23,26,44,41,39,17,46,39,27,28,28,25,21,14,33,18
46,15,32,42,16,44,23,27,19,32,32,48,38,50,20,39,45,19,43,43,31,20,26,38,46,35,47,32,36,35,40,35,22,14,28,30,13,34,29,39,42,40,49,39,19,28,43,28,49,11,41,35,46,18,45,36,22,46,17,46,18,37,21,13,28,44,30,20,20,17,22,31,28,42,16,20,36,26,13,36,39,22,36,17,34,24,33,13,38,35,39,11,28,21,37,32,27,37,12,42,28,43,22,39,29,16,34,19,19,17,27,12,26,46,34,25,22,11,10,22,27,11,37,30,21,50,42,14,38,11,44,40,30,44,24,47,11,21,12,30,47,20,41,28,29,45,50,33,30,44,13,22,10,25,11,33,48,27,11,21,30,21,24,34,17,36,12,38,26,17,38,44,32,12,11,27,46,23,21,15,47,50,45,46,43,33,34,31,19,26,16,37,25,32,16,16,42,22,41,28,35,43,20,32,31,19,43,42,48,12,29,10,43,29,40,18,34,23,35,12,38,26,28,41,20,22,14,32,32,14,46,29,48,34,41,17,25,17,31,19,48,29,21,37,26,20,12,47,14,36,47,29,17,25,39,18,17,16,23,13,13,19,25,48,49,24,30,12,27,43,21,14,28,49,34,46,21,27,29,17,50,12,48,21,31,44,16,13,43,16,38,15,50,22,39,40,36,23,16,15,47,18,26,19,49,15,24,27,12,39,39,36,26,32,39,10,39,20,25,33,42,36,24,38,19,18,27,12,10,19,48,32,34,28,15,42,30,33,14,33,39,23,25,15,13,13,43,34,28,39,46,21,29,29,39,15,15,10,46,41,39,39,43,29,13,25,43,39,40,27,12,41,20,24,11,12,40,11,41,47,19,30,13,23,38,17,36,21,33,49,47,15,28,11,13,41,27,38,12,30,27,19,43,44,29,38,40,23,31,30,48,31,32,35,35,26,33,50,41,36,49,43,22,45,24,20,23,22,23,27,30,21,16,50,47,42,17,11,26,39,47,13,37,24,22,28,21,46,35,29,50,32,48,45,28,32,23,35,25,15,25,15,50,48,34,33,45,39,43,41,37,30,24,31,12,35,49,22,34,40,11,47,41,32,11,11,22,38,48,38,20,12,47,45,37,27,15,26,25,42,47,35,24,14,26,48,22,25,32,32,23,18,21,23,48,43,34,17,33,35,33,19,25,15,15,27,28,41,11,27,40,34,47,49,16,48,42,21,20,47,32,36,28,21,39,43,25,35,12,35,37,35,23,43,38,32,25,38,33,28,32,46,15,14,34,25,25,17,15,43,36,33,19,44,27,45,43,46,16,20,43,50,19,23,12,32,47,19,13,19,25,15,38,37,49,32,30,34,26,27,20,34,43,23,14,46,37,15,45,39,46,29,41,18,37,18,36,14,30,50,43,38,19,26,18,13,30,18,24,35,35,16,39,46,46,27,44,14,12,44,11,17,42,46,15,27,19,33,35,11,42,30,49,41,31,22,39,20,40,38,21,47,39,26,31,40,11,48,19,26,44,25,22,31,31,41,22,23,27,45,11,30,16,49,34,43,22,44,40,15,48,12,12,16,41,12,37,35,47,34,23,32,49,17,34,46,23,20,17,27,35,42,45,10,21,43,12,45,17,20,19,46,26,27,36,10,34,17,22,32,37,48,14,13,36,33,33,17,48,49,21,23,18,17,48,48,21,23,39,19,50,47,24,39,34,31,37,20,31,16,17,20,25,28,23,29,12,41,29,42,42,37,36,41,39,13,30,23,28,50,24,32,34,45,30,48,14,26,43,40,17,50,38,44,27,45,20,22,25,27
19,49,40,44,21,31,36,42,17,38,14,45,39,46,45,28,15,25,29,16,17,48,21,45,47,25,18,44,29,44,35,30,47,14,17,41,23,47,35,42,50,15,11,18,48,31,18,23,22,22,47,36,22,17,21,28,32,35,11,21,11,28,47,18,19,34,30,44,13,30,17,40,16,41,19,48,26,15,10,13,19,35,41,30,25,14,27,17,17,44,50,44,35,49,29,20,43,34,30,43,29,21,29,30,32,21,13,41,39,44,30,47,45,17,48,38,33,48,11,19,35,42,16,44,25,42,12,25,32,38,23,16,48,23,29,18,17,25,32,40,17,26,31,30,34,32,27,17,29,28,23,35,12,40,42,42,26,49,39,24,44,43,42,27,49,48,41,41,49,44,19,22,35,49,10,15,35,35,26,21,26,44,42,47,28,42,22,28,25,13,50,32,25,14,49,26,17,25,28,31,11,21,32,42,47,15,19,40,35,12,32,34,23,31,48,19,36,19,16,40,47,45,39,31,49,22,25,14,14,41,46,38,46,30,16,47,42,33,27,31,42,46,12,21,13,28,42,13,21,13,16,42,26,46,25,36,37,23,27,22,40,10,16,29,21,31,36,39,17,21,35,11,48,27,22,25,48,49,17,36,32,45,44,31,11,21,14,31,38,31,26,50,44,19,23,22,13,39,33,27,25,44,42,11,34,27,19,35,39,23,10,30,21,32,49,21,12,12,43,37,30,50,27,39,44,42,18,15,22,11,40,33,31,29,44,23,23,47,28,24,38,44,21,19,12,19,48,21,47,11,12,30,29,20,48,38,17,24,24,46,22,19,28,34,45,31,12,34,12,20,25,14,29,23,35,11,37,13,47,40,33,13,13,35,27,41,27,44,24,43,15,43,32,23,29,13,46,17,31,17,10,40,49,34,35,14,34,23,43,42,33,25,18,32,21,40,46,37,18,21,23,44,25,30,28,18,32,19,19,36,35,28,36,20,12,10,18,43,15,36,44,47,11,26,25,30,11,15,21,35,25,28,33,26,12,34,37,15,14,43,17,41,48,18,17,41,15,46,46,13,44,18,40,27,30,43,42,11,15,15,46,13,18,40,10,14,12,30,28,49,35,21,25,18,22,30,14,50,15,49,42,31,45,14,48,31,15,25,47,20,22,29,17,48,26,16,27,31,32,13,26,32,45,14,33,27,44,19,18,12,23,23,39,15,32,50,49,11,35,23,35,35,25,32,15,20,19,15,46,44,12,18,23,48,27,46,48,48,48,40,34,46,48,39,27,12,43,27,39,41,18,40,40,33,43,37,33,37,32,16,30,12,43,26,15,26,24,28,22,15,14,22,44,49,35,48,28,34,41,38,30,18,19,13,40,17,50,14,47,40,31,49,40,16,25,36,38,14,32,29,44,34,35,35,48,35,14,39,37,49,25,12,17,29,22,14,38,48,18,25,13,14,24,17,47,48,29,47,47,23,31,13,28,28,46,32,34,31,49,15,41,35,38,31,44,48,16,19,23,37,42,11,33,13,17,26,37,17,29,44,37,43,13,17,15,30,19,25,29,22,11,41,34,33,21,12,25,30,28,39,22,25,11,46,43,45,29,27,10,14,37,40,24,44,26,35,25,36,36,33,26,22,35,36,44,47,44,41,26,12,27,45,26,44,14,32,34,42,10,23,40,14,37,40,40,24,22,40,39,31,28,13,36,14,41,34,16,16,19,16,21,25,41,43,38,19,42,29,48,21,23,13,40,19,29,33,41,22,45,31,20,40,12,22,14,20,17,27,37,11,31,24,41,28,30,43,11,44,49,41
25,33,19,41,28,27,26,29,27,36,32,35,24,35,15,20,44,13,14,44,28,38,15,42,15,45,46,47,13,35,12,28,29,34,34,31,36,25,38,10,11,48,32,25,11,29,12,32,39,19,13,42,48,42,41,19,41,14,23,17,23,14,50,34,27,35,32,20,43,37,23,27,39,46,13,28,17,10,29,21,34,12,39,25,15,41,24,17,25,39,18,43,25,27,11,40,25,35,17,40,31,44,48,21,31,28,32,11,47,37,41,15,17,31,27,49,26,11,30,41,48,35,43,11,20,13,50,39,38,11,30,44,26,43,38,15,21,43,22,49,28,26,47,21,34,15,25,33,45,35,31,33,42,41,19,28,19,23,12,14,23,32,20,40,47,19,37,44,17,32,28,19,37,30,16,19,34,37,19,12,12,47,11,22,41,44,41,34,48,43,42,15,26,19,16,13,23,35,15,48,13,20,27,44,38,16,39,39,17,17,41,20,37,26,43,37,49,13,41,32,16,45,15,17,20,27,37,21,39,16,43,22,16,19,21,42,33,24,38,30,44,22,44,24,43,48,18,22,20,17,15,44,10,38,19,44,35,16,44,22,13,31,24,32,24,41,44,16,42,12,22,16,32,31,41,26,12,33,16,32,11,15,38,24,32,12,12,28,22,37,23,27,46,27,12,44,15,29,29,23,46,35,33,21,17,43,15,11,31,22,45,38,22,43,39,47,48,20,15,38,31,21,46,19,46,39,23,11,40,13,19,35,46,41,16,19,26,35,18,22,39,49,23,33,37,30,27,38,26,37,14,46,36,48,32,43,32,19,13,42,48,44,16,43,43,34,46,18,47,11,25,41,13,49,38,17,23,15,19,27,25,35,18,25,26,19,13,20,45,41,17,34,48,45,26,14,50,35,20,38,37,40,25,43,24,17,35,24,19,13,31,45,44,21,47,48,35,33,24,27,29,19,32,22,20,27,35,40,40,16,33,36,32,33,16,11,48,19,38,41,39,49,45,42,35,35,26,44,22,14,33,18,42,23,38,47,32,18,35,23,41,18,29,37,30,11,45,20,14,12,10,17,18,28,48,47,19,33,34,45,11,47,38,22,46,20,28,15,13,23,28,20,26,25,31,33,21,43,14,37,45,24,50,31,44,47,30,11,12,38,27,13,33,25,37,19,48,46,48,24,11,13,17,29,49,36,34,11,19,45,22,21,14,39,22,22,40,15,19,21,16,29,18,27,15,42,47,32,24,50,25,47,12,39,45,11,44,35,23,38,31,23,48,29,37,38,33,32,15,44,48,34,38,19,46,40,30,45,31,25,43,13,38,14,21,36,19,28,24,12,22,23,44,47,33,19,43,23,42,45,43,48,33,34,15,22,46,25,16,15,22,39,12,31,39,18,30,37,46,14,32,39,36,43,19,26,41,29,35,11,24,44,21,26,22,18,17,26,43,34,23,39,25,29,16,28,32,38,20,48,23,23,40,36,17,47,17,43,33,30,16,27,29,26,27,43,37,16,25,38,40,26,35,43,27,33,32,25,15,48,38,13,48,50,29,33,34,22,36,24,19,39,33,14,16,39,47,38,35,43,10,46,40,43,37,21,19,26,45,23,37,16,44,29,18,46,30,40,27,14,16,36,39,26,44,34,44,24,18,15,43,26,25,41,32,28,44,44,10,28,30,47,14,45,40,45,43,32,13,44,15,31,35,15,33,40,43,14,27,44,20,15,38,38,26,17,11,20,14,27,42,48,13,41,31,40,42,47,19,37,42,15,44,39,15,36,38,32,14,29,14,41,17,19,10,20,48,26,46,11
45,24,37,21,32,50,40,38,19,36,22,43,28,45,45,25,15,35,27,30,32,17,37,10,39,17,28,17,11,16,20,27,34,36,37,19,45,24,21,40,16,31,50,27,23,32,36,50,31,27,21,46,40,44,20,41,46,13,47,30,45,25,25,36,32,37,39,13,14,30,19,39,14,42,25,16,25,18,13,27,36,11,44,27,13,35,13,11,16,46,24,26,13,36,42,31,13,13,38,33,11,21,18,37,14,11,37,11,12,11,24,29,36,31,33,34,27,19,38,19,11,30,10,11,30,23,43,19,11,35,40,16,33,46,20,49,20,17,42,30,37,16,12,49,18,21,31,21,29,26,19,39,40,30,48,44,43,50,13,14,23,11,36,22,24,10,21,16,13,47,38,20,14,17,44,23,34,41,22,18,24,23,16,36,35,26,12,40,43,10,31,33,12,28,15,11,44,48,36,36,26,21,11,40,24,14,43,37,25,37,49,32,38,35,30,12,47,47,38,36,28,48,36,21,37,49,27,19,11,17,32,30,39,42,20,30,44,20,47,44,40,20,32,20,31,28,34,25,34,41,38,16,43,44,24,10,50,46,11,26,41,50,11,18,21,48,31,26,14,40,27,48,19,22,29,45,23,30,49,49,47,45,38,27,22,24,35,20,34,26,18,33,27,37,38,32,36,28,15,36,42,45,40,27,32,27,29,49,20,29,10,33,48,41,48,45,11,34,23,34,16,46,27,11,39,26,10,18,47,34,37,33,45,15,27,15,46,20,31,11,33,46,30,32,37,30,34,47,49,36,30,33,32,28,36,15,13,34,32,46,46,27,15,32,32,43,45,32,32,23,26,43,32,45,27,45,12,47,33,42,35,33,28,14,22,42,14,46,30,45,33,36,38,32,28,31,25,15,37,13,11,19,43,17,20,50,27,17,47,10,33,21,19,43,32,17,33,23,43,32,32,25,44,20,18,49,33,33,47,44,41,20,42,36,26,23,39,31,26,22,25,41,39,33,31,31,43,15,39,21,32,35,33,31,42,48,47,40,49,15,28,18,30,48,11,29,45,28,37,24,43,15,35,23,39,14,14,38,40,13,40,30,49,32,12,21,30,21,25,47,28,46,22,43,36,44,12,40,44,49,40,24,33,45,21,23,38,28,36,21,38,13,26,39,44,35,39,27,19,46,30,47,11,33,17,46,27,36,36,11,11,20,25,13,18,35,36,17,32,15,31,42,35,28,44,24,25,38,33,34,37,46,27,11,16,21,26,26,31,45,16,48,40,14,29,38,34,44,44,30,32,17,26,14,36,45,13,32,33,38,43,30,13,36,22,34,41,29,49,49,21,40,38,14,48,28,12,45,49,48,42,32,16,44,49,14,14,20,49,22,15,33,13,45,27,47,22,30,36,49,40,44,35,25,16,11,20,18,37,46,49,34,14,24,39,48,12,23,20,35,44,28,34,33,45,13,31,46,16,35,24,16,37,13,20,23,11,45,40,17,25,32,30,38,13,33,36,12,43,26,27,22,28,33,33,49,24,12,12,18,22,46,39,49,47,14,43,37,10,48,21,25,19,20,20,36,40,38,38,38,48,13,15,25,43,15,44,37,34,40,28,23,45,23,38,30,18,45,21,49,38,37,22,25,35,22,20,33,17,44,26,24,36,27,15,34,26,17,40,20,24,49,37,43,37,28,31,35,46,30,41,27,23,30,46,25,46,39,22,46,18,47,14,34,17,12,33,17,31,16,26,47,42,33,29,17,37,21,31,15,33,25,16,26,39,16,31,20,42,47,39,46,43,21,28,40,30,34,28,14
23,28,46,37,33,43,11,31,35,27,41,24,22,10,18,14,44,23,27,44,44,30,48,20,29,49,28,31,15,49,39,29,23,45,46,45,15,44,22,17,30,34,48,23,23,24,10,12,21,49,14,11,48,42,37,12,32,17,30,15,16,11,45,24,12,47,29,49,41,25,11,39,11,21,28,31,44,22,42,36,26,11,16,23,39,29,35,24,31,38,48,25,24,23,16,24,23,33,13,18,14,40,27,36,13,46,48,24,32,17,46,33,46,33,35,27,43,40,42,21,33,47,47,17,29,11,16,43,10,32,44,21,16,22,33,31,30,33,10,44,37,44,18,25,19,36,44,41,30,31,24,30,38,31,14,17,35,44,43,31,18,47,27,41,32,12,42,44,48,45,20,30,44,33,36,49,40,45,49,17,25,50,35,37,22,41,11,37,19,13,46,24,37,28,19,49,28,28,12,48,30,18,24,46,48,26,26,38,37,16,29,12,12,32,32,26,26,14,45,39,48,27,24,44,11,31,24,12,38,39,30,33,19,13,10,33,44,11,31,48,36,16,17,41,40,15,31,14,42,47,15,15,25,19,15,21,40,45,26,37,29,47,20,18,21,17,29,43,16,24,20,13,25,27,50,37,16,13,12,49,14,13,24,43,36,49,38,36,47,31,48,21,47,11,29,13,12,24,49,49,33,12,24,26,12,39,49,31,36,41,36,44,30,33,17,20,24,35,43,42,32,22,35,41,33,14,20,37,32,35,49,44,46,21,37,20,49,45,48,26,18,46,50,23,24,38,41,22,43,27,29,48,16,26,47,30,31,40,22,36,48,13,46,26,23,45,18,19,27,30,25,38,45,42,29,32,38,45,10,19,33,15,35,44,29,12,23,13,12,49,18,19,23,18,24,32,16,49,18,21,44,24,22,19,31,17,16,19,19,36,13,49,31,21,15,30,36,20,27,24,24,26,14,17,43,27,32,19,37,29,32,24,18,11,32,43,48,19,13,17,36,28,23,26,37,27,48,21,16,27,30,31,19,39,18,47,35,37,25,30,29,28,38,20,37,10,14,33,38,35,22,10,26,42,44,17,24,44,15,36,43,32,41,11,50,40,42,19,39,46,22,20,18,23,25,14,47,48,20,33,19,18,40,42,35,49,23,37,21,24,48,36,34,33,12,49,14,39,39,33,20,46,13,35,39,35,46,40,50,32,18,36,20,26,44,28,30,44,28,17,28,47,20,22,37,32,25,34,30,47,22,49,45,11,41,49,18,10,10,35,31,31,45,25,45,22,28,42,14,42,37,40,44,40,18,35,43,11,29,35,47,37,26,43,26,37,28,35,29,15,13,23,11,26,12,41,31,35,12,31,47,12,31,39,13,12,37,44,13,46,15,38,43,32,27,30,32,44,40,28,30,42,49,41,20,40,37,29,48,11,44,34,30,32,22,26,25,37,22,38,31,48,14,26,44,31,43,13,35,46,26,32,35,36,27,34,30,28,21,11,36,12,22,17,16,37,29,41,26,17,12,48,50,17,31,29,34,46,43,13,21,42,27,11,21,13,13,21,40,49,16,47,47,17,25,22,13,10,30,21,40,44,12,30,34,13,33,18,38,22,41,21,20,26,43,22,49,18,41,20,46,13,46,14,20,46,40,17,14,28,33,16,16,37,46,14,32,20,13,48,16,27,22,35,13,36,35,15,25,21,46,28,25,47,43,26,49,37,24,34,22,46,27,30,27,42,17,36,21,29,47,21,37,20,39,28,41,25,49,42,45,41,30,28,39,16,31,39,41,50,13,42,30,29,44,17,13,33,49,10
46,14,44,44,39,30,28,47,44,32,23,41,36,18,13,16,23,37,38,22,37,32,42,14,13,31,22,43,25,30,22,41,24,43,44,37,33,50,25,47,48,27,43,20,20,44,11,32,31,33,37,48,41,11,37,19,27,39,20,26,21,15,37,38,21,26,22,32,17,12,41,30,25,25,24,19,31,50,16,43,48,45,16,10,43,24,20,41,33,19,42,25,38,43,45,14,25,13,37,25,46,28,36,17,22,44,19,21,27,44,26,44,49,19,16,18,13,46,13,30,36,39,18,33,39,39,31,12,29,17,13,40,26,32,37,31,43,19,30,26,20,16,34,26,40,19,10,40,46,12,46,27,15,24,49,48,30,24,46,40,29,46,24,34,23,40,50,33,42,47,46,46,15,50,18,18,48,19,33,34,25,23,29,35,44,17,37,14,49,33,46,19,19,42,29,42,46,25,39,18,43,15,49,34,42,14,31,35,18,43,23,42,27,46,46,46,49,30,16,28,14,22,40,15,36,11,45,37,11,20,34,40,21,27,14,44,33,32,47,14,32,21,32,12,30,47,23,24,14,34,24,26,48,20,22,43,43,32,12,10,41,48,35,17,32,11,19,35,22,47,15,13,49,19,27,10,17,35,37,23,47,31,31,49,35,25,11,32,32,37,12,40,50,40,35,31,25,18,36,46,34,48,39,15,47,42,30,47,47,26,36,28,17,34,10,34,29,42,32,44,49,49,18,35,18,17,47,37,38,17,43,46,34,44,48,43,45,11,45,13,26,30,32,45,35,38,37,27,15,44,14,34,21,43,18,45,24,30,41,48,13,12,49,44,38,40,19,23,28,38,41,48,47,43,32,22,37,26,45,18,50,26,19,15,27,18,27,13,35,48,23,37,13,31,47,48,15,34,49,48,22,49,49,20,22,33,33,33,33,39,35,41,13,45,20,13,47,19,18,46,35,49,16,36,38,24,16,33,45,28,38,23,40,36,13,25,44,47,27,27,34,21,32,35,44,46,29,41,24,23,28,27,41,33,35,19,29,40,38,13,47,43,15,39,32,11,39,44,46,33,12,40,28,34,26,16,29,44,34,36,27,13,41,25,35,18,42,22,34,40,23,19,11,49,32,21,22,44,13,20,31,18,25,40,25,26,40,32,19,44,15,36,13,26,13,16,35,16,35,33,18,32,28,38,16,31,20,31,43,47,23,37,33,21,40,10,22,20,31,22,41,12,14,25,40,43,23,22,45,29,33,12,11,48,22,39,35,44,22,21,29,45,31,44,21,20,24,11,44,10,40,47,39,12,27,28,40,18,21,36,35,23,39,44,43,19,25,21,35,36,11,37,25,44,28,22,39,46,29,43,20,23,10,12,30,13,14,20,35,38,11,15,48,30,17,36,17,19,14,23,14,43,14,30,24,22,32,47,44,36,44,44,18,40,26,17,25,15,42,29,42,42,23,38,34,29,14,13,14,37,12,43,17,19,14,35,18,37,40,18,26,14,25,35,31,24,32,15,15,47,46,38,19,47,23,43,15,11,24,18,49,23,25,12,17,21,20,12,43,23,15,38,10,43,13,41,20,43,19,29,20,31,49,21,46,13,23,37,36,49,18,20,19,32,12,25,11,22,28,14,27,36,29,47,11,21,43,49,13,25,27,19,16,27,48,13,37,28,34,31,48,16,19,13,35,15,45,47,25,42,44,37,11,16,17,42,29,28,33,20,38,32,36,34,37,33,45,27,35,21,44,29,22,23,38,48,37,35,41,39,43,37,29,40,31,23,16,24,20,28,42,16,32,23,13,23,28,33,11,35
45,25,42,18,44,38,40,37,28,31,18,20,22,41,10,38,46,45,19,31,16,44,48,31,27,42,13,30,31,33,24,36,31,35,13,46,41,12,38,25,19,44,33,43,32,26,23,38,33,42,11,44,32,35,31,11,34,48,21,10,21,30,18,41,49,43,42,35,23,11,33,32,31,26,12,25,11,33,21,10,48,10,24,46,37,30,46,48,17,32,17,46,32,45,42,19,11,47,23,34,11,12,22,11,34,49,32,37,38,40,11,44,23,20,20,37,13,15,21,21,31,32,16,41,31,42,46,38,18,20,33,44,34,33,33,26,37,50,49,36,17,39,31,43,36,20,15,21,27,40,28,23,24,16,12,16,24,49,12,45,16,24,41,46,13,47,37,45,43,38,21,37,27,17,47,27,25,34,31,34,39,20,39,21,11,21,36,28,11,36,38,43,22,26,14,31,44,24,27,13,17,15,13,30,25,34,11,36,13,28,30,43,26,17,45,49,36,48,25,40,13,26,22,10,25,36,16,15,42,18,19,41,14,29,39,20,33,21,11,18,12,12,28,34,46,20,12,34,20,40,22,47,41,29,42,21,13,23,20,38,21,35,39,46,39,22,23,48,46,50,12,33,33,32,24,23,32,34,14,27,37,44,21,27,23,42,29,46,12,34,49,48,16,18,36,39,35,28,42,17,19,12,12,10,21,37,22,48,33,49,48,40,48,42,14,14,43,39,39,27,37,39,48,33,35,30,45,22,30,29,12,29,46,40,16,10,40,21,26,16,42,23,31,24,21,33,22,18,26,37,19,15,38,26,35,12,38,16,17,11,10,20,25,47,40,43,15,38,39,22,14,26,31,23,37,34,25,49,21,21,49,26,16,42,25,20,47,13,21,30,31,15,22,17,42,44,35,24,10,49,42,16,40,44,30,14,18,26,33,12,46,25,15,20,20,12,25,34,30,10,16,20,23,19,30,42,43,23,40,20,41,43,40,11,27,13,22,13,44,20,44,10,25,13,32,36,16,13,40,35,41,28,36,17,27,14,27,45,48,32,25,39,50,20,24,44,15,43,29,31,32,16,42,40,41,17,29,18,23,18,38,23,15,22,26,15,13,12,25,16,17,28,22,16,31,42,42,32,13,28,50,21,29,12,37,23,23,47,44,22,17,33,35,12,41,45,47,37,17,17,17,17,15,15,38,36,40,39,15,45,23,29,15,17,24,39,31,37,44,19,13,17,23,26,11,47,35,13,26,26,43,19,17,21,30,21,47,25,16,20,42,47,47,45,42,43,39,20,18,32,45,44,12,14,31,30,16,40,37,18,32,24,33,41,32,12,45,13,36,45,36,18,44,25,30,16,32,27,37,12,18,21,41,24,28,46,46,37,31,24,44,41,41,47,29,39,33,21,41,17,25,22,11,47,27,30,37,22,35,33,42,27,27,31,39,44,37,24,25,41,30,15,36,24,29,12,31,13,16,49,27,19,33,18,49,38,42,36,44,23,41,39,37,20,13,37,49,33,33,37,31,24,18,41,46,24,48,45,25,28,17,26,42,29,20,48,13,48,30,41,14,38,30,36,40,11,44,20,42,38,18,34,37,15,14,32,30,39,20,12,41,17,45,31,26,49,45,23,17,28,39,14,15,48,13,44,42,33,28,43,49,35,13,36,32,34,23,24,46,48,22,16,17,32,49,33,24,16,48,31,48,17,43,11,45,18,18,11,18,11,40,34,20,37,23,14,16,34,12,32,47,16,11,41,42,22,27,25,46,17,11,24,47,35,47,47,19,11,50,39,40,17,37,39,12,24,19,41,22,37
33,27,38,21,15,35,25,12,18,26,18,29,40,18,49,21,16,28,46,16,47,19,28,12,33,34,42,20,20,37,15,38,21,20,26,35,24,11,22,19,23,45,13,34,37,12,27,40,28,27,29,43,12,44,26,14,43,22,17,31,47,32,17,16,48,11,28,37,13,25,38,49,27,30,38,25,46,36,43,19,15,18,36,41,36,30,23,37,37,27,34,13,39,46,14,13,16,17,33,28,36,39,27,40,11,43,29,28,20,22,37,42,18,47,21,14,34,30,45,25,11,31,13,37,30,40,25,41,15,14,22,24,33,14,30,23,26,42,23,28,20,50,40,44,43,32,41,27,41,40,40,40,17,26,35,21,24,12,38,38,35,29,12,30,28,48,39,32,44,39,48,38,39,41,49,43,46,26,42,42,49,15,18,11,42,44,16,36,49,22,19,34,42,47,44,26,37,26,24,28,12,32,31,13,20,41,49,22,41,44,46,41,42,47,43,18,25,41,33,24,12,44,26,17,44,48,27,22,20,15,36,19,14,43,43,39,41,13,23,41,32,14,40,42,19,37,28,14,21,47,20,26,16,11,14,33,38,42,19,17,45,24,32,16,27,44,23,35,40,48,27,30,30,23,39,25,20,28,41,47,12,25,48,45,36,47,19,33,39,14,43,23,13,42,47,24,32,25,25,41,28,37,34,21,24,43,17,16,46,37,18,22,36,37,30,26,17,14,35,37,47,39,43,50,48,46,40,44,19,30,41,20,39,44,32,32,14,16,44,28,25,17,32,10,14,40,12,39,46,37,34,33,49,46,26,44,23,47,17,29,35,36,39,30,18,32,41,48,32,28,39,44,48,31,22,26,43,13,27,34,42,40,34,21,30,44,41,43,18,20,49,22,41,20,42,26,39,13,18,27,26,42,10,19,17,26,15,23,45,22,18,14,25,23,22,46,31,14,29,30,19,45,31,42,41,27,16,26,14,24,12,38,47,16,14,17,38,35,18,30,33,43,40,40,34,17,12,48,44,45,34,17,39,26,46,46,31,33,25,41,42,33,48,50,41,36,19,21,46,47,44,48,38,49,16,12,25,43,42,33,15,49,47,17,26,35,11,30,40,29,26,21,22,23,41,11,14,43,49,31,27,49,45,48,12,46,18,17,41,33,41,20,17,12,29,37,21,26,26,16,35,47,42,20,25,27,32,42,16,46,50,28,31,15,11,29,40,37,30,40,35,30,50,42,35,31,15,22,17,17,14,13,32,23,31,25,13,42,21,11,16,32,48,15,47,10,45,35,38,34,43,41,19,11,16,28,38,21,32,39,24,16,36,40,35,40,40,20,21,41,35,27,36,13,14,45,50,18,16,14,40,24,36,19,14,19,37,38,44,21,41,37,43,45,14,43,29,22,14,45,44,33,35,45,16,36,14,19,16,20,42,20,15,36,42,33,43,46,26,31,31,38,49,43,41,37,25,35,36,15,20,42,17,15,41,43,15,30,43,24,14,43,11,32,16,17,29,29,43,38,50,28,18,17,29,13,29,37,18,31,29,36,20,36,46,22,11,33,29,40,14,44,27,42,16,12,47,46,46,24,33,40,13,27,14,32,40,38,38,48,28,24,24,12,13,48,19,40,19,41,20,46,32,31,17,46,48,13,29,24,17,38,19,10,11,22,42,46,28,44,37,17,49,32,21,30,13,27,13,38,39,28,13,16,18,26,14,35,34,22,28,12,13,18,30,35,41,44,47,13,44,30,11,23,37,36,17,37,21,48,33,10,34,26,15,22,20,23,39,24,38,42,17,35,31,21,23,10,11,47
44,45,20,47,31,18,25,21,26,46,11,25,45,22,11,48,44,11,23,20,32,18,40,44,43,16,22,46,38,21,22,17,14,42,48,45,16,44,26,24,45,27,39,12,13,11,29,37,17,43,48,23,19,49,19,48,14,42,26,36,45,18,27,33,27,22,14,39,42,34,43,46,24,33,47,46,42,37,21,31,40,14,35,35,31,45,25,46,44,34,12,39,35,13,31,42,29,11,50,45,26,22,39,47,28,20,33,14,36,23,42,31,41,30,13,39,21,45,29,29,35,47,30,10,34,32,48,38,18,10,45,25,44,21,45,26,48,49,44,45,31,38,11,33,27,39,21,11,11,38,20,21,11,21,36,28,40,40,43,32,34,12,48,38,42,19,28,27,27,24,26,14,16,20,39,24,21,14,43,20,20,45,15,16,35,19,34,45,14,30,11,46,15,13,36,48,11,14,23,10,39,50,41,14,27,43,40,30,49,43,16,44,23,31,43,31,12,11,29,45,48,26,13,33,34,45,40,23,35,31,34,29,32,33,35,47,48,26,37,29,19,14,38,47,20,23,21,38,13,21,48,21,18,15,33,24,46,32,29,17,23,20,29,41,46,36,39,12,46,11,50,32,32,12,29,32,48,15,18,36,44,50,48,47,19,44,48,44,24,49,17,43,46,43,26,31,46,41,48,20,14,44,22,17,28,41,13,14,49,33,13,20,20,36,15,31,10,27,43,38,38,46,47,48,35,35,14,48,38,14,31,18,11,26,49,45,45,46,19,21,47,38,17,20,46,18,22,49,47,31,38,10,17,21,32,40,19,44,27,35,49,14,27,45,26,34,22,30,13,32,33,43,43,39,19,12,49,43,37,22,31,40,20,34,14,33,19,33,22,22,25,44,48,31,36,12,27,33,13,15,37,45,13,34,24,39,29,24,18,18,45,43,37,37,40,25,47,27,35,47,41,35,34,45,18,44,19,46,49,24,36,17,28,30,42,11,34,46,45,35,33,11,22,23,39,14,42,22,44,27,29,49,23,47,12,20,30,12,24,42,46,32,46,15,15,36,19,25,46,28,24,26,33,36,33,24,38,19,37,48,17,37,26,42,46,35,48,47,40,33,29,19,19,49,36,39,24,25,43,19,16,28,37,16,50,26,29,41,24,21,14,49,37,41,46,17,43,49,46,27,40,20,39,22,42,44,46,13,31,18,48,22,14,34,23,43,34,35,33,14,37,31,37,39,16,15,27,14,36,25,32,25,26,42,36,24,36,41,26,35,11,37,12,49,45,44,48,48,16,23,47,25,16,21,23,43,15,26,39,35,12,46,23,38,12,20,42,33,42,33,41,40,19,47,37,24,26,37,25,36,50,22,37,28,18,13,11,41,17,28,36,48,10,22,18,47,22,36,23,26,26,29,21,22,39,13,36,16,13,42,18,32,26,50,35,36,44,36,32,42,14,17,46,24,25,13,34,21,24,34,50,23,36,18,28,15,21,19,31,31,18,36,14,35,35,27,38,39,37,36,20,17,46,22,26,31,40,38,21,40,40,43,29,22,37,21,33,42,44,10,13,11,16,19,15,12,21,21,45,46,38,30,21,43,33,39,17,28,13,44,40,44,33,39,39,35,27,22,48,42,24,39,40,36,15,36,35,37,13,27,29,38,29,19,46,12,43,45,44,28,12,21,25,25,39,25,37,29,16,23,38,14,46,31,39,25,40,36,14,43,21,23,45,13,15,36,32,48,23,19,13,13,29,11,30,12,19,43,25,13,29,39,44,23,38,17,22,39,26,18,45,18,45,23,11,42,32,30,36,45
35,41,15,13,18,22,15,50,37,25,28,48,32,46,46,14,10,46,49,38,39,13,33,22,36,15,34,19,34,20,33,34,20,18,40,32,12,15,47,28,45,30,35,10,49,30,29,46,46,29,45,50,34,37,47,49,18,26,30,29,22,45,31,32,24,41,14,16,35,22,40,42,36,14,30,42,21,10,40,44,35,25,31,23,36,24,46,47,44,35,29,24,33,11,38,17,34,21,13,50,44,31,16,37,49,18,35,27,21,39,19,18,17,43,12,50,32,21,26,12,14,36,31,31,48,45,12,36,42,13,47,28,36,41,25,45,22,49,31,27,29,35,47,11,49,22,23,39,14,27,17,11,37,42,34,45,29,46,18,25,35,46,10,21,47,26,46,45,13,34,43,12,48,37,48,34,33,42,35,24,22,46,37,13,15,23,20,18,35,29,25,43,26,23,18,29,44,27,28,10,20,48,41,40,17,34,25,12,27,33,28,49,48,36,43,16,34,20,21,37,30,12,36,18,49,24,44,33,14,32,43,16,20,27,32,21,34,38,37,32,36,27,42,14,39,46,23,30,20,37,44,49,38,36,39,25,10,41,30,42,40,13,32,17,10,40,14,44,12,19,16,46,47,39,41,41,36,30,22,42,42,35,39,38,35,21,18,46,48,33,11,26,17,40,29,18,42,17,43,30,47,22,33,29,38,47,40,37,12,49,29,32,36,19,25,37,27,50,21,24,16,30,13,47,42,27,41,48,35,26,16,27,11,40,24,32,33,21,12,35,34,19,25,11,15,44,44,45,22,42,24,48,30,20,18,30,46,18,33,48,30,18,13,21,18,31,17,12,18,29,10,42,32,35,32,41,16,49,22,15,28,38,40,25,49,16,31,48,27,38,29,48,44,17,48,11,15,27,21,44,32,41,39,11,48,25,11,44,28,11,40,48,18,43,21,18,43,49,17,33,28,44,20,30,41,16,43,22,49,13,32,43,39,31,13,19,16,15,23,49,17,19,11,41,31,20,21,42,47,25,21,38,39,25,48,12,28,41,42,28,24,40,11,26,33,31,31,12,28,45,22,36,11,49,37,18,32,30,38,48,21,25,27,31,49,28,11,12,46,26,14,33,16,44,42,50,27,24,21,49,22,46,37,18,30,44,22,31,41,42,11,41,29,45,26,34,23,45,48,11,34,28,38,16,31,30,35,41,20,37,34,42,47,35,18,14,30,44,23,13,34,32,19,18,11,48,48,47,32,48,44,25,20,22,16,13,15,29,17,37,33,13,32,11,46,35,15,37,39,19,30,41,43,47,32,31,11,39,26,44,23,13,30,27,42,27,47,37,40,33,27,42,22,48,25,41,31,34,43,16,37,48,39,27,40,41,19,27,18,29,17,24,13,10,46,33,46,30,46,23,47,21,17,18,13,21,17,39,49,47,39,44,26,47,27,26,38,35,31,44,28,23,18,40,48,37,18,43,18,12,25,14,28,16,29,47,24,38,27,13,28,17,19,36,16,22,43,30,23,17,44,21,22,21,43,38,48,30,16,36,18,12,16,42,38,41,29,23,42,28,24,35,27,10,34,36,47,26,25,46,19,26,40,20,49,19,37,45,11,21,34,33,49,49,23,28,11,21,36,43,49,21,33,44,17,27,13,19,37,34,16,43,35,11,37,40,40,45,46,26,27,26,48,38,23,38,21,22,41,30,33,18,35,41,47,45,27,32,22,17,16,16,12,23,23,39,44,16,16,46,46,40,18,19,29,39,45,11,44,23,39,19,31,48,19,14,38,48,40,37,31,24,48,15,15,22,18,42,48,46
36,19,50,16,33,42,44,22,23,37,46,41,29,19,30,12,38,26,20,37,22,34,44,18,31,16,33,20,13,48,49,27,35,27,39,46,16,18,41,19,26,47,31,40,16,12,13,37,26,19,20,36,26,14,26,21,48,18,27,46,39,48,39,25,19,43,29,33,17,26,25,12,38,18,14,34,40,17,35,18,41,38,17,23,48,28,13,12,47,50,45,49,10,44,29,20,22,17,35,24,36,15,17,12,37,23,40,18,12,10,44,38,38,47,41,14,12,46,34,43,18,50,40,13,11,48,41,21,39,13,35,14,44,19,27,18,29,50,49,48,44,11,17,47,29,37,42,24,19,20,48,27,44,23,11,13,17,28,34,30,16,35,14,25,24,48,36,38,27,10,14,37,40,11,28,26,28,18,44,14,50,40,13,34,11,32,36,12,38,26,26,31,50,37,31,24,38,31,47,42,44,22,25,22,32,29,13,41,49,41,29,29,13,21,41,43,12,41,27,49,45,40,45,31,35,18,20,38,50,35,39,19,16,46,32,18,33,26,28,17,23,48,48,23,13,24,25,11,23,16,44,45,46,42,25,38,18,33,24,46,21,47,42,24,29,37,27,15,41,39,22,35,40,33,31,26,17,35,37,26,28,26,30,16,33,24,34,30,39,16,34,49,37,30,20,36,12,11,36,21,31,36,40,37,26,46,29,38,45,19,46,13,37,32,39,27,35,30,36,19,13,34,22,36,39,31,29,25,18,44,15,22,15,46,33,19,37,50,25,48,24,35,45,12,38,44,13,41,30,46,42,39,23,17,42,12,33,30,38,11,13,29,30,14,40,39,29,22,45,37,11,21,12,37,12,44,45,49,16,16,46,43,26,40,34,12,25,39,39,16,31,21,21,27,16,36,16,19,34,39,31,38,30,33,17,18,31,35,40,30,38,23,30,49,15,11,38,18,44,12,13,42,32,20,29,30,37,50,12,19,47,28,41,24,14,26,30,23,32,33,17,35,19,44,35,31,49,22,49,43,17,22,11,31,42,43,37,27,14,18,42,29,50,12,43,46,46,17,12,48,46,33,28,35,36,16,28,33,30,39,32,23,42,48,35,16,18,40,25,27,43,31,36,13,11,36,45,35,19,24,14,42,28,36,11,19,44,43,12,43,25,19,11,15,27,22,16,44,32,29,37,23,46,32,43,29,36,48,17,30,22,33,35,46,42,41,16,33,48,12,37,33,33,14,19,39,39,22,36,33,18,32,15,34,17,32,37,37,46,44,50,50,46,12,20,14,47,15,20,28,43,24,23,30,30,40,39,28,47,30,36,11,38,22,18,18,45,14,34,30,40,25,17,34,47,44,19,27,30,13,47,26,39,28,38,28,15,48,26,45,19,37,21,46,45,47,48,46,46,24,44,24,47,35,12,46,18,40,41,13,30,12,42,20,31,12,23,43,40,16,22,17,19,46,27,16,36,40,35,26,18,32,33,35,37,22,31,34,40,32,16,20,36,34,18,27,28,49,15,40,24,31,46,38,49,20,19,48,44,35,39,23,37,41,32,23,28,17,47,12,40,28,26,43,43,42,48,41,37,30,28,18,46,43,24,46,23,24,26,16,48,24,47,11,11,25,24,44,35,32,43,34,20,37,45,18,34,11,28,23,25,19,20,20,13,35,48,43,28,39,11,43,42,11,32,38,12,43,48,42,28,33,22,50,34,27,43,10,26,40,24,40,11,25,36,39,19,26,15,30,47,42,20,11,42,38,47,43,29,42,16,35,17,45,18,43,35,34,11,46,41,27,12,16,23,20,41,29,45,29
27,30,12,32,12,41,29,16,10,21,30,40,36,36,25,26,19,41,20,49,28,10,32,35,44,11,47,33,26,19,41,12,24,46,26,24,24,49,19,32,37,16,32,19,30,28,30,17,40,29,25,35,29,21,30,50,46,21,20,42,50,33,20,12,27,26,15,21,17,42,16,30,12,16,37,15,31,32,24,30,38,15,39,25,39,28,22,38,29,27,19,46,20,37,22,26,21,22,26,18,37,25,41,20,25,13,37,13,14,27,43,15,28,21,49,12,48,22,13,50,30,10,17,31,41,34,19,45,46,43,42,45,15,47,35,43,32,23,40,11,42,36,19,42,29,26,19,12,45,50,43,50,16,37,45,24,30,12,25,17,47,15,14,21,20,40,36,40,45,11,41,16,11,46,32,29,42,12,31,39,48,37,23,29,29,35,26,28,11,34,22,44,40,16,45,49,43,25,29,44,32,37,45,26,28,40,47,27,48,24,40,22,18,48,24,39,30,37,24,44,49,20,24,26,20,38,18,15,46,31,44,28,37,31,17,48,29,32,33,28,22,46,24,47,34,30,18,26,31,40,34,40,30,49,45,34,16,38,26,19,43,30,11,22,29,42,24,38,28,37,20,31,43,34,29,32,25,23,40,10,23,40,43,13,27,11,19,39,41,43,47,48,49,21,46,47,21,43,25,19,35,44,26,19,27,14,38,28,40,28,25,38,28,44,15,15,25,49,44,32,38,47,34,29,12,31,38,36,27,33,15,46,45,11,43,36,28,50,32,12,20,22,38,42,40,50,25,49,43,33,39,27,32,24,39,22,14,20,36,20,45,44,37,18,43,45,47,50,44,24,38,45,41,25,30,33,41,14,46,34,12,47,25,19,21,26,15,35,33,49,26,20,46,46,20,27,18,31,16,47,43,31,26,34,38,49,11,36,47,46,17,49,35,32,37,28,42,48,43,15,34,14,41,30,40,13,21,37,41,16,41,45,39,14,48,31,45,46,36,12,27,40,45,20,36,39,18,16,30,35,27,27,39,40,15,42,43,21,22,28,33,16,50,16,44,22,19,17,10,38,43,14,14,23,29,41,16,19,43,13,42,44,36,38,14,15,21,19,14,19,15,32,45,29,39,23,35,26,39,27,15,10,24,32,35,45,47,30,35,22,11,46,24,14,11,47,27,12,12,31,46,33,21,26,31,16,34,11,20,45,43,35,33,40,16,28,48,11,34,37,19,49,37,19,19,34,25,29,30,41,19,11,40,25,45,22,31,43,16,47,37,38,44,47,48,39,27,33,31,36,49,46,35,13,11,49,29,36,15,42,14,44,47,35,24,38,18,31,18,17,48,41,21,29,38,23,23,29,14,12,21,46,31,25,29,16,38,23,46,44,23,45,32,37,27,36,37,35,38,33,10,31,33,10,16,14,21,46,46,17,21,15,47,38,39,25,41,34,43,34,42,28,47,12,23,28,31,38,49,44,35,24,47,25,12,28,25,19,25,20,40,15,37,33,38,10,24,48,36,20,37,26,28,28,14,36,26,33,10,38,42,17,41,17,49,43,17,35,45,10,24,11,29,18,34,36,46,18,50,25,16,48,12,31,41,29,18,38,37,37,37,27,18,19,23,23,14,39,27,49,15,47,20,42,45,24,24,35,31,44,35,13,15,32,29,25,45,43,12,25,50,35,48,17,27,34,30,43,28,47,45,27,38,19,28,41,10,43,16,17,17,27,49,41,27,29,21,22,45,38,27,21,41,27,31,23,20,27,17,22,42,16,29,41,34,42,15,30,49,23,32,45,14,33,43,47,32,17,43,18
26,17,32,38,12,37,30,28,12,33,32,24,48,16,31,23,12,26,13,13,14,46,23,46,15,42,46,42,28,11,25,38,18,38,25,13,24,38,29,17,19,44,45,23,22,34,10,28,38,17,49,22,46,27,45,33,15,17,41,16,20,12,42,21,14,36,43,34,44,33,48,45,20,32,36,40,50,39,32,36,37,43,39,45,15,18,33,29,13,19,15,12,14,48,47,26,47,13,31,19,18,30,31,35,36,43,14,26,18,23,31,29,44,18,13,39,39,32,47,30,14,26,22,41,13,30,36,36,48,47,35,49,14,13,18,12,48,26,46,49,14,12,47,25,13,37,42,50,43,43,48,40,30,20,49,22,23,45,38,15,46,30,31,23,11,19,33,17,44,26,24,32,36,15,35,23,13,46,34,31,41,12,35,27,33,43,35,20,42,13,26,35,32,27,35,44,13,11,44,21,24,45,18,41,48,20,45,46,42,24,15,49,18,36,13,14,33,36,33,29,27,30,10,43,24,46,13,49,37,37,49,49,14,46,38,40,46,11,38,33,10,43,13,11,15,49,21,47,12,38,41,35,21,29,47,35,31,12,44,47,44,15,37,35,22,22,42,25,41,49,17,35,41,26,45,29,50,47,29,48,49,40,26,42,43,47,20,48,25,27,27,26,37,24,41,47,43,47,36,23,34,33,25,34,36,35,42,48,31,44,50,20,16,34,40,29,49,25,45,45,21,19,15,41,19,43,17,14,49,34,42,47,47,31,43,24,12,19,17,38,29,44,38,23,18,25,28,43,27,21,17,19,34,35,37,13,43,16,34,41,28,24,45,16,21,17,43,46,39,46,28,44,15,20,42,45,26,37,49,33,24,45,45,16,17,50,43,10,39,21,45,34,17,39,41,39,50,42,49,23,37,31,37,36,44,33,50,16,27,19,36,35,12,39,20,12,43,16,41,50,39,24,17,26,25,43,48,44,15,13,34,21,16,11,43,44,38,21,43,26,30,45,21,34,35,46,20,20,27,44,42,45,11,23,18,48,45,44,18,24,21,37,15,37,37,18,10,12,11,26,18,27,45,10,17,11,37,16,33,44,30,31,31,48,25,49,44,49,30,44,19,35,23,17,16,46,42,31,18,48,12,35,12,16,25,48,22,14,30,45,36,23,23,28,40,28,19,50,21,42,11,26,29,45,24,18,24,50,47,37,19,23,36,40,39,27,11,15,15,25,46,26,45,29,33,13,29,27,40,50,41,46,17,15,11,30,24,25,21,35,46,46,18,30,33,35,11,35,25,40,38,32,19,40,46,49,37,15,36,13,40,26,15,17,31,25,39,32,28,25,44,23,42,46,25,31,46,33,17,12,14,13,15,29,49,24,37,50,38,25,49,36,16,20,36,10,33,15,24,30,12,25,14,42,20,38,19,42,23,14,14,41,33,37,15,19,12,26,12,44,48,39,34,36,43,36,38,27,46,30,46,35,36,44,17,15,21,25,35,37,45,32,18,41,33,37,21,33,13,33,31,38,27,17,27,19,31,24,37,14,38,29,11,25,48,27,42,20,23,16,33,26,39,31,11,40,28,15,16,45,45,45,40,37,28,42,15,49,13,42,25,20,48,36,47,38,46,22,49,33,36,44,45,34,50,25,23,34,16,46,23,37,38,18,13,49,31,12,34,42,25,36,48,26,39,17,27,27,29,14,46,14,46,19,34,49,25,14,27,34,38,28,49,45,48,49,12,15,23,35,38,29,42,43,31,42,49,26,39,44,35,36,28,24,30,15,30,11,37,48,39,19,46,39,27,30,49,34,30,31
31,35,47,29,33,22,38,24,46,23,27,31,32,14,44,15,29,19,38,32,35,25,16,26,11,43,48,15,35,50,26,31,26,39,15,41,41,41,48,18,21,15,27,19,20,39,37,42,23,27,17,41,40,22,33,40,45,23,44,26,11,26,27,48,33,42,15,46,20,31,37,15,20,41,45,33,13,49,21,25,20,22,49,44,29,14,25,15,31,36,48,37,44,26,13,36,30,44,18,26,10,35,49,46,41,29,31,31,10,30,22,12,11,27,49,11,20,48,29,38,28,33,36,29,14,29,39,49,49,40,42,17,40,39,12,33,27,15,48,49,25,19,48,21,44,28,30,31,14,21,16,14,41,13,48,22,31,17,42,33,22,42,11,31,40,39,25,15,21,15,43,45,45,44,41,16,38,18,22,49,38,15,50,16,11,22,35,49,23,19,34,39,47,45,26,43,41,18,23,17,17,46,45,16,46,13,20,22,26,14,46,14,13,16,47,44,39,40,24,38,25,11,47,37,24,12,11,45,14,38,23,13,17,27,25,36,25,42,41,45,43,49,26,49,12,10,13,27,32,16,18,42,42,44,15,16,21,23,41,41,28,21,48,20,46,10,13,31,18,43,27,29,41,20,33,39,43,35,41,36,15,25,19,14,45,14,48,32,34,31,14,18,46,13,10,50,42,42,44,40,41,14,19,13,22,26,24,29,38,32,48,28,17,17,48,23,22,40,21,34,30,42,14,42,26,21,44,43,33,42,15,15,48,29,29,37,18,28,13,50,34,35,25,42,33,35,19,13,15,47,31,33,26,49,39,15,33,28,38,38,27,49,32,13,31,12,14,47,24,28,26,21,14,29,43,27,41,41,30,36,35,27,23,27,15,27,47,43,34,27,19,49,27,40,16,33,16,22,22,28,46,35,19,42,45,44,23,21,14,37,48,42,40,26,38,38,13,28,44,30,44,26,22,13,38,26,11,19,28,21,49,46,34,43,29,18,47,37,28,21,43,18,27,19,30,26,47,18,50,27,40,22,18,18,20,28,23,12,44,40,36,26,46,41,24,32,14,38,50,13,17,17,19,27,21,13,40,11,19,31,41,26,12,29,24,31,49,37,47,22,33,19,10,43,42,24,27,28,43,37,11,15,41,50,22,44,44,37,40,43,16,44,19,35,23,41,34,16,20,40,29,32,18,42,39,32,31,28,38,18,26,23,19,25,18,20,48,42,44,42,26,35,27,33,14,14,31,46,32,43,25,31,14,16,13,27,36,11,38,43,48,16,29,21,25,47,12,15,35,17,24,45,38,15,44,24,47,20,31,48,16,19,18,26,20,16,46,14,17,45,33,36,34,35,11,23,20,30,35,29,38,22,22,47,46,34,47,15,13,20,34,10,22,48,48,33,26,41,27,39,19,35,20,50,11,44,23,46,38,37,37,20,26,46,37,24,22,28,42,48,36,38,32,35,47,25,10,38,12,17,29,29,29,40,38,46,45,26,22,10,15,18,28,41,35,23,49,24,39,35,34,12,37,10,30,45,46,38,36,34,29,38,32,47,22,27,39,33,12,33,36,29,14,25,30,40,47,29,35,25,12,49,22,18,26,36,29,27,15,48,42,42,23,16,35,38,13,30,17,24,44,38,39,32,29,44,36,34,46,43,25,23,11,31,41,14,17,27,18,12,32,37,35,21,43,21,35,33,19,40,46,20,13,16,40,18,39,43,13,35,15,16,18,20,45,14,26,33,30,29,41,45,43,12,45,40,33,36,31,36,40,24,18,25,15,13,46,49,33,15,44,34,12,23,30,44,11,38,12,38
43,14,25,13,15,38,46,23,44,11,18,16,19,45,44,39,37,28,37,12,23,48,12,42,30,18,38,33,31,28,17,28,40,27,37,43,29,26,37,20,34,46,46,31,37,28,39,11,17,11,30,38,31,33,30,16,24,39,36,41,36,37,42,11,46,26,16,27,15,37,11,35,42,34,26,31,27,48,18,39,48,19,48,23,41,37,42,30,39,13,39,35,25,36,45,26,49,49,23,47,37,13,45,26,17,32,38,45,41,25,30,25,50,41,31,26,10,36,23,12,35,25,28,28,12,22,35,18,14,39,40,23,12,35,35,49,42,38,48,35,45,19,48,28,40,20,15,12,16,11,14,34,31,23,23,48,26,32,34,43,28,17,44,17,17,16,26,11,19,37,48,18,30,47,25,18,30,49,20,32,45,43,38,32,27,13,44,12,42,47,31,49,49,22,14,28,15,12,24,36,31,38,29,26,31,21,23,29,28,18,36,19,29,13,11,29,41,29,21,42,39,24,14,16,48,37,48,44,27,23,25,43,32,49,42,35,15,41,36,27,45,23,41,37,23,42,15,48,16,15,37,29,34,22,38,12,16,11,24,37,40,11,25,15,20,20,15,18,30,11,20,12,33,31,18,23,39,19,34,19,28,29,27,21,37,43,35,34,44,18,30,27,19,23,45,29,11,44,43,40,17,32,49,45,30,41,45,11,49,16,50,39,20,50,21,11,26,12,39,24,44,49,45,50,33,44,21,39,15,29,16,44,25,10,48,12,31,22,28,32,35,32,27,21,47,27,25,21,35,23,47,35,30,31,35,50,11,33,33,23,40,35,49,43,18,34,16,12,13,15,43,29,42,29,19,36,10,34,31,37,19,17,43,32,27,39,39,48,50,21,43,38,14,36,43,26,28,37,15,47,18,38,47,46,47,42,26,34,38,31,22,33,35,17,29,17,27,36,30,11,22,28,38,37,13,44,31,22,40,24,30,21,23,48,27,44,29,17,12,42,15,42,15,40,31,38,27,13,13,28,12,10,14,18,28,15,35,30,43,16,46,22,46,22,47,18,18,26,13,26,31,30,48,22,36,40,46,33,28,35,18,24,11,39,35,19,47,43,41,32,42,27,12,27,17,30,19,29,48,42,42,31,36,28,42,49,24,35,28,39,16,40,17,20,43,48,16,23,36,28,32,29,11,26,41,23,47,46,29,33,14,19,42,42,27,22,22,21,29,27,19,41,12,31,48,35,29,28,15,39,28,40,39,34,29,29,28,40,22,18,22,11,18,16,42,40,44,45,31,19,31,29,10,19,46,16,36,17,15,34,24,26,22,35,35,12,26,15,24,33,24,11,43,37,28,28,33,47,45,26,42,38,11,49,33,44,44,46,39,41,43,28,18,45,18,16,30,26,10,28,11,23,23,33,40,46,21,49,28,12,48,22,28,31,44,28,13,41,18,34,41,11,21,27,20,34,28,42,31,36,36,33,34,50,14,49,33,27,27,21,45,30,26,18,31,40,23,48,42,30,36,38,22,39,25,16,10,35,43,13,45,37,12,47,45,43,47,17,11,49,47,31,37,49,22,10,49,14,40,46,34,30,14,31,16,34,43,24,12,30,44,37,39,47,37,38,31,38,46,15,45,28,28,27,34,11,20,39,23,33,41,49,10,17,31,11,24,45,15,26,10,29,29,42,47,22,27,22,46,48,19,30,31,34,16,25,25,39,31,44,16,27,27,43,18,35,45,40,11,33,34,29,47,30,27,49,30,30,48,19,14,21,11,21,18,42,44,32,35,29,26,45,49,20,49,49,39,49,30,45
49,33,25,25,14,40,33,20,25,44,32,42,21,29,21,38,36,39,18,19,11,44,21,35,31,47,48,39,40,50,24,30,40,12,29,21,15,15,35,46,43,39,29,23,17,31,22,25,11,30,37,49,35,28,43,44,43,45,30,46,14,10,44,47,18,12,48,28,34,24,43,21,28,25,16,17,20,33,49,24,22,48,17,41,41,10,24,19,23,18,45,31,28,38,25,19,18,10,47,17,30,20,48,40,27,28,31,49,19,33,48,45,11,48,13,31,25,13,24,35,16,49,35,36,30,36,11,20,40,30,27,13,29,25,43,46,22,36,43,21,21,29,49,37,18,36,46,13,45,19,14,32,45,48,24,34,46,27,18,49,28,46,16,20,11,25,35,32,20,47,36,35,22,28,23,27,46,27,25,31,41,44,46,40,19,43,34,13,20,34,12,25,18,20,45,27,27,27,36,35,35,33,17,45,46,28,46,32,11,48,16,50,29,26,35,48,29,11,23,35,18,29,30,29,40,30,31,16,47,21,25,48,18,42,40,37,45,42,15,20,47,49,34,35,41,10,31,25,49,30,30,21,45,22,32,21,28,19,13,14,39,47,19,20,25,37,45,36,45,49,31,39,25,23,14,45,31,16,48,22,31,39,33,39,26,14,14,40,22,48,15,49,28,29,41,47,39,48,46,18,14,42,21,10,20,40,10,17,47,47,32,28,26,40,26,18,27,15,35,31,29,29,15,28,46,19,13,15,14,30,24,11,44,13,43,28,16,14,36,22,45,38,43,25,26,48,16,46,15,43,40,42,25,19,11,20,20,34,40,36,46,30,42,24,46,38,45,36,26,19,31,30,16,50,47,28,45,13,24,25,18,48,45,41,25,11,30,17,44,22,43,38,48,18,40,50,26,47,30,20,38,39,38,26,18,24,28,41,48,50,27,15,38,32,41,35,37,47,23,31,38,48,10,23,26,22,37,30,17,30,33,13,45,24,36,35,33,23,25,45,46,40,25,47,21,49,42,46,15,43,22,17,25,34,31,25,49,21,31,23,11,29,14,13,35,30,13,33,21,15,20,45,35,31,34,16,40,49,21,39,24,13,14,12,25,43,34,38,38,16,27,36,27,22,34,12,12,45,22,10,32,26,34,25,42,24,49,21,25,39,26,43,15,15,31,13,24,22,49,10,28,34,46,44,42,39,25,41,47,33,29,24,36,47,34,41,38,26,49,30,26,36,37,24,38,28,11,12,28,11,45,20,44,31,25,41,41,47,23,41,49,42,25,16,45,21,42,37,36,16,26,21,17,39,41,11,22,23,49,45,17,15,22,29,13,35,33,14,20,45,27,41,13,18,22,36,41,23,45,26,32,25,25,41,44,15,15,40,18,44,39,38,36,27,18,18,33,48,38,23,36,17,48,12,50,33,10,23,23,36,12,27,28,48,42,38,26,10,34,11,49,39,32,12,37,11,11,49,45,43,21,15,24,24,32,49,35,14,44,41,37,39,30,37,50,35,16,38,21,46,48,47,26,15,34,46,36,22,33,29,14,49,40,37,31,38,34,47,24,18,39,15,36,43,45,19,12,35,30,31,35,21,14,19,33,27,29,19,43,38,35,29,48,45,17,32,14,33,48,26,50,18,12,21,33,35,48,44,49,41,41,50,30,31,12,16,37,25,41,12,26,15,40,23,38,15,16,26,18,24,20,43,19,29,38,19,46,28,30,22,19,35,41,46,21,42,40,12,38,41,33,23,44,43,27,48,45,19,36,26,41,34,31,18,44,43,45,29,40,11,47,13,21,39,48,28,31,16,48,26
27,12,26,45,27,49,22,18,22,20,29,26,32,25,48,16,16,46,34,20,48,23,31,39,41,47,22,24,13,11,40,47,38,40,23,42,16,14,22,49,26,32,33,42,42,40,35,42,47,36,19,19,34,46,13,47,48,48,19,20,16,37,27,15,39,12,30,23,45,23,18,35,11,49,16,20,14,32,40,11,29,40,29,38,32,30,18,11,15,48,29,32,38,36,37,17,14,42,26,26,39,49,33,21,10,39,47,19,11,19,36,29,14,16,44,33,28,32,26,24,30,23,27,45,47,35,17,18,37,36,36,47,38,44,47,36,12,30,24,37,46,38,42,33,23,25,48,33,47,24,42,33,39,27,41,44,19,20,17,17,50,33,36,17,30,27,24,31,16,37,25,40,16,19,36,34,30,29,47,37,27,11,35,18,18,21,26,11,36,10,43,42,13,21,22,16,15,15,37,30,11,12,18,31,31,39,18,32,38,26,14,11,24,27,47,43,37,30,21,47,19,26,25,46,13,22,17,34,39,12,25,23,49,19,30,36,27,29,19,15,48,27,45,17,11,31,22,35,27,30,12,16,18,39,21,22,13,24,45,47,12,22,14,41,24,14,19,37,46,20,32,36,22,38,34,37,18,30,48,27,11,16,27,28,18,46,35,25,33,37,27,46,18,23,33,43,40,31,22,38,28,16,29,45,27,44,11,13,24,17,11,16,45,17,27,26,37,44,31,21,19,20,15,29,33,46,32,28,39,46,31,16,20,11,15,21,49,18,13,45,43,10,11,24,27,22,44,50,43,31,44,35,42,45,20,39,26,15,41,48,45,35,14,24,22,22,33,35,29,35,22,33,41,24,46,28,46,15,16,28,12,35,39,45,20,35,27,38,30,31,44,34,26,20,47,34,13,12,21,25,38,27,41,46,15,12,31,12,39,16,46,37,14,44,40,12,39,29,16,12,18,10,21,46,32,13,20,42,28,44,25,13,34,20,17,46,21,22,38,16,37,39,39,11,44,48,13,47,20,11,48,35,24,44,22,35,11,28,43,38,22,48,25,17,43,37,36,49,31,17,17,41,15,34,13,20,36,19,24,19,50,16,24,20,44,24,12,42,25,13,18,45,22,41,26,32,27,20,36,36,18,14,19,19,24,36,45,12,37,28,11,46,44,25,34,25,35,11,35,28,36,44,14,15,37,29,21,41,34,45,16,47,19,47,11,12,15,26,16,19,37,36,33,12,18,41,44,26,33,25,42,20,43,14,40,19,33,36,33,15,13,10,39,20,24,50,35,42,15,50,16,32,19,28,35,40,47,29,29,22,29,37,37,40,48,15,14,25,19,44,31,28,27,45,44,30,13,41,38,26,10,34,45,15,46,29,39,47,46,45,22,25,22,50,46,36,14,49,36,25,18,24,49,40,14,29,27,26,33,25,12,11,17,11,46,48,27,37,32,43,24,24,23,38,18,44,32,20,12,30,23,18,27,15,34,22,24,23,50,14,17,24,32,30,31,24,42,14,21,38,39,27,17,21,41,47,45,32,33,13,50,36,39,14,20,47,18,42,50,41,17,44,50,34,18,47,49,31,44,46,12,39,45,42,10,32,13,25,16,21,48,20,11,35,49,41,15,44,16,29,22,30,35,26,19,13,33,47,20,20,15,34,33,40,14,11,33,17,49,17,38,39,30,37,24,48,14,46,37,14,41,17,32,45,45,25,44,18,46,23,35,45,21,21,46,11,14,39,47,17,18,31,42,29,38,43,12,27,42,24,39,28,42,18,35,25,13,21,34,17,44,31,22,27,48,38,30,36,19,14
38,49,23,28,44,39,42,13,13,24,25,14,22,39,25,43,19,44,48,49,33,14,22,33,20,22,46,17,22,48,49,19,31,21,32,37,47,34,36,44,23,27,32,29,48,50,16,40,20,19,15,31,50,23,39,20,14,23,15,21,37,27,27,33,26,20,24,18,10,27,10,26,50,11,34,16,23,14,39,41,36,36,32,34,30,43,20,27,49,18,18,37,25,32,37,28,39,23,38,44,35,29,13,23,16,40,37,36,33,18,38,17,45,31,26,42,18,49,32,50,50,33,12,34,31,39,15,24,18,17,41,17,46,24,37,27,14,34,18,39,28,34,18,31,40,30,40,20,23,22,37,21,28,10,21,48,17,34,14,47,13,12,37,30,38,46,47,27,47,35,29,11,26,33,42,23,42,27,43,35,37,18,18,17,18,21,11,17,48,43,20,14,50,39,49,45,33,19,45,31,11,39,42,40,13,13,49,41,12,24,14,19,36,11,49,48,43,40,50,36,11,19,31,23,25,26,44,36,39,44,17,17,11,40,26,49,16,42,23,23,35,34,15,44,11,30,26,38,32,13,21,16,36,11,13,43,37,38,17,26,26,28,43,47,43,12,33,42,37,37,35,44,20,25,17,33,26,16,29,28,48,19,11,15,35,31,17,12,28,28,36,18,10,44,41,10,34,13,28,10,40,32,34,16,14,11,33,41,41,35,37,49,41,14,15,29,41,41,10,26,42,46,38,19,38,13,39,14,42,28,45,26,24,29,15,17,30,38,35,17,42,24,44,29,20,47,29,41,17,38,39,30,17,31,15,16,29,27,25,30,39,49,25,16,21,41,10,32,26,20,49,32,42,31,46,25,34,10,30,14,46,37,43,14,13,49,44,16,38,11,44,35,31,23,29,42,49,23,20,30,19,47,37,43,12,34,28,31,23,15,39,17,49,23,50,28,40,34,44,45,27,35,39,46,16,23,34,24,34,32,14,45,25,21,25,26,27,32,32,39,20,20,31,40,12,38,32,15,14,21,36,35,45,49,41,32,26,31,10,47,25,44,37,44,11,18,26,31,48,22,39,17,32,10,41,33,43,49,26,32,50,13,33,21,24,32,38,36,47,22,10,45,23,46,45,13,16,11,45,12,18,34,15,14,48,34,12,31,30,18,14,18,49,35,50,45,32,42,42,21,40,11,50,46,21,22,40,23,20,16,41,30,38,23,44,13,15,44,40,48,47,32,43,20,15,29,31,44,15,39,47,35,46,30,30,31,42,22,12,20,23,39,24,12,47,33,44,49,41,35,31,18,20,28,46,31,47,32,47,33,19,41,32,49,45,20,12,41,29,42,48,30,28,32,29,18,26,20,19,20,23,31,43,20,41,25,31,26,32,42,23,13,35,23,14,42,27,41,32,21,23,26,44,17,13,36,11,48,21,23,24,40,10,45,35,45,37,18,22,22,36,49,20,17,31,12,19,47,29,41,48,26,32,26,18,28,21,40,36,43,36,24,13,41,50,25,28,41,22,38,48,14,28,42,38,28,13,20,38,27,30,41,39,42,43,41,50,17,46,23,10,21,14,20,12,49,31,29,40,50,24,36,27,32,36,10,18,39,17,35,36,32,14,16,16,28,12,36,47,12,15,14,45,26,31,39,10,12,14,20,43,37,27,22,37,20,40,41,31,18,17,13,34,37,36,42,28,25,34,17,19,26,36,12,29,48,22,31,29,21,25,46,33,36,30,20,41,40,40,27,31,36,10,36,43,31,35,20,27,17,49,15,45,35,12,37,22,41,41,12,36,30,17,44,43,15,38,37,37,23
