The number of jobs:
600

The number of machines:
40


The power of each machine at differnt speed levers:

(where rows denote machines: 1 to 40 and columns denote speeds levels: v1 to v4)


8,27,38,45
6,15,34,43
9,21,32,39
12,21,35,43
13,28,38,45
15,28,38,45
7,13,21,27
14,23,32,42
11,16,22,35
13,28,37,45
12,20,38,45
6,22,30,41
17,24,32,43
12,20,34,41
20,26,35,44
5,18,38,45
10,18,34,43
7,27,36,43
8,24,36,44
5,19,31,38
11,26,37,45
6,29,36,44
13,20,25,45
17,24,33,41
10,22,38,45
9,15,32,40
9,22,30,43
13,22,38,45
11,15,37,45
13,26,36,44
18,24,36,43
6,14,30,38
8,25,31,42
9,26,33,45
14,27,34,45
16,25,38,45
5,18,37,45
16,27,36,44
16,25,31,42
20,27,36,43

The basic processing time of jobs processed on different machines:
(where rows denote machines: 1 to 40 and columns denote jobs: 1 to 600)
19,11,13,37,16,11,49,33,33,32,44,33,18,45,19,46,44,38,30,16,29,38,33,38,47,48,10,45,42,46,50,47,38,24,33,25,49,45,32,32,23,21,27,30,44,27,20,33,43,36,33,47,37,20,29,43,36,12,18,19,50,35,17,28,40,33,45,15,45,14,33,39,15,29,37,40,37,21,50,45,46,23,15,37,47,11,14,18,46,33,24,13,22,31,15,38,40,23,18,13,13,22,28,17,47,50,36,26,23,35,38,31,25,16,48,28,20,28,48,20,42,39,22,34,14,41,20,16,36,43,24,30,36,42,13,33,31,13,20,21,24,20,17,18,28,13,45,41,16,37,49,41,37,27,22,18,27,39,21,41,29,27,46,40,47,22,22,18,22,23,23,43,49,13,31,39,35,21,48,44,37,28,32,44,35,33,22,22,11,37,47,18,12,25,10,22,39,20,31,48,40,23,21,25,48,49,17,15,47,24,33,19,17,28,24,22,39,40,31,35,49,21,41,21,47,32,19,50,22,41,37,38,49,15,14,43,50,42,33,32,46,37,49,36,30,12,39,12,21,32,35,46,16,30,18,34,15,36,18,46,29,31,40,28,10,39,46,28,19,37,12,16,11,46,33,17,26,26,48,21,13,45,42,23,46,21,24,35,36,40,38,12,21,17,33,37,49,20,27,10,33,49,27,33,44,23,39,45,25,25,21,18,31,22,47,21,48,42,18,33,36,45,37,38,42,35,34,33,23,48,13,44,37,13,13,43,41,35,16,47,27,13,43,43,19,47,13,25,37,16,25,16,11,27,20,26,49,14,13,18,23,24,35,15,34,47,44,13,23,39,42,41,37,22,11,31,30,44,36,27,29,10,40,15,11,36,48,11,47,40,25,37,26,34,26,23,29,16,40,16,29,37,12,25,21,18,19,31,45,16,48,38,15,29,22,45,42,31,46,24,22,23,11,11,22,29,49,31,39,23,28,25,47,18,31,10,14,14,41,19,39,15,35,16,26,24,47,23,28,16,26,20,38,17,42,15,44,28,40,16,35,36,43,21,48,41,34,37,49,38,47,43,47,31,16,35,17,30,37,48,45,41,13,26,38,36,49,25,50,23,33,17,41,40,14,20,30,41,13,29,20,11,27,48,49,20,46,40,24,31,50,26,15,44,14,23,22,43,11,25,18,13,43,31,36,15,33,48,45,26,38,19,43,29,46,21,26,19,17,25,26,37,14,26,32,34,20,33,37,44,16,22,31,33,18,35,22,37,41,17,19,49,18,31,18,44,30,33,12,26,23,23,45,35,49,26,16,13,15,12,10,26,31,35,26,12,26,12,45,47,27,33,42,46,21,40,24,35,29,26
25,41,46,26,49,47,50,12,32,37,48,38,14,20,31,50,40,18,16,44,13,34,40,20,44,45,29,43,48,47,23,36,25,46,49,22,50,46,22,15,41,17,25,16,49,14,14,23,26,25,41,28,39,28,16,31,35,24,26,12,21,31,41,23,34,39,16,31,19,33,41,48,17,10,35,16,16,12,33,36,47,22,32,47,34,45,14,36,31,28,47,33,15,39,12,46,47,13,39,43,41,45,43,41,28,29,31,47,26,42,23,14,36,38,11,50,49,39,11,13,34,30,13,27,24,46,34,13,37,44,47,27,16,32,37,23,49,47,10,13,17,32,30,36,45,21,28,21,37,28,42,19,32,19,10,36,15,23,46,35,14,22,25,15,36,22,33,23,16,32,34,14,24,42,18,28,23,13,46,13,33,16,21,11,21,27,31,35,23,42,32,19,40,24,38,22,24,24,17,35,23,30,32,15,22,36,47,29,19,44,39,38,15,49,22,17,37,17,21,22,12,39,25,47,25,39,35,32,26,10,43,15,14,31,13,16,37,40,29,20,24,49,44,20,40,28,12,41,48,23,32,46,47,33,30,31,28,38,16,39,27,43,33,12,50,30,34,30,32,37,29,18,20,28,30,20,36,28,30,47,26,16,49,33,15,48,11,27,49,24,18,26,29,26,36,41,35,47,12,18,12,11,26,25,44,26,33,24,24,44,15,32,19,23,12,40,26,28,44,19,47,38,31,35,48,15,48,25,49,37,32,47,15,43,38,25,19,28,30,36,28,42,22,34,35,20,36,33,41,38,48,44,38,48,12,31,31,45,20,42,11,47,13,42,18,41,46,16,47,18,31,10,48,25,49,18,37,14,18,22,33,33,41,45,37,34,21,22,40,22,11,22,39,47,15,13,38,44,26,42,23,11,42,16,20,27,13,35,18,15,24,47,21,19,11,43,31,42,25,15,33,37,24,11,35,33,36,18,11,39,40,37,39,50,24,36,39,49,38,39,49,43,32,44,28,13,20,39,31,49,46,11,11,42,49,40,39,37,28,39,33,42,25,46,38,46,37,25,26,15,48,40,16,17,22,19,45,12,12,25,24,20,21,16,29,20,41,28,24,29,14,46,50,17,38,30,23,21,11,15,48,38,18,40,41,15,38,11,11,18,24,20,17,13,43,14,32,18,45,46,28,29,28,10,19,33,14,31,32,45,15,35,49,44,29,21,26,42,32,20,47,27,28,23,44,21,14,44,28,22,20,21,15,13,29,31,24,37,11,13,21,46,35,20,33,22,12,48,38,37,15,25,25,43,19,34,36,16,42,14,16,36,16,43,49,33,18,45,24,12,32,48,23,12,23,17,16,29,22,19
14,19,16,19,20,47,45,10,39,36,37,15,18,44,16,14,13,40,13,34,39,43,34,40,13,36,14,35,19,40,43,17,30,28,28,35,27,15,10,22,20,43,28,13,30,42,11,20,11,31,20,22,43,17,17,39,38,41,22,14,44,35,29,13,29,48,29,12,33,20,11,32,50,21,21,44,23,48,22,18,10,27,28,44,25,37,19,44,27,18,27,14,12,46,40,25,22,14,35,18,26,38,37,40,21,48,25,30,43,25,31,18,39,27,36,49,39,16,29,34,29,18,28,22,33,44,15,33,47,48,45,17,34,17,15,15,47,12,25,34,45,13,22,24,17,34,28,26,14,46,42,12,32,42,22,22,29,46,10,44,33,16,25,15,25,12,17,50,46,26,33,40,24,21,47,46,44,13,17,18,44,29,49,29,24,15,13,26,43,46,13,28,30,11,20,35,36,41,44,31,12,39,32,38,47,15,38,17,33,22,46,14,17,30,18,31,18,12,30,18,20,32,37,49,15,39,21,41,29,36,49,14,34,10,32,28,34,34,31,28,20,36,13,13,22,44,47,42,26,16,47,44,33,36,45,50,23,37,12,32,38,20,44,18,46,13,27,18,11,15,48,24,31,36,16,13,42,43,17,24,15,32,10,23,22,15,17,25,39,27,49,42,21,40,20,41,47,31,32,17,35,36,29,14,22,23,34,36,22,26,18,14,22,25,13,36,29,12,50,49,47,31,42,46,20,28,24,14,15,25,41,11,30,32,11,26,21,15,31,48,23,45,29,31,40,36,22,45,49,45,15,18,46,10,14,39,32,27,30,48,37,28,49,27,23,32,37,19,23,31,22,27,25,47,47,40,24,35,27,31,41,49,36,37,10,26,18,30,25,29,35,25,24,29,16,39,23,23,47,34,12,20,41,16,49,48,32,20,26,47,34,25,23,38,12,36,38,45,17,22,42,45,29,34,23,12,44,18,29,49,11,29,42,17,44,36,45,34,32,37,17,26,35,15,47,34,35,32,29,15,36,41,14,17,19,17,48,32,41,36,15,30,32,10,35,50,25,30,15,33,14,16,28,16,47,33,43,36,48,23,39,16,36,12,31,40,39,33,31,43,21,13,20,24,49,50,39,13,31,36,21,13,19,48,50,46,46,43,48,18,44,43,15,22,31,37,30,37,46,48,30,11,40,40,27,42,29,33,43,34,11,30,13,22,16,36,44,46,37,30,14,19,36,47,48,32,31,25,29,23,37,44,16,44,27,31,25,23,28,44,38,44,27,43,24,45,31,45,12,32,45,22,12,34,31,12,41,21,13,22,24,45,14,14,47,27,42,19,49,49,24,16,21,20,22,15,38,16,29,46
38,22,22,18,47,49,29,16,34,38,31,31,17,33,39,19,30,36,30,10,47,38,13,17,17,30,33,13,47,20,11,49,13,24,50,35,18,11,12,41,41,21,44,36,24,27,10,38,48,28,37,20,43,46,25,40,50,16,20,16,34,38,12,43,50,23,38,42,24,20,33,14,11,24,31,32,39,33,36,25,29,12,17,26,36,26,13,37,11,28,24,12,13,39,28,21,12,34,21,14,22,49,42,20,20,44,45,26,46,47,46,40,43,28,28,35,21,22,26,33,14,25,19,24,26,32,32,45,27,31,41,50,47,50,26,43,15,26,29,30,33,37,43,37,40,46,31,21,10,24,28,23,49,29,33,28,45,23,12,36,23,16,38,28,46,48,31,42,17,47,25,24,49,31,19,35,24,27,11,25,11,44,47,45,37,41,19,24,32,13,27,35,23,37,19,42,13,15,40,48,29,39,24,30,17,44,23,32,33,39,17,35,48,17,23,42,15,47,20,48,23,31,21,30,43,21,13,24,22,11,12,19,31,23,16,22,43,39,10,49,34,49,38,50,14,29,23,30,29,20,37,19,29,46,25,42,50,41,14,30,40,23,26,46,39,22,25,14,35,35,49,36,22,50,20,14,45,33,41,28,41,44,24,29,49,39,11,21,20,26,28,13,27,43,19,37,21,37,33,17,38,31,50,22,29,17,26,40,16,41,39,30,26,16,16,33,37,40,32,25,36,38,36,43,21,17,46,23,27,12,41,42,34,33,15,27,15,30,37,48,21,36,40,16,15,38,42,50,47,20,47,48,21,35,36,46,24,30,32,42,25,47,49,35,16,32,42,36,22,34,40,21,17,39,40,48,33,44,31,16,45,16,43,26,47,42,12,31,35,46,38,49,47,19,24,34,43,30,25,21,47,49,45,17,49,35,14,22,34,48,24,26,36,33,24,24,48,29,46,19,44,25,44,15,29,44,36,40,34,26,19,42,21,35,43,45,27,26,36,12,21,46,42,25,40,28,16,18,24,22,41,38,12,38,20,34,16,11,45,46,41,28,39,14,28,13,37,20,23,10,48,46,20,18,48,30,20,17,46,19,43,20,14,15,33,32,28,39,46,30,11,43,49,48,44,39,41,36,43,48,41,20,28,34,13,18,40,27,32,19,37,23,34,24,27,26,49,39,18,35,42,18,49,28,13,32,39,49,44,34,11,26,18,26,27,15,47,40,12,14,39,37,19,48,46,43,17,37,28,45,45,33,23,49,31,24,47,46,40,46,43,14,12,18,38,11,12,31,37,14,42,25,41,32,45,32,37,21,49,39,42,34,27,28,31,20,45,35,49,28,36,49,37,48,40,14,23,41,48,24
25,49,24,19,15,20,11,19,20,23,22,20,41,17,27,34,25,41,46,13,32,38,47,29,23,15,20,47,40,44,34,29,17,34,30,26,34,12,44,32,21,19,36,48,49,11,34,29,32,20,20,17,24,36,36,45,44,28,31,13,22,27,38,35,50,11,26,26,37,43,39,29,50,15,17,11,49,28,43,15,16,25,23,31,34,26,40,41,31,50,40,14,24,33,17,11,48,30,48,24,43,37,12,49,48,27,32,44,30,49,23,35,43,32,32,21,20,41,20,43,18,43,33,48,10,18,19,42,10,43,44,13,20,38,46,17,26,28,43,18,21,18,28,24,48,44,22,31,25,34,13,28,39,39,10,14,17,41,42,46,13,44,10,15,41,20,49,15,16,37,43,48,18,10,23,26,50,15,25,50,21,32,17,11,27,33,44,13,10,18,24,25,10,49,38,15,35,40,12,49,15,27,16,49,30,20,20,19,26,35,22,14,32,40,25,38,17,27,24,33,35,32,17,28,32,36,34,20,27,28,44,27,20,13,26,34,48,37,22,48,40,42,47,10,27,50,48,14,25,13,37,34,13,44,15,29,33,50,32,20,18,43,49,44,19,25,20,26,18,43,29,13,19,11,26,39,20,27,35,31,33,11,22,29,20,17,27,32,46,15,11,19,38,23,41,18,23,30,11,15,22,39,42,10,37,12,20,27,23,49,31,29,15,30,49,46,32,22,32,24,31,46,14,46,26,47,21,26,33,13,28,15,14,16,21,46,40,43,16,39,40,15,43,14,10,47,38,21,41,20,22,36,39,43,11,35,23,21,49,12,13,14,28,13,37,20,15,46,40,49,44,14,44,49,26,45,42,14,37,38,16,21,19,38,42,26,30,41,45,34,22,13,19,28,13,28,16,42,42,15,15,24,37,29,19,19,27,34,36,10,23,47,42,44,45,25,45,28,18,14,24,26,24,20,19,31,25,18,24,44,18,46,47,48,33,43,41,32,16,44,47,41,25,13,45,49,42,17,11,37,23,24,38,28,25,30,41,21,18,31,32,40,38,29,34,13,23,25,27,17,41,22,46,37,20,14,20,23,25,48,22,21,47,48,42,36,45,43,21,17,30,26,48,43,49,14,17,38,50,20,31,19,38,46,38,14,41,36,17,18,23,12,50,30,38,41,46,39,32,39,12,36,37,27,33,11,33,29,28,12,33,30,13,39,38,18,34,38,15,26,14,18,19,45,26,28,14,45,16,37,21,33,29,32,42,12,21,46,12,27,18,22,30,46,43,33,37,14,21,45,47,14,16,31,30,11,18,23,34,14,14,33,49,47,14,43,44,50,28,22,44,25,45,48,15,36,37,47,42,41
27,45,36,32,27,26,42,32,46,22,24,35,16,18,36,35,42,45,13,36,41,19,26,40,46,33,33,40,24,28,20,22,22,27,42,19,46,45,12,49,17,33,17,12,41,46,44,38,28,34,21,16,34,27,40,45,30,49,49,22,37,10,26,33,14,34,22,48,12,15,26,45,19,43,20,25,10,38,14,39,10,40,44,16,27,41,43,24,42,10,43,37,15,16,26,38,21,12,15,14,39,31,16,39,49,10,34,15,34,10,47,23,28,32,16,39,31,18,32,37,38,39,42,32,32,21,44,26,23,29,31,23,26,38,37,23,12,46,14,44,42,47,10,35,16,14,21,50,38,32,24,42,19,30,36,44,36,41,49,11,15,20,38,26,26,30,31,33,25,41,18,31,25,49,28,11,30,26,45,22,12,40,14,43,46,22,13,21,43,20,25,39,47,24,28,19,12,30,20,17,44,31,36,28,30,42,36,12,49,23,48,12,25,27,39,17,22,24,33,10,18,11,47,19,37,42,24,17,47,35,37,15,25,14,18,35,33,15,37,23,27,27,48,20,31,21,18,31,40,39,18,13,50,50,39,46,17,19,36,34,13,29,19,23,11,39,12,10,15,33,21,41,38,22,22,26,42,28,12,25,36,37,29,35,21,32,37,49,18,17,27,42,25,39,20,16,22,37,41,42,36,33,39,21,39,16,45,20,21,41,18,23,10,31,20,39,17,22,11,21,17,36,23,24,24,37,25,49,10,28,12,38,39,11,43,49,30,30,46,32,43,20,34,14,32,40,35,26,22,15,29,16,16,41,13,32,13,49,37,30,38,42,32,22,41,22,27,30,25,25,18,22,18,21,48,45,25,26,46,41,39,46,36,46,26,47,42,38,41,27,32,36,32,26,26,34,29,15,45,33,18,34,47,47,37,29,23,47,14,18,20,29,18,39,35,27,32,28,14,26,15,16,41,30,35,27,28,47,33,13,38,21,13,16,42,28,50,20,44,35,35,18,41,11,16,24,41,14,11,22,21,46,19,37,49,47,42,18,12,12,23,14,47,28,13,18,36,33,47,20,28,47,40,31,41,49,28,24,36,21,18,38,31,22,18,18,47,14,12,36,12,21,41,40,18,16,41,16,22,43,42,39,48,20,44,18,40,27,49,36,28,34,41,21,33,28,49,43,35,20,14,28,27,42,35,43,45,11,18,11,28,42,17,41,17,21,44,25,39,41,14,37,40,34,30,38,29,25,12,10,28,36,32,20,16,11,42,46,40,31,33,39,18,42,48,46,46,21,39,20,11,35,22,40,31,43,48,37,27,16,27,22,46,21,42,33,38,23,10,25,41,42,41,26,42,16,16,43,41,14
32,34,36,17,30,46,34,41,35,22,17,42,12,17,38,45,15,37,28,27,35,43,39,17,43,11,45,17,10,36,24,18,16,27,23,29,17,37,45,31,48,22,11,44,28,32,42,21,13,36,49,30,36,48,28,22,24,25,27,45,13,24,49,14,12,13,29,49,48,49,45,21,17,30,17,17,35,27,35,19,21,44,27,37,44,26,28,50,23,24,32,24,48,13,37,27,31,33,43,34,30,31,34,20,35,49,28,11,44,27,42,42,48,17,30,24,37,16,38,34,31,12,29,33,41,39,37,17,46,24,40,41,36,35,46,33,48,28,46,28,25,15,23,36,19,17,29,14,10,29,14,19,46,36,19,40,38,28,46,11,28,21,50,22,23,42,49,21,33,32,42,24,32,49,11,47,43,11,14,46,42,26,28,31,28,35,40,49,37,17,19,38,42,39,42,15,31,19,47,12,30,17,12,19,44,16,45,37,37,10,17,15,43,26,18,43,14,46,45,29,18,32,22,32,21,21,35,37,16,37,32,12,34,38,36,26,35,31,46,41,17,41,16,29,42,32,34,42,40,34,29,15,35,43,33,46,45,14,50,19,24,30,47,34,39,49,28,46,31,40,21,12,49,27,44,44,33,24,11,44,33,23,44,35,29,41,12,45,41,27,41,30,39,31,30,13,33,11,46,11,24,25,47,29,49,23,36,36,27,16,15,27,38,46,27,40,38,43,17,42,20,13,33,15,22,45,31,49,26,39,19,36,18,32,22,18,17,40,36,17,11,11,25,44,25,21,34,41,45,36,17,20,34,41,34,28,37,34,26,12,44,43,22,36,22,13,38,19,45,13,39,38,21,48,48,13,30,27,18,24,21,35,38,24,33,25,17,29,22,21,22,39,22,27,37,46,43,33,24,21,26,24,33,14,48,46,46,38,49,28,19,31,12,30,33,48,23,41,14,40,40,47,26,23,23,11,22,34,26,40,38,49,11,22,17,45,49,43,35,23,14,11,30,16,48,47,34,15,14,42,15,21,44,50,28,36,30,19,18,16,19,17,12,17,10,24,18,50,22,30,17,13,48,40,48,39,40,41,13,25,13,35,13,12,25,49,35,41,21,36,37,15,21,28,11,15,23,39,23,42,34,21,18,38,14,47,39,29,11,39,19,26,20,19,14,39,41,14,46,34,27,37,45,42,27,30,28,35,30,49,28,18,37,49,31,41,30,24,45,40,13,36,14,30,43,33,14,11,27,24,40,10,49,30,36,22,33,22,41,44,23,16,35,33,24,49,16,21,18,50,36,49,20,47,35,12,41,40,33,31,35,43,15,47,10,39,42,34,10,47,23,41,46,35,40,32,44,31,26,24
30,12,40,13,13,49,41,11,25,47,43,41,33,13,39,32,34,25,16,27,33,12,17,13,34,40,22,11,31,25,26,46,32,43,50,32,28,26,49,26,13,32,22,43,37,14,11,14,37,20,15,47,47,47,33,13,33,31,46,32,16,47,44,15,14,43,44,28,25,49,36,43,17,41,43,34,39,21,34,37,32,36,30,36,43,10,27,20,29,35,47,13,41,49,42,31,15,34,12,37,45,28,41,48,41,22,20,27,17,29,30,12,22,42,43,15,20,50,32,12,49,48,10,43,32,10,17,17,37,19,11,27,20,44,29,28,36,13,12,42,31,35,48,47,38,15,16,19,31,31,43,34,48,12,40,18,47,26,12,16,45,35,27,27,13,11,19,23,11,25,15,44,43,13,17,41,17,29,14,17,40,22,43,10,26,24,23,46,41,28,11,27,20,22,26,50,27,40,29,11,17,40,29,43,48,32,16,48,45,18,23,45,15,17,29,47,23,34,20,46,41,14,18,26,13,13,17,16,39,47,29,40,35,14,47,17,16,34,15,37,45,23,23,27,29,30,25,18,27,26,49,26,30,22,35,24,42,45,20,12,46,49,34,25,41,27,17,45,34,41,10,24,19,41,32,50,22,23,25,42,49,39,25,27,43,26,37,36,45,34,29,33,21,22,40,12,20,15,19,13,50,36,43,34,42,32,21,22,43,25,31,14,32,37,43,39,33,41,30,16,36,14,21,19,16,25,44,17,48,29,42,13,41,42,38,28,44,38,14,39,48,11,50,26,22,42,41,37,43,47,17,31,22,24,41,45,18,32,28,32,37,19,25,18,46,38,21,41,15,45,16,20,37,43,46,41,28,23,29,43,16,36,21,44,49,25,21,44,36,37,36,17,49,47,13,31,29,36,41,25,45,37,15,15,46,48,37,45,43,44,19,34,39,26,36,12,20,49,44,22,18,47,15,48,24,28,11,37,42,38,14,15,32,28,15,35,42,43,28,18,49,21,40,26,49,43,35,50,47,21,25,48,11,34,35,18,23,12,20,30,35,12,32,12,22,37,33,45,31,28,49,35,39,17,25,38,30,18,19,49,28,34,18,41,46,50,19,42,49,44,43,43,12,46,25,41,16,11,42,11,31,14,39,15,47,37,33,23,33,20,36,20,23,47,26,48,27,40,33,41,47,11,45,19,48,23,22,21,37,17,25,43,44,20,42,26,29,10,43,25,44,13,18,11,15,13,38,47,10,32,13,33,37,10,13,25,13,17,13,21,30,12,15,27,17,33,20,38,44,31,46,13,41,43,34,43,48,42,44,13,31,42,20,41,48,25,41,11,42,40,35,35,23,13,25,43,13,35,12,40
42,35,41,30,45,31,11,11,43,46,36,13,24,21,18,30,50,27,19,45,47,38,12,39,26,31,26,47,30,25,21,24,48,47,37,30,25,20,44,25,15,20,15,29,26,43,26,28,19,39,37,15,45,39,25,18,49,38,24,10,36,49,50,18,42,26,49,37,32,33,28,20,11,20,17,22,29,33,41,21,22,44,43,47,44,20,41,38,38,33,25,37,24,16,48,14,44,38,22,37,41,23,11,27,33,18,46,10,41,35,14,31,38,14,16,24,19,27,45,23,34,18,15,20,35,48,11,31,14,21,15,47,36,40,36,23,36,35,29,25,35,28,23,13,44,10,22,29,24,46,48,46,37,24,12,16,42,36,45,21,42,16,23,22,22,25,41,37,41,31,32,36,26,24,38,26,38,39,40,11,44,23,30,19,41,29,38,17,28,22,33,32,19,13,34,29,35,23,40,12,21,42,24,44,29,43,30,28,33,39,36,34,49,40,19,13,18,38,38,45,31,45,25,34,47,41,28,42,43,13,42,14,46,25,16,20,42,38,30,13,41,28,17,27,37,40,17,14,26,23,15,32,33,34,29,22,23,12,12,15,15,32,30,39,34,35,10,40,48,26,17,15,22,39,16,11,41,44,32,43,33,32,36,24,44,33,49,28,47,17,43,46,29,47,33,47,26,39,41,11,37,45,43,42,41,40,11,15,43,24,32,41,37,27,28,47,32,35,48,48,16,14,40,37,36,41,17,29,42,38,36,48,39,44,22,32,13,44,28,38,32,11,26,27,30,38,30,13,14,47,21,39,23,25,34,22,10,12,11,40,32,28,19,17,42,26,30,15,19,13,20,25,35,13,40,23,43,48,16,41,35,35,12,45,31,31,10,32,47,14,29,39,44,22,45,25,48,24,22,39,44,35,45,31,46,46,37,44,43,27,18,43,38,22,34,11,13,38,13,25,13,35,17,46,23,11,21,37,23,36,26,35,42,50,45,40,11,33,34,35,30,31,49,11,48,42,23,21,38,50,19,47,18,14,16,28,23,13,34,38,29,19,49,31,24,19,16,42,34,47,28,16,24,19,48,20,39,16,24,30,44,30,16,11,26,27,12,27,43,35,30,21,44,21,17,30,45,22,16,49,26,37,25,18,15,45,38,46,21,48,42,26,36,35,46,35,10,41,34,29,43,26,26,36,21,44,28,19,35,49,41,13,33,21,36,19,11,16,34,42,16,22,11,42,49,21,28,23,46,29,17,41,16,12,26,11,19,42,10,19,20,45,15,25,21,43,44,42,25,17,15,39,17,42,23,18,45,38,28,39,41,11,29,29,39,41,23,33,26,32,16,24,42,36,46,13,29,22,24,37
15,27,42,44,50,49,30,39,38,44,47,36,45,14,46,36,34,34,43,22,27,45,17,48,14,17,22,21,45,27,30,11,26,22,24,36,31,25,43,39,25,46,33,49,37,14,48,33,21,21,47,18,10,15,24,46,49,21,15,38,50,37,21,31,19,12,39,32,27,19,20,45,36,15,41,12,40,44,27,31,44,28,41,46,14,38,38,37,20,45,12,17,34,44,22,27,27,42,27,20,47,32,15,31,46,31,34,42,17,22,36,45,25,11,15,31,11,15,34,14,50,35,16,30,42,41,14,18,25,18,37,49,41,16,50,38,23,31,38,23,13,39,16,22,31,48,46,28,17,24,14,35,48,40,50,25,40,38,44,38,16,15,19,31,31,37,32,39,32,46,46,31,15,20,21,36,14,37,15,29,27,15,44,31,18,37,33,32,40,19,47,43,24,43,44,20,23,40,42,22,11,24,10,48,29,44,19,20,28,43,12,30,28,20,26,19,18,35,28,47,21,15,38,19,18,33,21,29,22,30,34,21,16,41,37,36,45,38,44,39,21,46,30,18,12,34,34,28,26,34,35,12,17,48,18,46,37,44,46,40,10,33,30,27,49,36,47,35,39,21,12,43,13,13,43,24,14,49,28,39,47,40,39,23,46,18,44,28,14,42,27,40,31,40,23,43,43,30,34,31,35,46,15,43,34,44,19,41,11,11,26,15,27,34,31,46,43,29,47,14,48,12,45,22,37,38,48,23,45,22,35,35,32,37,24,25,39,16,36,35,46,46,30,24,11,29,27,13,21,32,25,34,26,18,16,21,15,34,16,21,30,46,27,32,24,33,32,26,30,47,38,48,33,31,24,15,23,13,12,20,32,45,39,10,12,48,39,15,41,14,43,46,44,15,40,47,23,41,47,31,43,31,13,48,40,38,33,31,44,29,40,47,44,39,32,18,15,45,33,44,49,43,38,39,45,35,19,28,44,32,45,32,19,23,13,36,38,20,21,33,35,43,34,41,48,45,40,22,46,40,31,40,42,16,27,15,27,30,46,36,34,23,40,29,28,35,24,10,49,19,34,21,37,38,19,21,18,40,24,27,23,32,12,41,38,18,47,50,19,40,48,21,48,14,41,48,46,48,39,36,38,21,29,31,44,26,23,44,17,12,34,34,32,44,42,16,20,43,15,22,19,37,49,27,16,47,25,28,41,32,30,29,17,18,25,28,45,23,50,18,17,38,17,22,33,35,23,13,14,18,35,41,30,15,15,18,16,18,41,41,11,46,17,47,16,10,28,30,44,26,18,29,26,39,14,35,31,29,23,16,22,25,23,42,44,40,16,35,50,15,40,31,45,48,23,14,45,33,29,15
30,36,23,42,24,50,31,45,48,11,14,37,29,49,47,46,47,31,43,50,34,31,18,16,26,15,34,39,42,15,14,19,41,30,38,42,28,46,37,21,10,17,21,34,46,45,46,45,37,27,47,36,12,12,28,40,31,12,16,12,27,16,18,45,27,32,29,12,47,16,21,11,50,33,22,24,22,25,34,36,29,35,44,47,46,27,11,29,36,16,25,35,22,37,39,34,44,35,49,43,30,14,24,13,17,14,44,27,46,22,25,46,47,27,13,10,42,30,37,31,30,35,31,50,33,15,17,14,37,12,34,34,21,13,33,30,22,32,27,41,10,15,49,26,32,22,28,36,39,38,17,25,29,17,46,20,40,43,41,29,43,45,43,32,48,46,30,30,17,29,24,48,39,49,14,19,48,44,38,46,45,26,40,23,29,26,36,38,20,41,13,18,25,26,14,34,46,37,32,10,37,17,38,25,15,49,31,26,19,28,45,14,37,43,11,26,17,13,38,23,48,34,37,28,45,49,36,11,18,14,35,35,43,37,36,13,42,27,12,38,39,49,23,37,42,15,32,40,27,38,24,42,46,46,22,17,12,39,49,24,47,13,38,41,12,26,47,36,11,11,24,43,23,49,50,37,11,37,14,22,19,29,40,35,13,49,42,23,46,21,32,12,39,16,18,39,41,48,41,42,15,22,28,22,13,28,34,35,23,20,32,29,16,34,50,13,39,47,50,49,40,28,10,11,22,49,15,40,44,19,14,46,43,13,23,49,32,41,47,44,32,14,34,24,35,48,45,25,32,19,13,49,33,22,46,37,30,29,31,25,21,32,38,46,31,41,14,36,30,12,20,32,38,12,48,16,22,16,26,18,21,32,35,31,12,13,48,50,16,32,14,45,27,39,28,10,32,30,34,25,13,15,15,46,39,10,24,30,34,37,25,23,16,27,46,30,17,34,13,34,17,35,41,30,23,21,47,31,33,44,46,20,23,22,43,31,16,44,35,10,46,37,30,27,20,12,25,22,31,39,20,17,14,29,39,25,28,15,16,16,34,39,45,35,44,41,30,16,26,39,30,13,29,12,36,16,19,13,20,23,18,30,48,48,21,41,15,39,21,48,27,49,26,27,36,14,29,24,42,25,46,12,30,28,28,35,33,30,35,41,19,34,41,37,18,10,43,37,46,26,49,18,33,48,15,20,33,17,11,21,28,36,19,25,33,15,40,37,35,44,11,23,25,21,49,20,41,26,44,25,27,25,45,48,47,47,13,34,50,30,25,28,45,21,27,28,26,30,36,11,19,40,21,33,44,16,40,27,35,16,25,35,24,18,22,14,19,42,12,22,45,48,47,14,46,47,49,11,13,47
11,38,17,12,47,44,36,39,19,36,46,11,17,42,17,21,49,27,24,18,43,23,22,17,49,25,12,18,30,33,48,41,46,21,14,13,20,10,48,22,34,43,13,22,11,38,36,38,25,24,18,11,13,29,24,45,18,22,20,40,49,32,47,30,39,45,20,49,44,19,17,41,41,38,27,24,25,27,15,26,11,42,48,26,22,21,15,17,14,13,49,12,14,37,12,48,28,33,22,11,35,47,50,34,32,16,45,17,23,37,32,48,28,15,20,10,50,19,50,44,35,30,41,16,48,44,18,15,42,30,39,31,15,37,28,17,37,42,46,26,21,12,22,26,24,24,43,50,30,33,21,23,27,41,50,39,14,39,11,16,27,14,41,17,35,16,46,50,18,41,28,15,35,11,17,33,37,35,41,10,24,34,30,33,41,15,34,11,11,33,24,49,45,32,22,46,17,37,32,41,38,49,25,16,23,30,35,21,27,49,28,36,28,36,32,16,41,49,30,15,42,40,20,18,31,11,18,15,39,10,27,33,11,40,12,11,19,30,28,50,10,23,30,13,33,39,42,21,30,18,25,28,45,36,24,23,12,34,28,16,14,24,46,15,33,18,12,43,36,18,18,20,25,37,48,45,28,50,30,18,30,27,41,44,42,25,19,44,26,44,10,14,46,33,18,16,42,28,15,16,12,43,20,24,44,12,33,28,33,15,27,42,34,15,27,42,41,13,46,43,22,46,35,35,17,32,40,28,35,40,32,49,14,18,20,48,35,44,47,18,22,47,37,44,27,37,49,10,31,15,30,48,21,50,26,42,48,18,30,25,18,47,36,36,35,43,34,12,31,24,40,48,38,42,21,38,35,42,48,15,49,45,41,37,35,46,35,11,35,49,36,47,15,48,28,24,47,29,44,46,49,20,14,41,40,12,47,13,33,10,25,33,45,25,39,18,20,39,42,21,25,24,29,35,19,20,46,34,41,33,26,21,31,21,10,47,24,38,23,31,11,46,10,42,42,40,49,45,15,50,48,30,46,18,15,27,16,15,32,42,31,48,32,48,26,40,47,25,14,17,44,28,26,13,27,18,45,49,20,14,31,34,27,40,18,23,46,39,16,45,13,45,39,31,36,44,20,22,15,27,21,34,43,17,49,29,35,14,20,18,10,12,37,30,20,50,22,42,48,41,46,22,18,46,18,47,17,15,18,22,40,48,40,24,24,35,17,24,42,18,20,26,20,46,32,27,26,29,15,28,27,17,32,14,37,24,34,24,25,11,43,34,43,35,29,27,14,17,40,14,26,10,25,49,11,35,37,28,35,12,19,30,37,47,45,21,46,46,29,10,12,25,21,20,42,30,22,27,48,40
23,40,42,17,42,30,18,16,49,37,47,16,30,35,38,48,23,45,16,49,21,28,40,36,47,45,41,43,28,21,40,18,25,24,28,46,34,26,26,29,43,45,26,43,42,18,22,20,14,42,31,42,40,32,21,15,16,31,27,40,43,41,32,23,36,47,21,42,39,26,46,18,15,34,44,50,22,15,48,14,32,15,47,20,36,13,12,19,29,20,11,44,44,21,27,12,25,35,33,38,25,37,40,16,22,25,31,16,39,42,14,20,35,40,44,16,42,11,17,43,38,42,18,28,42,20,12,10,45,30,19,34,46,31,24,27,42,21,11,18,46,15,28,34,29,26,28,46,41,49,48,22,34,35,24,17,27,17,14,26,18,44,47,22,43,39,18,44,25,48,38,43,30,40,39,42,22,24,20,44,29,46,32,28,41,46,16,12,33,38,16,33,35,12,37,46,13,26,50,37,18,49,19,21,18,21,45,40,42,26,32,34,40,12,41,26,44,29,40,34,12,40,21,19,22,27,28,13,22,17,27,35,11,27,48,39,15,21,27,43,27,41,10,37,39,18,28,38,38,17,34,18,17,45,37,14,41,32,22,28,35,27,45,22,29,22,12,47,20,48,21,35,20,11,24,28,12,28,43,31,22,40,37,46,29,44,13,44,38,48,23,31,49,33,33,19,25,11,30,18,48,24,16,17,42,43,26,44,16,37,17,39,29,27,42,48,48,25,22,43,46,24,29,41,46,12,12,10,29,44,18,26,12,20,36,50,14,24,27,45,39,27,41,20,23,37,12,33,27,46,33,36,46,18,21,26,24,30,50,18,24,49,17,22,44,20,18,36,42,27,31,40,20,20,15,38,22,11,22,36,22,44,26,47,37,26,36,27,19,40,17,25,40,36,36,23,22,31,34,46,46,26,19,37,13,41,46,44,16,22,49,17,17,29,38,46,20,50,35,43,41,21,48,36,12,15,17,12,22,25,13,41,34,45,12,40,37,32,47,15,42,44,32,16,21,20,33,50,12,11,49,46,49,50,37,12,48,34,10,40,41,38,20,12,31,42,14,45,19,48,40,33,35,32,18,31,22,46,46,29,35,15,11,16,19,13,43,24,24,30,44,29,35,13,46,22,43,40,34,44,42,15,17,21,47,37,42,12,21,33,34,24,11,41,42,23,17,49,35,11,26,29,17,50,37,24,41,26,22,30,24,33,14,20,30,14,15,11,46,41,40,29,25,40,34,38,36,10,37,49,31,13,21,17,37,17,39,41,21,34,25,23,17,11,49,38,14,49,16,13,24,20,26,21,19,28,40,17,29,49,34,29,32,33,25,33,35,22,41,25,38,24,37,31,35,12,20,47,28,37
20,45,40,36,20,13,22,13,42,43,35,17,44,17,12,45,40,50,18,42,21,43,26,49,31,45,14,38,27,16,40,29,19,49,39,39,13,28,46,50,38,21,30,13,11,29,31,24,24,32,11,12,43,14,43,47,19,33,41,11,45,40,39,27,23,32,32,35,22,25,30,41,46,20,37,43,36,21,19,23,22,41,36,27,46,32,31,26,45,39,41,42,30,26,25,21,30,17,26,40,12,23,21,44,14,29,43,39,46,48,20,23,12,24,34,45,38,29,34,49,12,34,12,44,37,49,12,26,19,16,41,45,31,20,49,22,22,21,43,27,33,34,24,19,18,35,16,39,49,30,20,30,24,36,11,41,33,34,18,43,49,45,13,17,16,22,44,10,34,31,43,33,16,39,26,48,14,30,11,19,34,16,42,28,30,24,11,40,41,46,21,49,21,46,15,46,11,33,32,12,10,43,22,33,49,40,13,21,43,35,26,31,22,33,19,25,16,15,50,43,41,41,30,18,41,28,39,13,40,36,36,10,44,35,15,47,29,16,15,32,21,22,45,36,43,30,24,41,15,42,29,25,48,11,14,41,44,17,36,45,28,42,43,11,21,16,34,11,20,43,21,42,43,13,11,13,34,12,31,11,35,42,16,12,35,32,14,31,32,20,49,25,33,41,14,20,12,17,22,19,15,26,22,10,29,27,20,18,47,23,11,28,36,29,43,42,23,34,38,39,49,48,49,32,32,42,20,29,33,27,34,50,23,12,11,18,34,24,19,12,39,38,24,31,13,31,26,17,44,47,46,19,29,27,17,10,42,27,35,29,49,24,44,11,43,46,41,21,37,29,21,25,11,42,43,27,39,26,15,22,41,44,15,37,19,15,12,19,11,13,16,37,36,43,48,28,23,12,39,14,13,44,24,37,36,30,37,17,27,35,33,39,28,12,34,13,44,21,45,45,23,15,35,26,41,46,34,41,39,37,28,34,41,28,17,17,25,11,31,38,22,26,17,15,39,42,26,32,44,14,24,24,20,47,16,48,47,20,31,22,14,19,28,27,14,10,22,14,39,40,30,27,24,37,40,11,10,48,42,33,12,27,27,43,27,20,30,19,15,12,25,18,47,49,19,18,29,36,20,38,40,49,42,45,17,19,35,36,15,35,33,29,39,26,42,15,28,27,16,50,36,24,18,26,39,48,39,17,20,30,10,30,47,23,18,29,34,27,21,18,33,11,34,37,30,19,41,14,26,35,37,47,27,45,29,39,18,28,27,11,31,37,22,10,27,16,49,28,43,42,19,48,38,12,30,24,37,39,34,32,50,30,46,27,39,30,21,18,16,17,29,16,15,49,41,31,33,29,36,18
49,21,36,38,21,13,28,15,27,38,21,40,44,15,48,31,14,19,16,39,41,47,26,27,24,46,41,21,27,50,44,41,30,31,43,11,42,49,43,11,42,22,43,27,50,23,48,46,16,20,41,34,35,39,27,28,47,40,25,42,13,14,23,44,21,18,27,49,12,32,10,27,23,14,48,49,50,22,37,18,30,20,12,13,44,26,19,24,34,42,12,41,20,22,34,46,26,16,31,15,14,25,39,23,20,10,36,16,16,35,41,22,49,33,30,42,18,25,12,13,20,45,38,12,43,31,48,22,17,46,16,26,42,13,33,36,42,25,38,49,16,22,12,38,50,32,38,29,27,21,20,30,23,45,41,10,11,37,48,35,20,27,21,33,12,33,12,28,30,20,17,26,37,42,50,35,13,48,15,14,16,21,32,23,37,12,27,38,30,27,24,24,35,25,49,12,38,18,35,11,34,40,46,31,25,13,20,14,18,39,32,44,21,40,37,27,36,20,25,39,23,42,32,20,15,37,22,33,11,13,48,42,46,33,21,36,34,19,16,11,27,30,22,34,19,26,49,27,11,12,26,18,29,31,45,19,17,44,19,30,49,33,27,27,44,45,38,32,36,19,43,18,46,49,40,16,25,44,40,47,48,11,41,49,48,31,34,35,40,35,16,22,33,37,48,30,33,39,13,40,12,30,17,29,28,14,21,14,31,32,25,11,49,41,34,34,20,28,46,13,40,19,19,37,43,15,35,34,37,32,27,36,32,50,24,39,38,22,45,23,49,23,32,39,20,12,31,46,29,15,32,46,18,11,41,30,48,20,25,13,47,29,25,10,17,11,40,36,24,31,36,17,42,33,41,21,15,21,42,32,35,43,13,15,47,19,38,15,23,49,43,29,26,39,17,47,47,29,36,39,15,32,34,25,49,30,12,30,34,44,13,32,43,20,29,24,30,18,32,20,38,18,15,31,41,33,16,13,16,21,42,22,28,22,39,30,14,40,36,13,20,20,14,16,40,49,46,41,21,46,45,30,35,23,40,36,49,43,37,37,14,45,34,29,35,38,13,48,34,35,50,40,32,50,47,48,26,46,19,27,12,50,42,47,44,23,39,20,18,28,35,27,30,16,24,32,41,24,48,28,48,29,20,12,42,41,32,27,21,24,47,25,49,15,29,28,27,46,33,37,26,13,16,19,37,31,40,39,18,15,16,39,11,39,15,20,31,49,41,19,49,12,46,14,49,35,36,45,40,27,35,46,42,45,45,20,48,30,34,18,45,48,17,20,36,24,31,45,48,29,35,29,26,20,43,38,49,29,50,47,45,36,47,34,43,46,31,36,34,43,15,27,23,18,39,13,24,38,36,45
37,16,45,24,21,15,34,33,44,48,12,16,30,47,45,14,44,15,30,10,47,26,27,19,20,35,38,22,42,22,42,23,22,43,21,28,27,26,32,27,49,28,16,28,43,22,16,42,45,31,31,44,43,13,17,19,15,19,42,41,32,43,12,22,13,42,13,26,42,19,23,26,38,11,37,32,42,42,39,26,22,20,15,28,20,50,40,32,22,25,13,18,12,31,25,39,31,37,19,18,38,12,34,19,22,42,34,14,28,34,26,18,24,10,42,37,12,28,41,32,16,30,25,47,12,46,36,17,43,29,27,49,41,45,26,14,31,16,16,38,11,13,14,34,44,36,28,46,12,35,47,48,22,45,42,19,33,16,13,21,12,14,31,35,45,17,27,16,24,40,45,39,14,11,14,10,12,41,46,16,40,44,42,49,29,40,35,12,15,14,43,18,15,24,21,25,19,47,29,30,42,13,12,35,41,24,46,17,28,40,31,12,19,45,10,39,12,46,50,42,27,23,42,29,49,29,24,17,42,21,15,12,34,26,11,13,43,21,35,25,25,23,11,39,35,33,31,19,11,22,19,30,20,13,22,23,16,36,32,17,17,15,12,47,13,32,27,24,15,12,42,13,23,34,47,16,50,38,13,18,40,15,49,23,39,21,48,17,44,18,26,23,40,28,46,41,39,37,42,33,42,28,33,34,48,28,14,17,15,33,29,50,49,23,47,46,37,47,22,40,35,40,15,26,24,13,18,42,31,23,31,32,41,11,42,50,34,44,29,29,36,49,35,47,22,38,32,11,49,43,40,17,12,25,42,11,18,27,48,16,43,32,47,30,49,34,46,33,36,47,25,13,37,18,18,37,26,35,41,19,42,20,43,33,25,22,28,12,50,28,14,20,16,16,22,22,10,38,18,49,35,44,26,11,45,16,45,19,19,18,22,40,28,30,20,41,33,44,14,32,43,32,12,45,41,42,29,16,36,11,35,37,31,32,22,18,20,28,45,11,10,26,13,13,11,40,30,20,27,39,31,30,38,35,43,26,14,16,49,12,35,27,32,39,15,49,26,37,38,37,43,12,47,45,15,39,32,21,20,10,21,26,39,49,19,36,45,18,12,50,29,12,43,46,25,45,30,49,43,44,26,48,18,50,25,18,34,36,41,20,27,13,40,41,46,16,34,44,17,19,18,36,48,43,25,16,19,30,24,31,15,45,12,10,16,28,39,29,10,46,36,17,15,21,45,39,48,41,39,22,24,20,22,37,43,33,50,43,49,18,13,27,18,12,26,42,38,19,39,35,13,48,24,46,29,20,38,42,27,28,27,46,46,27,33,24,32,30,38,31,43,47,46,24,19,14,32,17,16,35
17,45,47,34,46,36,35,13,25,40,11,10,34,47,50,41,36,37,22,35,12,14,28,17,32,47,44,30,39,39,24,44,43,37,30,19,13,25,35,19,47,22,29,18,34,13,13,45,47,30,45,27,44,40,27,25,17,19,45,40,12,49,29,11,18,50,32,41,36,29,43,22,17,47,49,46,19,40,36,23,41,14,21,43,36,33,39,30,11,33,50,45,14,21,49,44,25,50,45,21,45,35,36,19,39,25,29,44,25,42,37,35,29,26,16,12,34,22,43,43,28,24,13,48,24,45,47,33,31,13,45,47,41,16,23,14,48,31,23,39,40,30,29,35,12,25,26,27,25,20,50,22,49,44,21,16,43,29,38,14,10,48,35,35,23,21,35,22,33,30,42,16,26,16,18,41,49,47,39,42,48,34,37,48,45,32,20,27,16,14,28,30,21,32,27,47,40,13,44,29,30,47,40,44,30,14,47,24,24,13,15,17,34,25,24,36,39,29,24,40,49,34,33,35,42,38,14,14,39,27,15,34,25,49,42,41,22,24,43,44,14,17,47,33,30,46,46,27,40,24,28,37,25,14,32,17,19,29,35,32,23,17,10,16,49,15,44,29,47,18,32,28,38,35,34,12,47,44,40,47,31,40,36,49,11,30,14,13,40,42,50,42,32,30,16,36,41,14,19,33,42,16,35,41,35,20,11,13,26,15,16,27,34,12,19,34,39,20,48,31,50,34,47,16,32,19,13,23,28,40,34,18,15,37,30,44,30,32,32,30,32,16,38,13,32,24,11,42,40,21,46,43,15,39,31,38,39,35,48,32,27,22,15,36,12,37,30,23,38,49,21,44,29,21,17,30,42,36,15,27,25,39,28,18,43,45,25,33,20,24,11,47,17,11,32,49,46,17,33,13,28,43,40,21,17,43,14,24,31,34,31,25,31,24,10,39,45,17,20,39,38,46,13,29,10,48,33,33,20,49,42,37,18,11,17,46,22,23,42,11,27,36,33,26,46,15,22,47,34,41,23,28,25,12,12,41,13,11,42,44,46,12,17,26,30,38,48,24,22,21,41,15,35,29,49,47,35,46,20,24,39,35,29,20,17,28,35,32,32,33,29,35,37,36,34,20,24,12,36,26,47,44,35,17,26,43,26,48,20,21,36,14,46,26,22,40,17,13,47,43,15,26,19,40,15,23,34,22,50,20,12,28,11,19,41,12,21,43,22,23,14,28,24,37,50,14,19,23,43,22,28,36,44,16,19,16,26,29,16,35,47,20,23,26,29,40,48,17,12,27,16,46,37,40,15,11,28,37,35,46,17,16,27,46,26,38,19,49,46,22,21,48,48,24,45,41,16,44,26,20
48,38,15,19,45,14,49,32,46,20,19,50,48,36,25,41,15,21,46,19,38,43,49,27,29,26,21,35,41,32,40,24,11,37,22,43,33,26,38,39,19,27,12,17,18,44,34,28,21,29,32,50,33,28,42,41,35,30,15,49,47,47,17,21,38,14,44,24,19,28,33,36,41,31,28,16,30,18,21,26,15,32,12,27,19,32,41,14,23,33,21,24,32,13,43,17,30,23,16,40,30,11,16,49,31,45,30,48,16,31,38,21,16,39,34,16,42,38,22,18,34,17,28,38,36,11,16,50,45,50,29,13,35,43,44,47,36,15,28,31,16,15,14,33,29,30,45,28,16,27,50,12,28,42,17,46,22,32,22,11,11,17,40,29,18,26,21,35,32,15,20,31,22,39,39,27,17,27,27,43,47,22,36,30,22,48,40,35,35,33,22,39,38,28,37,50,34,49,39,27,37,48,20,43,26,13,29,33,28,37,13,44,29,38,43,45,27,46,42,22,28,29,13,48,30,35,26,29,42,12,28,32,26,21,21,47,11,23,22,38,11,18,23,26,17,27,15,13,34,23,26,21,44,33,43,40,11,28,48,24,46,45,33,13,26,16,28,22,42,45,33,45,43,15,23,14,13,12,22,47,13,40,21,26,34,39,47,13,14,31,30,30,50,50,31,38,48,24,17,40,36,15,39,36,37,26,19,22,45,34,17,38,27,48,22,11,26,41,12,29,34,32,33,41,38,42,30,33,39,11,14,32,32,36,18,45,49,42,22,21,40,19,40,10,44,48,35,35,46,28,40,14,36,28,50,27,13,38,25,29,35,24,14,49,12,29,13,19,43,21,21,12,48,24,20,15,27,31,41,41,37,26,50,16,21,36,43,37,32,45,19,35,29,21,39,50,45,32,45,39,35,30,39,23,20,25,24,38,10,30,40,26,36,45,50,28,17,32,20,49,26,11,34,42,16,12,14,19,31,37,39,11,12,17,34,17,47,38,15,30,27,19,19,14,12,35,46,26,38,25,40,38,44,32,46,18,22,43,14,14,16,16,44,34,18,29,12,23,41,27,16,39,37,47,44,35,23,29,32,46,27,45,18,14,39,47,49,13,13,14,46,11,31,17,36,37,25,26,46,37,38,24,19,47,38,46,33,23,36,40,28,12,44,21,36,23,12,14,20,11,34,13,23,13,32,16,40,12,37,16,16,15,25,35,47,42,25,33,32,24,50,24,21,50,50,33,19,18,17,16,25,11,24,47,19,46,32,41,14,11,17,25,23,44,11,17,39,28,11,44,30,40,50,26,28,16,24,49,37,22,29,46,36,43,39,36,15,23,21,13,42,20,38,40,31,38,23,24,11,11
14,33,18,13,32,45,33,49,21,28,37,41,22,15,33,14,26,20,18,21,25,24,41,30,33,14,32,28,19,12,48,27,46,12,36,20,35,14,46,18,38,29,26,22,49,18,38,35,22,44,19,39,44,45,21,36,22,14,27,11,30,13,33,44,19,12,17,21,43,13,35,45,35,19,26,21,21,39,14,14,49,33,27,31,40,28,21,12,35,41,15,22,29,42,28,28,43,15,35,16,10,28,18,43,16,31,49,14,16,11,41,11,12,24,29,13,12,30,24,32,19,19,28,48,24,41,48,11,47,25,35,21,48,41,19,43,25,11,10,21,22,29,41,43,46,11,40,17,18,21,43,32,43,44,25,32,31,38,23,31,12,43,29,27,25,38,46,24,39,34,31,34,21,11,36,46,19,17,35,28,47,32,40,26,29,30,12,22,43,42,42,33,16,16,39,41,21,30,42,36,37,21,12,14,47,29,24,23,24,40,45,47,43,23,22,36,31,19,22,13,17,13,29,29,26,40,39,12,44,18,19,24,15,12,20,36,47,17,22,32,45,39,28,39,34,33,13,11,36,13,24,37,36,46,16,27,11,31,45,23,45,40,36,38,22,35,45,42,42,15,41,26,45,38,33,29,15,17,48,33,23,30,24,26,13,36,29,27,10,15,40,23,17,46,48,32,16,18,22,33,48,26,26,24,29,11,24,14,11,25,20,48,25,22,43,34,47,10,49,34,27,26,12,38,36,36,46,28,49,28,44,32,20,34,21,35,31,42,37,39,31,40,44,11,21,23,31,35,17,28,25,17,27,25,38,31,25,47,36,14,43,35,39,20,48,45,49,32,18,33,46,30,20,37,36,48,31,30,14,10,26,18,26,46,20,45,24,24,31,21,39,13,29,18,33,42,25,25,11,39,18,28,12,23,47,42,21,20,22,35,19,42,30,34,26,48,40,46,40,40,17,43,32,28,28,36,40,35,23,41,32,20,34,34,18,37,13,19,11,27,24,42,14,35,18,41,43,26,29,18,27,31,36,31,43,37,36,32,24,44,24,28,22,41,40,49,24,41,45,17,45,36,43,45,13,40,34,35,21,11,45,22,39,15,18,37,16,46,23,37,26,48,25,21,44,21,11,49,47,14,28,45,25,45,34,27,18,49,35,39,46,28,41,35,38,11,11,41,40,10,20,36,32,48,46,43,44,27,30,15,44,27,37,20,48,16,31,29,44,42,15,37,21,38,45,46,13,47,31,19,37,41,39,40,12,24,42,25,46,47,48,25,23,35,19,20,18,49,38,17,21,14,28,31,18,34,25,37,12,31,34,43,12,35,29,28,38,19,20,48,41,21,19,46,26,37,44,46,22,15
14,42,20,10,28,16,39,42,33,45,35,32,13,48,18,16,13,19,40,41,27,17,17,23,42,28,27,45,14,22,40,48,34,34,35,45,34,46,13,10,32,34,30,28,30,26,48,17,30,44,26,13,25,30,38,40,21,13,19,34,31,36,18,40,33,41,31,35,18,17,14,31,14,30,43,46,26,25,16,47,22,18,24,18,42,10,33,10,17,22,49,25,32,38,36,40,34,24,39,32,33,11,33,22,31,37,17,16,25,17,29,24,12,40,20,19,23,38,29,38,20,24,15,40,39,33,31,43,49,36,26,24,11,39,27,41,36,45,23,43,33,31,27,48,34,18,49,37,16,32,28,31,40,25,16,47,43,44,29,10,27,33,25,25,22,13,24,23,45,36,28,36,43,17,20,22,43,34,23,23,23,27,39,19,41,50,14,40,48,34,41,39,24,44,49,35,48,32,17,11,49,43,27,24,31,36,16,25,23,14,13,18,43,39,44,22,17,22,13,15,24,30,33,20,12,24,39,30,39,45,50,44,42,36,31,39,21,25,11,26,36,24,26,41,23,26,15,20,34,27,42,13,27,24,19,38,34,17,12,50,42,16,28,35,49,48,26,33,25,33,43,39,15,12,23,46,24,17,16,48,41,17,43,19,24,33,37,47,45,27,32,23,30,24,15,12,20,12,21,44,20,36,41,28,18,46,30,41,33,26,38,48,48,38,10,13,19,37,19,32,12,24,28,17,30,17,10,10,35,32,33,23,36,17,13,18,18,13,40,42,10,47,38,22,35,31,23,13,36,38,26,45,12,38,14,45,11,30,13,30,26,26,31,27,21,15,41,40,41,35,18,44,19,36,30,35,41,18,17,27,18,23,18,35,34,38,42,49,35,29,11,25,25,11,45,13,26,48,31,43,33,49,26,11,39,43,14,45,39,11,30,17,29,44,30,37,33,46,23,26,13,49,17,11,38,38,38,42,27,44,22,27,33,36,17,42,15,15,38,37,28,14,29,26,14,39,34,30,21,26,14,47,39,49,35,41,50,31,47,11,21,24,16,19,23,41,35,34,36,37,49,19,34,44,25,29,11,23,43,23,30,20,29,42,48,34,37,26,38,31,29,12,25,29,12,40,11,35,40,44,36,37,28,18,33,44,33,42,22,37,48,37,44,31,21,41,48,16,16,24,31,20,19,30,19,21,20,45,31,26,25,46,39,48,32,49,48,10,33,29,27,41,37,25,42,48,48,38,36,16,15,24,48,33,25,13,33,21,31,16,39,44,45,38,40,35,34,26,39,22,30,13,22,29,47,23,30,47,37,47,36,29,28,38,14,12,37,49,31,40,35,38,34,23,43,22,28,40,27,39
23,21,15,28,23,20,26,49,41,23,48,24,49,27,23,47,48,43,24,18,10,22,46,15,29,16,19,49,20,41,36,41,42,32,23,26,44,16,14,29,31,29,38,20,45,45,32,13,41,49,27,42,12,24,21,23,43,45,40,11,13,44,44,16,18,42,14,36,19,44,17,41,33,44,20,12,32,34,27,21,28,33,14,24,14,37,23,42,17,38,35,18,16,12,41,46,36,45,27,16,44,16,44,13,12,24,26,28,21,11,17,17,36,13,49,46,19,47,26,46,14,48,34,30,23,15,21,17,47,24,34,42,46,19,35,37,27,49,45,20,32,49,20,11,14,23,38,20,50,26,32,18,32,45,32,25,14,47,37,24,19,13,25,26,49,16,40,46,25,18,30,15,12,45,46,48,10,44,33,33,42,47,32,10,10,13,15,13,37,33,45,45,33,38,33,49,35,12,48,32,21,40,19,28,42,29,45,16,25,36,40,37,31,16,16,47,27,44,44,20,25,41,46,49,31,12,47,44,29,13,32,38,34,11,43,26,25,20,33,22,47,48,22,35,47,14,28,21,30,10,37,29,43,47,49,10,49,43,19,18,21,27,41,41,30,13,42,48,45,20,31,23,45,12,43,48,20,24,26,49,24,19,42,45,39,42,33,38,17,27,42,31,37,47,18,42,20,48,19,25,47,48,21,21,32,27,31,46,47,40,40,29,38,37,41,29,39,16,11,45,43,42,28,50,42,31,42,35,31,47,48,46,23,21,40,18,33,20,19,31,10,22,28,46,16,33,34,21,36,32,50,49,26,29,46,41,18,27,40,36,15,40,26,14,48,15,32,28,17,37,40,35,29,22,41,49,49,21,23,47,35,12,44,30,27,11,18,42,38,37,48,43,37,20,20,42,23,45,15,46,10,13,20,39,42,12,49,44,47,47,14,39,45,21,12,48,34,19,37,48,10,24,48,38,26,31,31,43,37,24,45,24,14,28,13,20,48,22,34,34,26,27,19,14,27,22,41,48,30,31,12,26,19,32,35,37,24,22,38,28,43,21,40,22,44,12,25,11,10,34,16,41,41,35,16,26,44,23,40,35,44,27,17,30,13,42,22,39,16,18,29,43,46,41,29,28,29,47,39,20,30,27,47,48,19,21,19,19,46,46,45,15,24,24,12,19,13,49,21,21,24,48,26,21,26,47,11,19,36,15,19,22,38,14,41,16,28,38,30,36,28,13,22,11,21,17,37,46,26,48,39,27,23,47,39,48,49,39,28,22,43,46,18,19,39,49,22,26,47,19,45,29,18,44,40,50,16,25,31,48,24,38,30,43,19,48,11,28,41,23,24,43,37,12,46,22,31,35,33,10
35,50,35,14,12,43,21,48,11,35,14,29,18,24,36,41,28,43,24,31,36,18,39,48,28,14,14,36,39,47,42,35,29,24,28,16,32,24,42,11,13,41,22,12,11,26,39,40,36,22,18,33,19,43,24,17,37,25,41,45,17,19,20,15,25,25,39,48,39,47,13,37,32,31,49,18,41,11,24,39,13,40,47,12,23,35,35,39,25,26,33,27,40,23,19,26,43,48,45,31,26,28,25,20,14,42,39,43,33,25,42,23,22,30,44,12,20,43,13,21,24,36,34,29,27,12,13,45,38,15,37,19,13,34,31,39,15,49,46,37,38,13,35,23,44,36,16,44,25,23,36,40,14,43,23,14,23,17,26,29,22,22,27,30,35,21,39,27,48,20,39,24,44,16,40,37,38,24,39,38,16,50,35,12,28,39,15,33,13,30,30,46,30,50,26,45,34,17,38,12,12,43,11,44,17,17,19,27,32,28,37,47,24,37,41,46,20,23,46,30,49,16,36,40,25,28,15,14,41,33,13,36,32,18,12,50,40,11,33,36,49,39,17,19,36,47,34,21,23,21,25,22,10,35,13,38,32,44,44,33,44,30,29,39,28,40,21,35,13,47,10,25,32,22,12,43,43,30,20,49,40,39,25,45,43,18,23,36,14,28,18,10,13,14,28,46,18,45,20,24,27,20,10,13,19,31,39,49,43,49,45,45,11,10,13,23,16,37,32,21,26,34,39,29,20,27,36,36,39,50,46,16,25,12,35,23,20,18,12,18,39,29,20,16,39,49,46,38,11,18,34,45,37,37,24,27,30,30,41,27,27,20,21,14,21,42,18,29,24,41,37,35,40,25,13,17,41,16,19,50,44,40,49,43,42,47,46,31,24,39,23,26,37,20,19,47,13,11,25,24,38,24,18,17,11,34,21,25,47,10,47,21,18,12,23,17,26,36,17,47,22,33,35,33,24,21,37,27,47,31,20,16,34,47,36,41,47,45,23,34,48,45,19,34,23,17,33,47,21,32,30,40,14,26,46,22,18,43,13,45,37,50,24,36,37,29,22,17,43,29,43,41,18,36,20,21,18,27,16,25,37,35,47,10,48,26,10,23,27,32,31,22,44,10,19,16,13,47,31,12,11,40,17,35,39,38,12,49,21,30,50,48,24,13,24,14,11,47,48,22,12,38,23,20,10,10,37,11,46,41,22,33,35,28,29,17,31,48,30,47,41,26,35,46,32,15,46,21,28,47,34,46,32,17,46,13,49,35,25,18,14,15,47,36,49,42,37,11,36,38,39,29,19,50,20,21,20,29,28,16,12,41,13,32,21,35,38,48,27,47,30,50,30,31,13,17,24,21,28,37
50,37,27,32,47,50,27,30,43,19,32,29,29,12,12,19,18,22,14,17,11,44,32,32,12,49,31,11,35,43,25,15,19,42,35,22,33,36,38,38,24,47,47,25,29,42,21,11,16,27,43,13,11,40,32,29,28,21,28,40,15,44,48,48,10,21,33,48,17,31,46,49,19,30,15,40,42,44,21,20,30,46,19,15,16,43,34,23,33,22,29,48,24,32,50,39,11,13,19,36,16,13,15,14,26,37,47,34,19,34,37,34,43,27,44,15,12,22,34,10,49,45,41,17,24,25,34,24,20,27,42,45,49,14,49,26,27,42,46,18,39,36,29,33,45,22,38,42,36,49,23,50,47,32,25,17,12,17,46,27,18,24,14,43,31,18,48,28,17,16,22,27,28,30,35,49,17,38,38,32,29,49,16,23,49,37,30,22,27,32,49,47,22,23,47,29,47,32,33,20,38,26,39,24,29,22,30,26,39,40,45,44,33,33,10,44,37,27,14,28,32,32,37,25,22,30,32,16,28,22,37,42,24,22,24,45,48,28,43,50,22,41,11,22,26,39,49,17,26,35,36,34,23,21,31,42,38,29,31,37,31,15,22,14,20,29,25,20,36,44,22,10,19,38,12,49,13,42,45,25,17,18,39,34,26,24,48,15,10,41,12,14,22,21,15,50,32,39,36,31,39,17,48,17,20,40,43,17,47,19,38,46,26,45,43,40,32,34,30,17,23,16,50,27,10,40,29,11,43,36,23,41,40,12,13,41,26,44,19,20,11,32,27,39,21,39,24,15,43,49,32,47,23,35,38,40,38,40,30,46,49,28,19,38,46,36,50,41,17,16,31,15,43,34,20,37,47,44,27,35,31,38,43,16,44,35,26,38,50,37,12,18,41,33,42,30,19,41,20,36,33,11,20,34,28,11,48,13,27,48,14,22,40,36,14,32,24,28,33,32,50,30,11,19,38,10,50,21,40,30,17,50,32,43,42,39,20,42,33,10,18,35,50,49,49,46,45,12,40,11,33,14,20,39,17,21,25,35,13,41,33,46,26,33,29,47,38,22,39,47,41,37,39,39,14,22,17,43,11,11,14,15,40,24,13,12,39,17,23,12,33,16,49,22,20,21,34,47,47,32,17,15,15,34,22,19,23,35,28,20,11,38,23,29,29,27,46,45,47,27,20,23,37,24,47,42,30,28,46,19,11,50,29,14,39,49,21,28,28,21,11,19,30,23,25,21,30,13,17,36,26,23,10,34,46,29,41,43,21,38,26,48,24,43,28,41,24,46,21,27,21,18,15,33,15,23,26,31,13,20,23,12,14,28,23,30,42,13,13,11,37,12,30,40,19,32,38,43,23,49
20,33,15,38,16,32,22,35,29,30,36,40,44,18,47,38,28,21,29,12,44,41,32,31,27,11,15,27,49,38,25,47,31,13,29,18,34,39,31,25,34,34,18,29,46,42,24,20,48,45,30,16,47,16,12,18,39,20,45,29,13,30,29,14,23,22,43,39,45,14,34,30,19,27,16,35,32,30,23,16,34,29,10,42,12,40,27,37,47,21,23,18,38,13,26,14,31,15,29,42,42,42,16,43,33,38,39,35,36,38,35,48,23,18,32,14,27,23,40,20,19,14,13,33,32,32,33,14,28,11,50,28,35,12,37,36,19,22,32,24,46,14,33,32,18,21,40,32,25,11,43,23,22,34,18,49,48,17,42,42,14,19,22,37,23,39,32,20,39,13,36,33,33,25,21,19,15,47,28,13,41,50,21,39,43,41,28,44,26,49,20,25,23,37,27,27,32,25,35,11,21,43,39,37,31,26,33,34,43,25,28,41,30,14,11,49,17,28,40,14,20,42,13,23,47,22,33,31,13,30,27,35,30,10,30,10,22,49,37,49,32,23,30,22,46,23,39,16,24,18,32,25,14,14,14,15,17,44,13,29,18,31,23,14,42,16,24,24,43,46,38,25,13,21,39,38,34,38,47,23,18,12,19,16,23,49,16,30,13,13,24,24,46,44,28,40,39,22,11,11,27,11,40,16,24,24,23,18,37,49,36,15,13,19,46,49,33,17,33,18,22,30,12,37,30,21,15,30,40,50,46,12,48,17,42,32,23,43,44,35,27,31,27,41,12,23,50,18,36,31,25,11,46,15,45,41,25,38,11,41,39,35,44,17,40,32,16,24,33,19,29,19,48,22,43,30,14,31,34,17,29,35,46,25,21,19,29,34,32,19,42,39,32,21,40,19,50,24,27,23,13,38,20,40,24,26,13,31,32,35,17,31,33,19,25,16,40,22,36,39,22,41,28,28,24,20,42,26,15,18,14,49,47,18,31,49,21,49,10,33,47,11,18,42,22,12,16,46,35,43,18,27,34,17,49,12,21,34,11,25,40,29,37,47,47,50,21,29,42,19,27,34,25,44,16,44,49,30,16,49,20,37,27,44,10,13,47,14,11,34,26,50,29,44,39,25,23,17,34,45,26,32,19,22,30,14,11,34,10,25,23,12,43,19,17,41,13,24,37,48,14,30,38,20,47,46,36,27,29,40,38,34,29,32,31,49,17,35,43,46,10,13,33,24,35,43,24,47,11,37,44,49,48,45,47,24,44,11,38,19,18,32,32,29,39,25,47,14,25,21,44,44,36,40,24,36,35,40,41,33,44,14,38,46,15,18,22,42,46,30,34,11,47,20,13,16,23,42,29,47
35,24,50,39,11,31,25,29,46,39,43,25,18,50,48,31,20,29,25,11,43,16,20,46,26,29,11,16,36,25,21,23,19,33,48,16,31,50,27,18,38,13,43,46,17,11,18,42,41,11,25,31,21,48,10,25,30,35,18,44,11,42,45,32,28,47,31,35,28,29,34,44,15,46,33,13,44,48,47,24,11,47,46,34,44,38,16,36,24,44,22,21,10,24,19,20,14,34,12,11,28,20,49,40,39,29,27,25,12,45,48,33,30,24,11,22,41,43,33,25,40,42,39,16,12,43,26,11,31,15,17,46,13,36,45,30,29,45,22,17,23,33,41,46,39,36,14,37,41,10,10,12,48,13,18,49,13,17,28,29,30,30,27,45,33,12,41,48,33,22,42,30,47,13,11,39,42,41,14,16,46,17,28,37,39,14,37,19,26,34,17,22,19,50,38,12,45,22,16,42,23,15,38,46,21,16,38,36,49,46,20,28,47,11,39,42,13,16,36,17,28,25,16,39,35,26,11,23,34,29,25,44,44,19,15,16,10,26,15,14,19,42,28,26,27,36,14,18,30,11,28,19,38,13,35,44,26,42,48,26,35,32,42,22,23,46,24,41,22,26,44,24,35,22,48,15,41,19,12,46,25,30,22,28,33,17,39,31,30,42,27,15,49,31,11,16,33,20,15,45,17,24,44,26,40,44,17,34,38,30,48,48,28,17,36,28,49,35,42,39,31,19,16,20,12,49,45,32,39,11,50,32,40,43,22,18,13,49,39,22,44,28,13,26,42,26,22,25,31,24,46,40,35,13,13,12,46,46,12,39,24,34,49,34,39,24,14,22,48,11,31,41,16,40,46,20,16,11,48,43,15,40,16,32,44,41,11,21,15,35,46,35,15,43,49,15,29,34,17,26,22,29,44,17,44,21,26,48,38,29,11,21,42,17,47,48,42,22,17,37,34,17,18,36,42,37,22,21,16,17,23,27,20,15,17,36,23,37,38,41,45,31,34,49,40,45,34,18,43,25,46,17,11,28,45,37,22,45,10,48,26,22,40,23,30,37,17,17,21,23,26,25,41,38,26,43,48,36,39,45,21,25,35,18,36,45,36,37,29,28,47,38,36,17,30,44,20,24,27,14,47,35,36,33,20,38,12,41,25,13,47,16,13,16,26,35,44,32,40,11,45,16,48,49,29,15,43,20,39,19,28,23,38,41,18,38,35,38,50,10,35,46,43,28,44,39,36,34,50,27,44,35,14,25,46,13,36,38,47,47,43,31,46,24,17,14,15,19,15,26,43,34,21,16,33,31,28,47,49,35,14,17,20,15,14,21,45,33,30,35,16,12,36,41,20,44,23,43,19,49
28,16,21,45,31,13,49,39,31,47,18,49,44,47,12,21,35,29,44,30,34,34,16,48,37,44,44,19,44,49,42,19,11,26,33,19,31,28,36,36,21,17,36,19,42,27,27,24,14,23,46,44,25,18,43,34,20,19,33,36,39,39,27,14,41,35,31,10,40,32,36,15,37,34,26,15,45,50,38,39,11,43,37,37,32,30,41,16,15,14,16,22,25,49,42,30,22,42,36,41,16,21,18,26,48,31,48,43,44,50,13,46,25,36,39,16,43,38,16,13,19,36,12,22,46,20,45,26,16,37,49,11,39,43,18,23,37,12,13,18,28,48,19,43,34,11,42,37,26,25,42,28,17,47,41,25,46,49,33,40,32,12,12,29,13,43,27,49,36,16,43,18,45,16,31,36,34,18,13,43,22,47,44,33,32,35,28,21,29,27,44,41,19,12,39,26,26,49,21,13,36,45,11,14,20,30,43,46,26,20,33,30,48,42,14,45,26,29,30,12,49,11,31,26,26,19,20,38,21,34,43,45,18,41,30,16,48,47,36,17,13,23,41,43,36,25,47,23,11,28,29,19,46,48,45,48,41,32,49,10,15,16,47,47,40,19,19,38,45,24,40,43,16,17,18,47,44,47,50,43,17,33,11,13,27,20,18,14,13,22,19,36,42,42,22,12,12,36,15,40,29,26,35,26,13,33,28,33,34,13,47,17,16,25,41,44,24,24,17,16,33,24,37,17,23,16,44,32,22,38,48,46,47,46,11,31,37,36,24,11,43,15,36,37,44,25,47,40,10,41,26,38,16,31,26,30,41,20,31,25,37,48,47,14,42,21,17,30,30,48,33,45,19,47,37,38,49,20,48,17,35,48,22,48,35,20,26,13,30,48,47,36,23,15,44,15,28,15,26,37,11,20,39,23,33,46,19,37,12,18,28,37,47,27,12,42,39,28,35,30,47,40,26,39,33,46,32,33,38,49,48,30,29,36,12,29,37,34,46,27,35,17,43,37,30,40,49,45,23,24,36,35,39,41,37,17,48,25,32,22,29,13,10,27,49,15,42,11,37,12,36,46,43,19,29,46,46,48,14,46,26,31,33,46,38,42,50,45,43,50,35,39,24,37,36,44,14,28,34,43,35,29,45,26,30,35,29,28,40,40,12,13,16,44,39,43,25,14,40,48,10,38,38,34,46,27,45,20,21,11,49,40,49,11,16,30,41,11,23,14,35,25,47,10,41,21,49,50,19,40,33,13,12,46,40,44,21,30,27,43,13,33,43,36,49,39,19,19,48,12,15,13,41,44,47,45,14,24,17,23,32,21,14,35,25,21,30,37,37,25,24,13,43,35,31,34,22,45,21,22
31,46,35,38,18,33,18,26,27,35,26,30,34,30,27,15,32,23,45,28,36,43,27,15,41,38,17,39,17,39,37,25,38,41,33,47,22,39,31,48,47,13,29,26,12,26,26,19,23,39,40,13,49,39,13,43,34,20,39,14,38,12,31,15,23,22,22,24,34,21,28,44,33,15,48,39,43,41,31,31,17,24,30,28,13,25,32,37,23,42,15,19,42,43,15,12,35,36,12,18,49,26,17,33,18,13,24,37,43,16,12,47,44,21,29,13,50,15,50,47,34,45,45,16,33,15,36,35,45,49,35,39,47,39,23,34,41,32,10,32,34,12,17,17,18,42,48,14,23,19,32,27,38,34,11,43,45,38,28,33,37,19,23,20,50,49,13,43,39,41,17,49,48,46,27,40,39,24,28,30,11,21,22,27,48,33,33,38,33,45,22,21,23,28,49,46,30,39,15,14,37,24,25,29,18,48,24,38,35,24,34,19,50,25,35,24,14,24,15,28,11,33,49,40,25,29,36,17,46,18,14,41,20,13,14,46,13,37,11,42,30,47,42,28,17,39,41,27,23,36,46,33,18,25,15,23,16,39,30,17,20,40,29,18,40,39,30,32,37,14,18,47,47,49,32,45,28,32,49,45,15,11,49,21,18,17,18,18,23,19,43,38,11,15,41,44,21,30,16,43,16,27,14,50,41,37,31,32,35,42,43,23,29,39,47,45,18,34,25,34,42,36,21,15,30,47,31,26,47,28,42,33,48,13,33,27,26,29,18,22,41,17,14,13,26,19,32,17,20,25,48,48,19,35,24,12,21,29,27,26,41,11,16,44,41,17,13,11,43,46,23,30,23,32,43,39,40,31,34,42,49,33,39,33,49,22,25,29,44,32,13,37,36,25,15,22,29,49,45,37,30,40,24,33,35,17,11,21,28,26,36,23,37,15,18,13,18,21,24,19,39,50,46,23,32,22,18,37,49,37,21,35,39,19,41,20,25,15,32,27,40,33,15,35,46,14,38,18,16,18,48,11,21,35,28,49,45,27,24,15,27,24,32,42,26,37,18,16,25,16,30,27,25,19,21,12,38,27,28,42,48,28,10,44,26,17,25,19,34,19,39,22,14,23,18,20,22,41,19,39,22,13,36,47,26,16,47,27,14,23,49,23,33,47,49,25,46,15,11,27,39,28,44,39,11,18,44,32,31,49,20,22,50,37,40,40,42,36,24,44,13,26,13,47,18,31,13,41,19,34,50,47,34,40,40,46,29,38,16,16,40,25,29,44,10,41,41,44,29,17,31,20,25,45,33,29,45,37,18,43,20,25,45,46,22,16,26,44,24,44,49,22,14,22,38,43,19,42,46,48
41,47,20,19,35,25,15,50,17,23,24,47,29,26,21,44,41,42,37,35,45,16,38,43,11,38,39,45,47,50,40,43,13,16,23,19,11,37,27,22,49,21,16,13,22,47,34,11,11,26,48,14,14,17,40,30,39,40,37,30,22,31,40,30,13,38,42,38,40,26,20,37,22,20,45,44,24,36,16,21,37,11,35,14,46,31,23,45,17,31,21,11,36,19,14,22,41,42,17,15,17,37,41,34,45,44,48,41,20,47,45,17,45,34,14,16,46,26,45,43,24,47,38,40,35,21,18,31,38,13,10,11,46,30,43,32,34,34,50,33,10,29,30,13,20,31,27,43,33,26,48,14,13,24,42,24,28,28,33,30,21,46,42,23,20,47,30,41,21,24,11,33,30,33,28,25,46,36,20,43,31,44,22,34,50,30,41,32,10,43,50,31,21,29,20,26,17,22,36,43,15,49,32,36,11,26,42,28,45,21,19,34,37,35,37,11,25,17,39,12,40,34,46,30,33,50,17,30,38,15,46,33,33,38,45,28,42,39,12,23,33,49,32,32,11,15,15,36,33,27,23,30,30,27,20,32,35,12,21,43,27,25,41,36,30,48,46,15,15,40,14,26,11,11,32,32,48,24,15,31,37,29,17,23,21,46,16,49,16,28,41,36,25,20,50,20,27,29,29,23,17,24,21,45,22,42,32,49,38,23,20,43,27,16,33,34,45,50,38,49,27,35,19,49,49,29,44,18,22,49,19,19,10,22,26,32,41,23,39,35,26,26,44,17,35,40,18,46,17,16,50,30,24,29,30,10,19,30,17,12,47,11,36,42,22,27,44,23,33,23,48,41,44,35,26,19,46,46,23,34,35,26,19,23,15,22,37,27,45,36,28,41,37,11,13,10,46,37,22,46,11,17,48,27,24,36,24,39,45,20,20,40,12,34,13,40,38,27,33,36,25,34,14,37,20,44,42,18,23,38,23,27,29,25,33,45,48,29,22,26,18,28,23,37,12,19,12,25,18,19,49,48,24,17,49,37,26,37,27,16,16,18,19,33,12,42,49,20,39,26,33,50,50,23,34,45,33,26,32,38,43,14,49,12,31,17,19,39,24,47,22,22,42,49,35,14,17,11,19,14,49,34,42,39,22,16,32,18,41,21,40,11,31,48,38,46,41,27,12,26,46,25,27,48,30,47,20,39,16,29,29,36,40,32,16,41,34,18,12,11,29,39,48,15,11,44,11,13,43,13,35,10,27,27,26,37,13,23,48,11,43,36,39,16,19,30,16,20,21,42,34,17,40,27,25,18,40,45,11,34,33,35,34,46,41,37,26,21,45,49,46,48,48,20,42,29,16,18,31,17
40,22,36,25,37,11,15,46,17,42,28,39,34,17,20,26,31,29,16,34,47,13,33,25,29,46,27,24,24,21,28,40,38,40,17,12,41,37,21,21,25,31,31,28,14,40,42,38,28,13,22,16,21,33,39,38,48,37,33,20,14,15,28,20,26,10,20,41,42,16,24,41,40,48,49,46,39,28,21,15,18,50,12,40,19,11,28,34,19,23,48,44,49,37,19,30,48,33,27,47,20,19,38,37,48,34,39,26,47,44,37,16,39,15,49,48,11,35,20,19,39,16,49,20,32,18,25,32,33,15,17,50,45,43,36,30,29,34,12,50,27,36,18,25,22,42,47,28,19,13,47,34,43,34,16,22,39,30,14,29,27,42,47,17,44,31,40,20,33,36,36,10,27,18,46,31,29,31,13,38,39,17,35,14,18,49,14,38,28,20,32,41,19,44,25,37,16,44,25,39,15,41,18,23,13,50,21,11,29,12,18,16,15,28,39,41,17,43,20,28,14,29,46,25,46,42,46,14,19,47,44,39,14,26,28,40,19,14,13,44,41,24,26,17,22,37,14,39,21,27,15,41,36,15,47,27,35,12,50,30,16,29,17,40,35,26,13,32,42,39,19,37,48,24,23,11,19,47,49,29,25,45,44,47,43,48,43,37,35,37,23,11,37,25,33,47,30,27,36,16,19,24,35,45,32,40,23,28,19,15,35,20,16,37,42,38,45,31,29,11,50,43,31,33,23,44,15,44,41,38,12,48,13,27,20,31,25,37,28,20,10,22,24,30,22,37,40,27,25,11,27,34,18,18,46,29,14,21,43,39,48,32,41,18,19,38,10,42,18,46,35,18,37,29,22,17,31,21,26,45,26,44,31,46,28,19,47,14,20,19,29,39,15,10,46,48,36,15,50,22,47,48,47,43,48,34,45,25,42,19,22,29,22,42,39,34,48,32,28,13,15,17,47,44,42,19,23,13,14,41,21,50,13,36,24,20,45,21,12,13,31,37,14,25,46,29,47,12,18,49,32,29,12,36,22,41,35,40,49,43,50,24,34,29,20,37,26,20,47,27,14,45,34,41,34,26,23,38,45,24,15,32,47,41,43,38,48,12,36,31,12,45,20,26,49,29,24,32,35,17,12,41,17,46,23,34,38,13,47,16,21,35,21,13,36,49,24,27,34,36,45,25,41,38,29,21,32,16,26,20,19,26,35,17,49,43,17,41,22,34,27,30,13,48,30,39,16,37,36,37,19,29,39,44,19,12,27,35,28,11,19,19,21,23,44,22,16,38,23,15,23,45,32,36,39,24,42,39,19,34,13,19,31,15,12,15,33,38,26,37,50,43,39,35,13,25,47,37,43,30
39,45,29,50,25,15,32,11,11,43,49,16,49,41,33,26,39,22,24,49,29,27,17,29,20,29,49,44,37,41,13,33,31,23,21,31,38,49,37,49,39,33,24,32,28,22,11,24,29,47,48,31,38,47,43,14,46,15,13,33,26,18,49,25,29,19,15,49,40,29,26,19,20,50,29,23,46,42,38,11,39,49,14,25,29,38,13,24,37,48,36,21,25,12,25,43,48,19,40,29,14,34,41,10,22,36,21,46,28,34,47,46,31,13,33,21,48,10,36,11,40,47,24,26,10,36,44,14,29,34,31,22,50,37,30,34,26,36,21,20,10,44,32,28,11,29,38,48,11,36,34,29,46,49,17,24,10,31,14,23,24,18,34,46,49,27,25,47,42,39,32,28,43,11,25,16,49,45,35,24,48,39,39,16,25,40,49,41,18,33,40,15,28,17,23,47,16,19,43,49,22,17,41,13,24,22,21,15,28,44,29,11,36,45,45,43,21,21,10,35,44,17,23,28,23,30,23,18,28,40,33,19,31,18,27,30,42,34,49,11,21,43,16,42,42,43,48,22,29,36,30,28,24,13,43,12,24,48,37,49,37,29,13,32,23,18,27,37,28,32,12,39,38,28,25,17,32,39,36,45,28,49,43,31,47,46,36,44,47,15,37,21,42,21,38,13,47,46,49,22,24,18,39,42,40,21,48,48,19,50,30,24,37,15,48,40,25,45,18,33,47,26,40,31,46,47,16,24,11,43,12,13,27,22,26,32,34,44,30,34,40,50,32,25,15,32,13,41,37,18,47,31,17,38,22,31,41,29,17,37,43,43,30,28,32,11,50,29,38,29,37,43,49,28,22,36,24,40,45,15,15,46,36,39,45,21,40,16,49,16,44,23,21,14,26,21,12,11,13,20,15,29,15,38,47,49,45,46,26,37,30,38,37,28,35,23,34,28,44,22,11,25,46,25,38,27,40,49,15,40,42,25,19,18,24,36,28,42,41,25,44,35,21,22,39,29,32,22,18,46,19,44,45,49,43,42,13,44,28,41,49,20,46,17,37,20,21,29,50,32,41,31,35,34,30,17,15,36,34,12,28,29,36,16,35,34,49,29,34,44,17,38,21,48,31,48,32,34,27,47,13,46,33,43,23,32,26,42,18,26,47,34,24,46,17,39,11,11,23,24,41,28,31,15,25,47,40,16,43,19,46,34,45,11,38,12,35,44,42,41,37,48,50,22,49,46,16,34,25,18,34,32,24,24,49,16,19,14,24,17,15,21,14,25,39,40,27,49,11,17,24,31,42,37,44,26,36,36,15,28,32,30,45,35,47,27,48,10,16,46,11,13,49,13,41,47,11,33,31,40
29,24,29,29,43,49,21,25,50,17,30,19,34,34,20,46,31,39,21,23,25,46,21,34,42,16,31,27,14,11,26,18,47,11,36,48,26,11,43,29,38,26,46,36,46,14,43,14,41,44,37,17,23,25,13,35,38,12,31,39,43,38,29,24,29,22,20,36,18,37,48,34,29,35,37,22,21,40,40,26,27,42,49,31,36,37,40,36,44,47,12,34,14,40,37,25,30,44,25,46,16,34,19,37,26,44,48,32,39,21,14,18,44,13,10,47,37,38,30,44,19,13,19,10,10,40,24,10,48,13,34,22,16,30,49,13,29,45,10,29,32,13,39,33,34,25,48,36,35,33,22,31,24,20,21,20,31,37,49,11,27,14,45,28,35,20,17,24,50,43,35,13,39,25,14,35,21,43,12,36,22,32,21,46,40,33,14,26,24,27,26,12,35,37,42,18,18,38,40,50,42,19,30,18,31,33,12,13,39,13,14,49,16,22,47,44,25,30,47,47,41,13,25,27,17,20,45,20,37,17,14,44,36,15,24,43,43,23,22,33,42,21,36,11,37,15,23,22,38,36,40,21,39,14,10,26,33,15,47,37,49,36,33,25,20,29,28,45,20,46,45,48,41,13,16,23,39,23,38,22,10,36,22,35,29,14,35,13,26,15,23,34,25,46,41,13,30,30,42,18,24,42,43,45,32,19,20,47,38,44,11,18,49,38,43,16,15,23,49,21,24,31,11,21,21,36,16,28,31,43,34,22,34,19,38,30,26,42,40,38,12,47,33,12,16,21,12,46,40,22,46,44,13,17,19,42,37,48,27,33,26,46,11,46,30,14,45,19,49,40,37,31,29,47,41,15,18,31,31,30,46,36,49,44,42,22,49,14,49,45,44,33,45,42,47,27,24,26,45,27,20,22,33,31,21,27,31,32,34,28,15,34,14,47,24,14,40,35,22,33,43,44,37,15,31,26,42,41,10,26,23,29,45,23,11,44,15,29,44,25,27,32,45,47,47,43,19,27,43,25,13,35,32,20,21,39,29,40,18,19,18,30,35,42,35,43,44,49,33,44,11,34,16,24,28,12,21,38,45,19,27,15,12,18,24,12,49,25,35,26,42,50,31,22,35,16,42,13,23,22,44,11,18,13,23,46,16,33,10,42,34,45,32,17,25,33,32,15,24,29,44,43,31,29,24,25,46,30,23,17,24,50,15,40,39,23,47,14,10,40,31,45,16,32,30,13,30,39,10,37,36,26,20,22,44,30,43,33,45,42,16,26,41,11,36,35,36,31,21,12,24,25,20,10,24,33,29,18,43,29,18,27,48,50,42,32,25,38,30,32,19,15,23,49,47,46,19,33,46,42
25,19,36,30,44,25,35,10,50,22,23,40,23,11,38,39,38,25,14,10,48,14,46,31,30,42,40,42,28,16,21,36,16,37,21,24,28,48,20,39,20,36,26,19,27,45,42,23,32,47,12,11,31,26,34,43,49,21,21,11,36,26,20,24,17,38,15,22,44,25,25,25,11,14,23,16,43,17,38,37,43,18,32,23,26,45,42,44,31,25,36,29,19,21,42,35,24,29,47,34,45,43,20,47,20,17,24,15,29,17,30,45,24,15,46,19,31,31,30,44,48,48,45,11,46,36,27,23,39,11,34,48,38,38,25,31,11,24,42,12,37,25,31,12,14,20,48,28,12,33,17,39,32,38,12,13,47,31,22,26,19,31,16,22,40,36,48,17,21,48,35,44,13,29,14,16,46,39,39,21,18,20,13,37,35,34,28,20,11,20,18,37,35,10,34,11,37,40,22,46,16,17,35,19,24,34,14,40,46,46,34,15,39,37,49,15,50,30,40,47,50,15,14,18,36,18,49,49,39,22,43,22,29,46,38,32,43,12,30,16,43,18,24,13,22,12,10,12,28,30,27,16,36,38,24,42,23,42,21,31,41,21,35,36,26,42,39,21,23,47,24,20,11,14,45,22,15,43,44,24,48,18,16,35,22,13,37,49,49,18,39,17,37,44,15,47,15,27,42,19,14,15,15,29,34,22,50,14,34,27,11,48,45,44,45,13,33,35,29,21,42,45,42,47,37,24,38,47,24,32,18,12,45,30,46,30,40,46,42,15,24,46,48,47,29,15,34,31,41,30,43,45,14,30,40,43,24,47,14,50,15,35,48,31,45,22,33,46,36,28,47,41,22,24,48,18,16,27,11,49,11,24,16,44,20,24,43,18,22,27,11,31,27,32,42,48,29,29,43,38,28,29,48,23,14,19,12,19,21,17,21,32,45,25,37,17,40,35,21,45,19,17,23,27,18,35,26,42,46,10,25,19,32,30,34,48,28,12,17,41,23,36,48,14,37,38,45,30,30,17,47,11,19,42,46,16,10,48,31,27,29,14,45,35,25,46,43,17,49,40,22,15,14,17,10,42,47,44,22,22,38,19,18,43,11,24,42,26,42,47,17,46,26,22,48,36,31,46,26,16,13,38,15,43,21,30,38,16,11,17,28,15,38,18,32,26,39,47,29,19,43,25,40,37,13,48,13,20,35,19,15,16,34,29,29,11,25,11,47,30,14,41,45,15,42,34,11,26,34,14,48,17,27,26,29,47,34,39,40,15,16,45,31,37,12,36,41,40,40,28,48,41,18,39,13,48,37,48,20,38,24,31,18,43,40,41,48,39,33,21,24,43,47,14,19,16,26,26,12,49
27,43,39,38,12,24,35,20,38,21,18,20,29,38,34,31,43,32,42,29,18,12,26,32,40,40,48,41,21,40,42,42,38,24,45,17,27,19,38,18,35,20,13,18,14,13,30,37,38,25,28,16,17,17,39,15,19,16,26,30,16,48,14,42,17,27,22,26,21,36,48,34,12,37,41,23,28,37,19,33,14,24,27,44,21,28,19,43,46,47,49,23,46,22,48,42,16,13,48,22,12,29,27,43,14,34,50,37,23,24,43,23,11,11,50,47,46,19,12,43,13,47,28,28,12,26,12,40,16,45,28,44,33,35,25,36,16,50,47,18,26,48,39,28,20,27,24,42,17,22,13,22,13,30,29,13,18,26,31,35,23,42,17,44,33,15,22,27,35,37,10,47,10,48,29,42,42,11,24,21,31,18,27,23,22,38,33,49,25,41,17,10,47,26,41,35,14,40,47,25,32,38,44,47,44,13,30,18,21,30,14,17,40,31,18,16,46,18,29,18,13,43,48,17,22,10,44,44,29,21,19,34,24,43,48,15,12,14,32,23,39,30,17,18,26,42,50,14,20,28,43,43,30,45,15,39,30,34,34,14,39,34,27,17,28,27,48,47,36,39,42,15,32,48,24,40,21,14,18,20,38,23,27,13,44,35,31,31,26,41,17,41,28,21,22,43,38,38,47,12,22,17,35,15,41,32,25,11,28,32,28,29,49,30,29,48,41,18,26,44,41,33,34,34,13,22,49,31,40,33,34,47,16,18,34,40,19,35,34,45,39,25,39,45,37,46,17,46,11,45,29,19,42,27,17,12,49,25,31,28,11,30,25,29,11,47,33,23,49,48,18,21,38,41,49,28,35,34,36,47,29,15,33,14,33,46,17,16,12,43,24,37,41,21,29,35,48,48,32,44,24,36,18,17,39,29,46,13,12,39,30,18,22,50,36,22,26,36,21,24,40,12,36,43,40,28,41,34,25,14,20,47,33,47,22,39,44,42,45,40,21,32,17,21,49,32,42,26,25,41,30,22,23,33,31,48,40,36,46,16,33,39,48,34,13,41,40,28,31,26,16,41,19,30,42,13,35,42,26,24,24,23,31,35,19,12,15,24,16,47,11,17,11,12,38,31,45,11,45,29,47,29,33,31,23,21,47,37,38,41,25,26,20,15,32,47,50,18,16,43,26,30,20,37,48,18,12,35,28,19,13,29,24,38,40,15,41,37,25,12,47,27,32,49,29,11,27,45,46,46,35,49,38,26,41,13,41,17,11,21,19,16,22,20,18,47,41,34,42,43,24,36,14,28,32,42,28,24,45,46,25,24,21,35,27,37,31,37,46,35,18,35,42,49,42,43,28,39,36,27
24,44,39,16,35,12,42,43,49,13,37,47,43,24,27,36,34,47,46,11,33,27,36,45,12,24,11,19,45,29,46,30,20,28,18,15,35,34,33,39,43,26,29,19,24,26,44,45,49,20,16,31,44,49,21,24,33,46,29,12,48,21,25,37,14,10,40,47,38,47,25,35,34,27,18,41,45,29,36,14,50,46,12,24,17,14,35,17,14,22,23,30,32,46,30,20,25,23,19,14,20,42,49,11,11,46,19,12,44,46,18,45,43,48,16,48,27,37,44,18,41,45,23,21,30,42,23,27,24,18,35,27,27,29,20,48,30,41,20,44,19,10,21,37,38,27,20,34,19,33,22,46,28,23,45,39,27,14,38,48,12,29,18,24,19,27,34,49,41,47,36,12,28,20,32,34,16,41,12,25,10,50,43,14,30,33,49,14,39,27,49,26,34,45,48,32,40,36,19,14,38,14,11,40,21,48,23,49,38,32,34,45,26,43,28,26,44,17,13,11,16,14,29,37,15,32,14,49,27,21,42,25,17,42,37,47,25,11,32,39,19,44,22,37,50,47,17,20,42,19,31,24,22,36,23,23,27,49,43,33,39,29,11,23,34,37,13,47,43,27,30,19,40,39,24,39,45,39,29,32,12,48,27,35,48,11,15,37,47,23,18,43,19,27,32,14,26,18,12,25,42,11,22,16,33,40,13,34,14,48,29,29,17,46,10,21,13,21,43,12,13,42,31,32,17,31,31,22,15,26,36,41,40,47,29,14,32,15,13,40,47,32,27,48,42,41,45,18,43,34,40,10,26,21,12,27,38,22,37,44,44,45,37,37,17,27,31,27,28,28,15,42,38,48,50,43,38,14,21,36,31,43,40,37,15,46,28,35,35,37,48,49,20,47,15,15,16,15,14,24,11,32,48,32,23,35,14,43,11,24,16,14,46,28,22,16,45,24,33,14,22,11,21,36,34,24,40,15,18,15,24,11,23,25,16,22,43,47,49,31,25,18,45,43,26,22,20,44,48,48,32,38,42,37,12,27,21,19,45,30,29,43,45,21,38,29,36,46,37,12,14,25,20,24,19,28,37,32,43,29,12,30,48,14,33,34,12,24,48,10,26,45,38,46,37,27,25,45,15,23,17,43,47,31,12,27,38,26,20,19,25,22,30,25,46,46,50,22,25,12,21,18,37,45,18,46,26,35,26,38,42,44,30,22,50,11,48,13,42,27,35,34,20,24,18,46,20,31,43,23,48,49,33,23,37,25,42,31,29,28,46,17,24,17,39,23,11,29,49,23,31,44,17,44,30,17,48,15,46,24,24,17,40,47,39,22,41,28,14,34,23,41,14,14,45,12,47,36,40,12
26,34,44,34,14,12,46,28,17,10,48,34,34,14,41,41,11,33,19,20,50,17,16,45,40,36,34,31,13,37,22,20,24,17,13,18,49,49,13,31,28,13,28,25,37,30,23,32,42,16,40,23,49,30,29,25,47,25,46,20,39,41,43,17,34,16,27,38,37,19,48,14,42,43,48,14,50,28,27,11,16,38,38,38,40,47,32,40,25,20,41,36,15,22,30,49,41,48,30,30,42,17,25,14,14,27,19,25,12,11,16,26,39,32,23,18,41,27,13,23,23,15,15,42,37,28,32,30,12,15,33,10,49,19,22,40,18,21,27,28,43,38,18,25,45,45,46,13,18,35,50,11,43,14,39,21,12,50,31,35,37,41,47,36,41,48,43,20,28,44,13,35,34,27,25,12,43,46,37,49,41,33,24,31,28,30,45,46,31,24,17,33,30,44,35,22,33,26,31,23,23,28,38,15,14,21,35,21,19,48,42,10,38,34,36,12,41,16,11,36,32,45,23,29,46,29,21,23,25,24,30,12,44,37,41,16,43,41,30,41,20,10,18,18,38,26,41,43,35,46,12,27,27,28,28,12,30,15,45,24,30,31,14,47,44,12,22,17,41,35,33,17,25,48,21,29,16,36,49,35,27,30,30,12,39,16,11,43,46,39,20,17,43,23,17,25,18,14,13,15,29,26,13,38,11,48,11,16,47,24,45,27,44,17,37,32,27,10,27,41,40,30,18,50,15,10,40,20,37,34,39,23,25,32,26,34,30,40,49,12,12,24,47,50,34,11,17,18,26,30,39,23,27,14,41,22,19,36,49,28,48,22,19,26,41,44,22,49,20,29,44,25,39,37,36,30,42,32,30,28,23,16,19,28,19,22,46,22,39,18,44,39,28,20,13,39,43,45,24,30,49,33,48,17,34,42,15,13,24,30,12,27,27,17,28,30,36,48,14,15,22,10,47,34,28,27,26,36,19,25,38,21,17,13,41,23,48,33,27,27,20,13,35,18,46,10,11,17,22,34,29,19,49,45,32,12,46,18,21,19,45,27,31,15,45,14,13,45,49,46,18,11,25,46,41,19,11,42,48,21,19,38,22,22,24,33,15,37,36,48,43,41,22,33,11,38,48,33,15,26,22,17,28,29,37,47,18,48,47,30,19,35,16,42,48,30,31,24,48,28,17,25,33,12,20,17,27,18,35,15,37,21,14,29,16,34,34,39,34,47,41,18,10,45,39,15,36,39,22,33,14,41,38,23,11,31,12,39,22,26,35,41,32,15,50,45,24,38,42,23,30,36,16,26,41,47,22,34,27,17,48,39,14,37,30,33,41,20,36,19,32,27,39,28,42,13,44,35,24,38
36,27,40,41,45,23,35,26,42,17,41,46,15,44,14,40,10,22,49,45,32,48,29,30,23,50,28,23,47,24,17,31,35,34,27,47,48,29,24,38,38,28,37,42,45,15,39,41,14,32,17,43,15,22,30,27,29,14,32,40,19,22,49,29,50,37,50,48,37,35,13,41,30,21,17,18,18,10,16,47,50,29,19,46,30,25,42,15,28,38,32,39,42,44,26,13,38,11,15,39,21,14,44,32,47,11,28,48,32,25,37,10,27,46,28,35,48,15,34,43,17,16,46,44,48,38,48,25,47,49,34,18,23,23,12,23,30,21,42,36,12,36,49,44,13,50,27,36,31,13,39,29,16,20,37,12,15,21,10,48,13,14,24,16,30,38,35,24,10,23,38,15,33,17,21,31,33,40,45,26,29,40,17,28,33,25,18,38,26,36,30,44,20,26,17,23,48,22,37,33,21,30,28,48,19,18,37,34,14,20,37,46,45,38,39,27,44,42,17,33,43,21,48,17,22,18,12,15,18,17,43,11,17,33,40,21,16,30,28,30,14,23,49,37,31,46,45,44,27,25,35,39,45,49,43,45,38,25,46,13,46,35,24,44,36,27,40,45,12,40,34,31,21,42,35,25,37,31,46,10,24,49,36,19,15,46,33,31,49,43,32,16,11,20,40,38,27,39,35,14,42,24,30,36,13,22,44,11,45,46,15,41,18,40,34,31,45,49,19,28,12,20,16,21,36,27,39,32,23,38,30,16,33,16,43,49,35,43,41,42,12,43,17,25,36,32,19,18,13,28,15,32,28,23,34,37,35,25,29,16,45,11,44,37,28,24,23,34,12,16,17,38,18,43,39,36,26,40,21,33,39,42,41,22,19,40,14,27,31,44,50,17,19,10,12,48,22,40,27,43,39,19,25,10,22,12,31,50,44,28,36,39,34,39,10,45,44,18,20,20,12,24,13,25,43,16,28,34,18,13,42,34,25,12,40,14,23,32,24,26,43,48,23,40,24,26,46,29,42,32,37,19,33,39,26,11,35,34,47,46,41,20,20,36,11,39,21,22,16,14,11,25,34,50,29,35,34,37,28,43,23,24,26,41,28,46,33,48,23,37,34,27,32,38,37,49,38,22,33,38,49,12,16,10,29,40,34,26,22,46,25,19,19,37,33,23,25,44,39,46,34,47,11,49,47,41,45,33,43,33,36,29,17,21,31,34,30,28,36,18,42,29,10,29,27,28,14,29,28,37,22,23,33,50,40,16,44,49,45,44,31,49,40,19,38,36,24,49,46,25,34,29,32,35,48,31,13,31,35,24,45,29,16,42,46,45,40,14,45,22,30,15,49,38,19,27,16,37,41,24
12,43,26,29,22,22,31,27,13,33,15,32,31,19,30,24,20,38,25,35,12,19,30,44,27,11,24,50,32,29,23,48,20,12,16,15,30,23,44,28,39,23,11,28,20,31,29,15,12,19,38,37,37,45,44,21,13,49,20,41,41,29,25,36,13,23,40,47,12,41,10,17,45,22,25,20,21,23,21,29,28,19,38,29,38,33,10,13,24,19,19,41,47,35,30,39,48,40,20,50,24,29,20,21,36,10,26,32,44,41,48,36,50,42,50,21,27,12,34,45,23,30,16,15,13,47,24,48,37,35,12,36,18,34,41,38,41,16,21,46,15,31,47,35,41,23,24,28,16,38,10,45,35,47,16,44,27,43,36,13,20,34,49,38,11,43,18,13,17,16,44,16,15,35,22,29,45,23,48,48,21,11,30,22,35,33,29,11,33,45,32,32,24,32,18,49,47,46,16,37,41,20,18,44,34,26,47,13,31,17,18,34,43,44,12,34,36,23,12,27,22,44,15,36,27,16,11,44,26,49,20,16,43,39,46,13,28,16,31,12,27,11,27,25,31,17,20,13,24,18,29,19,36,31,32,23,48,11,29,19,28,27,32,25,39,33,27,37,29,41,35,20,23,18,34,29,43,43,11,13,30,19,41,34,16,40,16,46,12,16,24,29,11,13,20,22,38,47,32,50,47,50,24,38,20,15,32,15,14,24,12,46,27,20,50,49,14,24,37,33,36,41,23,17,41,37,31,25,26,20,27,50,28,37,23,21,33,36,36,28,15,17,18,16,22,42,36,40,15,37,37,26,24,36,42,23,24,28,46,41,28,19,48,40,32,44,28,35,45,29,46,39,20,16,37,24,21,25,41,47,34,16,46,27,21,21,27,22,44,27,16,22,35,14,16,26,24,29,27,23,39,39,22,16,34,46,42,49,30,33,28,25,50,43,49,11,35,48,19,37,35,13,22,29,45,13,47,40,25,37,37,30,14,21,37,32,20,44,14,23,50,39,27,14,26,42,16,40,31,40,35,49,18,19,36,30,18,31,17,42,19,25,27,40,41,48,25,16,49,27,11,46,26,17,34,43,26,14,40,47,26,31,50,48,37,15,33,24,28,28,38,48,17,41,15,49,21,18,38,18,31,42,33,46,40,49,18,17,13,33,29,42,50,45,17,37,25,17,30,31,16,31,49,39,44,34,17,22,47,40,43,31,24,42,47,10,33,35,23,25,25,30,39,27,34,19,16,21,34,23,42,14,30,38,33,14,42,47,37,39,38,25,21,26,33,31,20,41,14,40,27,41,11,22,43,12,33,22,48,41,12,30,30,32,38,10,50,22,48,47,39,33,33,16,29,30,23,33,34,18
11,22,29,33,39,50,35,22,46,35,24,42,46,23,42,24,27,12,36,48,11,12,23,47,38,21,35,43,37,47,39,18,20,45,27,36,40,45,16,19,14,24,11,27,21,33,13,24,32,44,37,20,19,14,17,35,24,49,12,30,39,11,21,36,39,38,17,41,38,29,33,26,45,40,47,48,34,39,19,33,14,35,18,14,13,44,41,11,18,20,14,37,13,18,11,19,17,36,29,44,14,35,44,41,38,46,24,22,14,50,38,44,12,23,45,20,26,11,48,23,17,16,33,29,32,20,35,10,28,10,15,16,11,47,44,32,11,14,13,15,44,34,22,28,47,28,33,36,45,27,39,45,16,12,21,14,22,44,18,26,45,27,11,34,27,47,40,47,26,23,29,50,35,14,22,19,27,27,26,42,32,34,30,25,36,18,18,35,32,12,15,15,49,32,11,14,38,48,27,28,36,28,24,25,39,46,39,11,18,12,19,47,42,38,44,34,49,28,47,25,20,16,41,36,13,15,29,40,45,31,21,22,25,44,42,50,23,45,22,48,17,18,16,10,35,15,26,17,17,34,36,23,22,37,24,19,31,49,21,41,17,45,31,24,50,33,15,37,25,32,12,18,16,40,25,46,32,40,20,13,32,19,28,30,14,35,46,17,49,37,44,41,27,28,33,22,29,28,33,31,25,33,42,19,19,33,49,21,18,27,46,27,20,17,22,18,18,22,35,19,29,33,38,39,12,44,48,19,32,48,12,48,26,36,44,39,24,31,19,14,37,22,30,47,37,22,18,26,20,27,49,27,46,12,18,14,11,23,18,25,35,16,30,39,21,10,37,33,25,34,36,24,37,37,13,40,38,31,39,33,44,23,25,34,40,20,14,37,15,40,42,33,18,29,39,49,45,47,19,19,32,23,36,43,28,10,41,43,41,41,18,44,15,21,14,15,19,47,44,35,28,21,16,19,24,32,17,35,32,16,43,21,29,42,19,26,46,16,20,41,13,38,31,38,49,43,44,26,34,41,13,28,20,45,30,13,15,35,17,37,18,15,45,41,16,41,14,18,42,13,36,34,21,32,31,40,44,13,16,32,18,40,16,46,30,25,15,22,25,23,43,36,45,13,13,21,31,36,11,47,20,32,15,44,15,41,46,42,49,49,48,49,26,11,27,22,38,32,11,38,12,42,42,13,34,25,49,18,38,34,49,44,36,24,16,19,50,34,48,43,47,32,12,46,49,44,12,20,26,22,18,30,23,33,50,40,15,49,13,35,25,24,20,22,14,25,13,13,36,43,49,11,37,41,24,29,48,38,26,29,31,22,13,49,37,48,48,35,49,37,44,21,41,35,15,17,33,40,11,13
11,11,37,15,24,23,22,27,43,17,16,39,10,45,14,12,33,15,15,47,37,29,28,38,46,33,48,20,44,22,20,22,28,13,45,39,22,35,15,45,30,10,24,37,30,39,34,30,29,47,35,14,40,23,38,21,35,34,17,38,41,43,27,11,38,49,11,35,38,24,35,49,49,41,24,36,30,41,39,46,32,38,16,17,13,19,21,45,16,45,45,45,29,12,28,37,28,44,34,13,31,48,36,17,31,14,15,45,42,21,23,20,50,43,21,35,45,43,13,40,13,44,22,15,43,36,24,31,33,18,48,19,25,49,33,27,38,48,20,39,37,45,12,22,41,34,22,35,42,14,24,35,19,43,25,33,29,37,29,24,38,32,45,12,19,49,29,26,36,23,30,28,12,25,39,43,15,10,41,39,36,28,42,31,40,15,41,40,22,23,47,43,21,39,37,33,17,20,11,16,31,36,33,42,23,32,40,45,35,38,19,36,40,31,44,20,25,49,37,45,21,19,33,30,11,27,43,38,27,19,48,13,38,48,27,17,10,33,28,39,46,29,11,31,45,33,32,42,19,49,26,15,33,11,33,38,11,45,47,16,25,17,42,15,31,13,44,30,38,48,35,25,49,17,17,45,30,29,17,20,14,25,24,18,30,20,25,31,47,17,41,46,11,38,30,34,13,28,20,27,30,26,39,42,39,34,36,13,44,24,20,40,13,14,37,17,48,40,38,32,44,43,34,17,47,34,26,40,45,29,16,17,25,44,15,39,29,28,35,15,14,39,48,21,40,43,19,41,17,18,38,37,24,13,23,14,26,16,17,18,24,32,17,14,21,11,17,23,12,41,14,37,25,42,27,48,38,23,12,47,25,38,16,47,42,24,47,49,17,20,31,43,45,32,48,43,41,19,32,14,13,19,19,46,33,37,40,47,23,14,31,20,33,39,34,12,40,41,38,39,45,35,11,14,46,26,40,30,21,16,50,48,47,49,38,34,38,38,40,13,37,37,12,15,30,24,11,22,22,23,31,24,17,32,42,20,43,14,29,20,35,13,23,30,24,33,13,44,42,10,22,41,15,35,29,49,46,29,31,29,13,36,41,35,26,46,19,29,42,12,35,49,39,22,20,30,13,19,25,12,27,24,39,15,24,22,33,42,46,34,42,22,47,41,11,41,21,28,30,45,38,37,33,11,17,35,24,41,34,25,34,44,31,35,50,27,36,44,30,30,33,24,45,19,39,40,33,29,43,16,33,15,29,37,29,40,45,36,40,37,18,46,44,13,45,30,21,15,47,33,41,49,37,25,24,26,45,23,44,25,48,45,36,39,12,10,14,31,35,34,45,21,30,39,36,30,11,26,40,20
40,19,11,11,42,47,43,24,27,48,46,19,30,38,40,22,25,49,23,15,33,30,19,12,38,16,38,10,14,16,27,42,37,31,21,26,23,48,15,15,47,45,42,11,36,41,47,18,28,19,12,34,15,34,30,17,38,26,27,23,24,32,50,25,13,14,22,38,17,11,17,36,28,50,40,38,15,25,32,31,47,49,28,27,20,48,31,44,30,23,17,39,14,32,36,42,26,19,35,38,47,42,17,14,18,24,21,30,19,18,18,38,10,16,38,31,44,30,12,48,15,33,40,28,15,27,31,20,33,18,44,45,40,18,11,23,29,41,45,34,25,26,26,27,31,27,35,48,32,10,35,42,30,49,39,19,13,20,27,27,47,48,18,34,39,45,37,40,21,23,39,45,47,38,19,33,36,14,29,23,29,12,10,27,12,11,23,26,36,16,16,25,12,24,12,44,29,37,31,32,12,20,13,37,21,48,36,15,32,42,19,15,22,34,12,35,27,46,46,16,30,24,18,11,41,43,48,50,28,16,33,12,33,15,17,25,48,24,41,15,36,18,24,15,46,12,40,15,43,40,47,18,16,30,21,42,36,17,32,50,26,25,20,42,39,20,34,19,11,34,18,18,45,36,43,24,34,11,28,46,42,21,20,27,35,26,44,24,43,46,41,43,43,46,35,36,38,14,41,11,17,12,21,24,12,48,27,17,27,18,37,33,49,25,45,38,13,37,41,48,19,38,18,42,26,35,17,41,49,26,42,25,28,41,20,12,14,28,38,42,31,20,31,38,24,45,41,24,39,47,44,22,11,35,16,41,17,39,36,11,35,11,14,33,24,40,29,18,39,50,30,16,22,19,25,34,36,33,19,28,23,45,23,12,13,10,21,13,37,19,21,13,37,22,36,49,25,36,13,47,45,23,26,11,45,44,44,21,49,13,50,28,29,16,25,40,20,28,46,13,19,39,40,36,17,45,20,12,50,13,19,19,18,49,32,15,28,29,28,36,17,11,15,14,38,41,28,21,19,41,45,30,18,19,41,43,12,11,13,42,37,22,36,34,31,49,49,12,29,21,27,28,46,39,28,22,35,19,38,30,28,12,38,46,35,41,37,35,44,38,18,41,45,27,33,13,40,38,37,23,42,24,19,35,41,27,49,17,15,15,42,49,35,11,21,22,49,47,46,39,33,44,35,45,28,29,38,27,20,11,32,23,18,12,20,12,21,48,33,50,23,36,26,21,41,20,50,13,35,16,21,32,14,45,31,15,26,11,41,36,26,29,38,14,31,50,18,17,39,27,42,21,35,26,49,31,40,29,25,46,32,40,29,19,26,47,27,20,14,10,16,31,50,22,21,40,32,38,47,36
