The number of jobs:
300

The number of machines:
30
The power of each machine at differnt speed levers:
(where rows denote machines: 1 to 30 and columns denote speed levels: v1 to v4)


5,22,28,43
5,20,29,41
11,30,38,45
9,29,38,45
14,25,33,43
14,30,38,45
19,30,38,45
11,22,32,41
7,29,37,45
12,29,36,43
17,23,29,41
12,19,24,42
14,22,36,45
7,14,18,32
16,25,38,45
12,29,37,45
15,30,37,45
10,30,37,45
20,28,38,45
19,30,38,45
10,20,37,45
11,18,29,37
12,19,28,39
17,26,36,43
9,22,33,45
9,16,32,39
10,26,36,44
15,26,36,45
10,30,37,45
6,30,38,45

The basic processing time of jobs processed on different machines:
(where rows denote machines: 1 to 30 and columns denote jobs: 1 to 300)
36,11,10,22,48,40,45,29,41,19,24,34,14,24,25,31,39,17,27,26,19,40,20,48,15,13,42,45,12,38,31,13,36,21,28,35,29,32,39,13,35,35,49,25,20,46,23,47,44,21,20,28,31,24,45,22,22,11,17,21,46,40,43,42,46,14,42,48,33,35,24,43,48,28,40,36,29,35,26,41,21,11,34,31,38,13,49,23,47,40,38,42,39,19,12,41,36,16,24,27,36,28,34,26,41,39,44,17,29,31,33,28,14,44,30,27,16,32,33,45,44,26,28,26,10,31,49,49,22,23,11,25,10,30,31,23,50,45,36,10,48,12,30,40,18,28,39,13,46,13,17,43,19,47,49,14,41,10,21,20,39,50,29,14,49,24,48,12,25,16,42,19,36,46,17,30,19,26,26,38,14,48,34,39,37,21,17,23,41,43,40,17,21,39,23,36,41,41,33,37,41,39,29,21,23,31,22,22,11,16,40,41,32,32,34,14,42,43,21,17,35,45,26,49,46,20,16,44,24,17,14,45,33,48,16,44,32,49,40,37,36,15,11,32,43,43,45,25,38,26,47,23,26,17,20,31,31,42,24,33,37,32,42,27,47,45,13,25,17,15,45,21,38,12,24,44,25,23,48,34,43,11,14,50,44,35,45,35,10,41,41,36,38,33,25,31,17,36,21,16
12,36,20,20,31,31,35,13,43,40,19,37,16,37,13,28,14,24,37,22,21,39,49,13,24,33,18,36,17,21,44,37,19,32,18,48,35,24,32,11,30,21,43,16,45,34,27,23,27,28,22,32,26,29,21,37,15,22,39,24,28,42,30,37,21,39,25,19,27,30,46,32,26,32,18,19,22,32,28,13,44,13,41,16,44,33,37,31,17,18,37,30,12,16,23,16,21,12,33,27,13,28,24,20,29,34,28,32,34,21,14,37,29,12,15,10,16,46,30,34,22,31,12,31,21,13,10,25,22,12,48,11,13,46,48,16,43,36,32,33,27,28,47,41,41,16,34,41,23,35,48,25,38,18,22,20,14,11,44,39,30,43,34,30,44,29,32,21,49,38,15,11,47,47,46,37,13,47,38,11,19,33,25,18,48,39,16,23,37,43,22,32,38,34,49,49,24,46,13,14,38,37,41,33,19,13,14,34,22,17,46,32,16,41,15,41,40,21,43,30,43,40,48,45,24,16,29,42,34,42,23,31,10,35,19,12,14,19,12,32,17,33,30,29,44,27,30,32,16,17,34,40,21,18,17,30,43,27,16,43,14,24,31,31,37,16,15,34,46,32,47,13,15,32,35,24,36,42,26,18,24,28,22,20,47,11,48,33,23,15,48,37,39,33,37,41,37,34,29,36
25,20,34,17,19,13,13,26,39,42,27,40,40,29,34,16,25,17,33,21,43,13,39,45,43,32,11,17,26,24,36,25,46,24,15,45,37,23,49,29,36,11,50,24,27,36,26,44,35,13,39,40,17,38,32,24,17,25,50,23,39,15,17,45,26,11,16,30,47,13,33,32,19,38,36,25,42,50,36,10,41,43,33,15,22,17,34,17,11,41,31,47,31,27,14,33,25,22,21,15,17,23,29,28,44,12,47,23,10,47,21,31,34,36,28,12,45,13,36,21,24,49,36,26,42,48,24,12,41,18,11,39,13,12,22,28,22,43,16,19,50,45,12,31,39,10,14,49,33,24,37,36,21,48,39,20,11,19,20,49,15,24,29,26,11,23,34,12,32,43,18,21,20,34,31,14,27,25,45,17,45,47,31,11,44,17,11,45,13,11,19,25,36,12,46,40,22,22,44,37,21,27,16,40,25,12,32,35,12,25,30,18,50,13,32,35,46,18,10,42,19,19,15,28,11,33,21,14,40,40,48,28,13,14,19,15,13,12,30,13,41,34,42,29,34,34,26,30,32,26,14,29,43,31,19,47,13,10,24,46,20,46,25,50,18,48,42,37,33,20,34,41,25,33,13,21,40,45,31,20,18,19,43,12,47,20,26,15,15,25,36,46,42,21,18,30,42,30,11,39
22,42,40,40,37,26,26,48,42,42,14,23,39,25,46,30,20,45,28,29,15,30,23,36,37,44,40,15,48,46,18,22,26,32,29,49,36,38,27,40,50,11,46,44,35,43,32,37,33,15,20,22,14,41,18,32,29,41,48,22,24,19,32,43,20,33,25,40,27,44,33,36,41,37,34,41,22,33,43,29,22,13,37,11,16,32,33,16,11,14,33,49,12,29,34,33,13,17,26,38,11,14,27,50,10,41,10,23,15,27,39,29,31,19,31,43,14,41,26,30,15,48,17,33,18,46,44,40,49,16,11,25,30,25,38,19,23,13,19,49,34,36,49,35,36,14,38,21,28,44,40,12,16,42,34,34,20,37,42,10,25,44,16,26,26,47,48,27,30,42,22,25,45,10,12,18,33,42,14,32,39,18,23,39,49,49,31,38,39,17,40,36,30,41,46,16,10,25,16,25,19,13,31,22,21,41,22,17,21,41,16,49,27,26,18,32,32,12,32,22,42,32,35,37,33,24,31,22,38,37,50,48,48,36,12,50,24,46,43,17,46,49,31,28,33,21,48,29,30,42,38,13,45,17,49,12,44,43,14,34,22,37,50,22,18,26,35,40,20,12,41,22,33,25,30,21,17,37,14,20,17,14,28,12,39,36,13,22,14,20,11,27,42,35,30,46,24,23,18,36
14,43,47,22,47,16,12,47,13,44,33,43,15,24,21,29,19,12,35,20,42,43,26,18,32,22,36,23,43,33,12,23,18,29,41,38,45,38,37,48,35,41,14,15,21,29,48,46,46,42,33,25,27,14,36,31,34,33,42,22,13,34,42,25,21,23,38,44,18,29,45,46,21,15,24,11,48,30,13,31,41,47,25,39,44,40,13,27,11,32,20,46,29,36,37,32,37,34,11,20,43,49,21,44,42,33,44,20,14,43,37,35,26,18,11,42,22,21,17,35,12,41,44,21,14,12,25,20,41,13,21,21,23,12,27,32,14,16,10,16,14,24,25,25,12,44,17,28,12,21,23,24,50,42,17,25,18,23,41,25,32,50,28,47,47,18,39,15,47,36,19,48,41,43,12,31,22,14,35,14,14,37,16,49,37,34,45,42,35,44,40,45,29,25,27,33,43,39,48,26,36,32,17,19,15,24,20,36,13,28,10,26,40,27,29,24,43,13,17,42,21,19,41,27,17,41,27,40,23,42,34,50,18,22,47,38,33,11,42,22,34,44,18,23,44,29,16,24,26,38,34,43,40,39,11,24,46,46,24,33,48,47,46,38,35,26,42,16,23,26,30,13,47,13,25,46,20,31,45,43,11,38,11,42,11,44,38,23,48,13,39,49,49,22,47,24,46,18,22,10
15,47,20,31,50,38,19,17,25,12,46,13,33,31,15,10,17,21,25,42,42,33,44,50,23,40,31,34,45,31,49,39,15,22,47,26,50,23,49,17,50,19,46,26,31,19,37,19,46,15,18,15,46,38,41,11,31,21,28,46,46,41,10,11,39,46,16,25,16,24,24,44,49,34,38,23,25,32,13,48,13,34,23,15,42,41,46,15,18,17,23,44,21,46,12,27,44,44,34,47,20,30,12,27,39,33,36,50,25,27,20,13,42,11,15,40,37,23,48,43,27,23,16,42,24,14,49,26,14,35,29,41,45,29,41,29,17,45,31,47,35,22,49,22,40,17,49,15,25,48,23,45,44,20,36,19,20,48,36,24,40,41,24,43,50,28,35,26,39,40,35,17,38,46,11,37,49,45,38,20,16,50,27,37,35,42,17,15,29,35,12,17,15,41,12,26,28,38,26,25,33,42,41,18,43,43,11,26,29,11,47,25,43,17,11,26,22,31,38,46,40,32,31,18,36,32,47,25,10,49,25,29,28,32,15,17,28,43,27,35,12,30,39,29,35,35,44,13,29,21,47,23,15,16,45,45,47,35,16,27,28,13,18,38,23,43,32,45,43,20,36,46,29,22,43,20,39,20,41,46,31,36,10,11,37,45,20,43,28,12,14,28,19,14,10,36,35,45,23,20
16,42,33,49,11,34,49,21,30,39,12,29,15,18,44,15,13,20,34,18,48,37,29,41,12,47,46,14,13,45,35,38,12,34,24,27,14,37,35,41,47,47,16,11,27,35,32,44,36,22,49,40,38,43,50,48,25,34,14,33,27,29,18,17,30,46,35,42,29,11,42,13,46,40,31,15,36,28,22,19,32,27,34,19,28,18,14,43,42,18,13,24,26,26,10,16,41,39,48,12,35,27,15,31,12,36,25,32,36,40,23,11,46,15,27,36,41,19,13,22,35,49,26,47,40,23,35,42,43,30,44,22,35,33,23,26,16,41,32,39,24,42,22,12,47,13,18,38,43,44,13,34,49,27,26,36,48,40,45,47,17,34,37,20,15,18,29,40,13,21,27,15,24,18,39,42,46,45,11,13,25,26,28,13,28,28,28,29,29,49,33,47,49,17,50,28,12,27,36,47,10,43,49,47,35,44,42,21,15,14,13,30,30,18,36,16,46,45,29,29,45,14,39,47,37,43,19,34,22,34,34,44,15,18,14,39,32,16,11,24,38,13,41,49,34,41,41,31,45,34,14,34,23,45,15,48,10,39,17,27,31,18,30,15,17,16,29,13,12,30,50,21,17,34,48,27,38,41,49,28,19,37,46,18,15,34,27,49,30,45,28,37,32,28,11,10,11,20,46,45
22,14,35,39,16,46,13,19,22,47,37,24,13,35,49,48,16,41,16,21,43,33,24,10,33,48,25,43,37,15,49,30,19,38,17,38,16,39,33,25,14,46,33,41,48,34,25,14,42,14,21,32,13,48,28,27,46,27,17,34,26,18,45,19,47,18,23,32,10,13,28,36,32,30,40,40,30,17,10,19,40,11,15,32,31,11,22,12,45,36,31,16,27,26,29,18,23,10,26,14,30,11,19,21,14,18,27,32,49,36,21,49,24,23,14,14,44,48,37,21,29,47,21,42,25,48,50,25,35,17,27,26,37,21,27,24,29,26,32,36,47,21,17,12,33,47,10,49,36,43,24,20,13,20,32,41,37,23,37,41,29,18,48,35,22,13,47,15,45,11,42,43,26,19,19,21,17,45,50,39,22,32,16,14,48,37,16,36,28,48,49,45,21,46,29,12,24,29,12,29,13,43,33,26,18,38,16,48,38,23,36,27,41,24,12,36,19,18,15,40,17,37,18,24,27,22,19,12,23,22,44,13,45,12,49,11,27,41,36,39,41,45,16,33,38,11,11,39,18,16,13,15,28,14,47,41,32,16,11,34,42,26,46,31,48,18,11,39,30,22,18,23,36,28,16,16,18,50,17,25,18,44,49,24,42,41,48,24,42,15,29,40,38,36,32,40,15,50,13,38
23,47,47,34,49,42,41,44,34,23,26,10,17,43,39,15,38,41,19,43,23,18,32,32,17,49,20,28,14,15,27,15,33,33,11,49,28,25,43,17,46,32,46,45,19,44,34,30,44,33,39,49,48,15,39,30,27,20,33,39,38,16,41,34,20,16,25,31,49,32,22,48,26,42,40,16,11,31,22,23,17,31,37,40,38,32,47,37,24,38,36,48,23,32,12,13,42,47,44,46,10,22,49,47,47,40,11,49,21,45,49,25,35,44,36,11,17,12,26,40,46,49,22,42,40,38,14,42,38,45,13,13,27,28,16,20,13,23,42,16,13,30,28,41,26,34,16,12,24,10,26,39,31,42,29,26,47,28,30,32,45,21,46,34,37,25,17,36,47,40,42,41,32,22,14,33,21,12,12,22,24,17,21,47,45,11,49,31,31,30,19,44,21,28,28,30,44,19,32,26,33,49,47,50,25,49,38,28,26,29,30,44,16,34,25,20,47,41,47,11,17,25,47,30,36,18,30,27,46,49,45,18,37,13,28,14,21,38,40,49,47,45,28,46,32,15,35,16,36,25,48,11,48,27,45,35,23,11,18,30,14,26,17,19,18,41,25,22,21,42,32,40,28,37,20,12,45,35,23,28,25,21,20,12,48,26,24,36,41,15,18,30,35,18,11,26,49,32,50,16
15,21,20,43,36,32,26,40,15,22,25,39,15,50,27,19,38,17,19,45,48,48,11,23,15,34,39,39,37,20,48,19,30,19,41,24,31,31,19,17,23,11,18,41,16,28,21,40,32,31,25,48,29,41,27,33,36,44,33,34,48,24,45,39,43,10,14,31,40,30,22,40,50,37,35,32,24,22,26,11,34,11,10,21,11,15,33,15,15,30,12,35,32,45,25,31,24,23,20,29,20,22,45,28,36,15,20,26,48,42,38,47,35,37,24,45,49,33,47,34,33,46,41,10,35,19,45,49,47,16,11,48,41,46,24,16,46,18,11,18,16,42,15,22,21,20,20,31,45,47,22,24,50,15,32,42,26,40,31,14,27,26,23,39,37,18,37,43,38,41,11,20,28,37,49,27,15,44,10,44,34,50,31,31,21,20,29,42,41,49,19,30,35,13,29,47,12,15,23,20,29,48,16,33,35,46,48,13,25,17,42,24,13,49,10,26,40,27,10,35,22,15,40,13,13,14,17,26,43,30,46,21,33,13,16,29,40,35,15,26,12,28,31,37,33,42,46,28,16,21,20,39,16,40,24,23,28,26,21,31,22,12,10,24,35,26,26,15,15,49,19,20,30,32,43,15,32,19,38,20,18,49,39,29,20,21,41,39,18,29,21,12,36,48,33,34,35,15,44,34
41,21,10,13,47,25,31,34,14,35,41,40,21,27,38,33,46,17,31,40,26,27,33,30,33,37,37,27,25,45,42,27,19,50,21,17,24,34,11,26,14,40,33,16,27,26,33,21,32,28,30,19,28,23,44,29,29,16,32,48,30,28,17,26,45,37,31,27,42,28,39,42,46,11,20,13,19,50,49,44,35,28,29,30,22,43,12,13,26,16,28,13,24,41,44,24,23,12,13,12,40,26,17,43,44,47,40,24,25,42,22,48,16,19,33,18,14,14,15,32,34,28,35,41,44,32,37,24,29,15,48,40,46,22,43,29,21,39,30,20,33,20,21,39,34,21,16,20,28,21,47,17,35,28,26,28,11,43,22,36,48,10,45,30,38,29,41,49,16,28,48,38,44,15,23,45,25,48,12,24,24,19,33,38,25,47,27,36,38,25,27,12,34,41,34,38,30,23,15,49,35,12,24,41,28,11,28,34,25,25,43,17,41,29,24,25,39,24,47,19,20,48,45,50,28,47,14,16,47,18,49,20,30,41,20,19,37,34,50,36,28,27,28,30,16,30,22,12,41,49,48,17,44,15,15,45,39,45,20,36,36,48,17,36,40,37,42,29,21,37,29,30,35,44,14,18,26,13,27,44,45,33,32,26,40,25,18,39,21,36,15,24,15,28,17,30,14,32,46,20
40,40,11,45,15,15,16,38,22,48,25,28,20,14,45,35,19,44,19,20,11,41,50,17,29,13,33,48,18,28,10,42,21,20,40,36,37,34,40,16,26,43,45,38,20,41,37,25,16,37,15,40,17,25,42,14,43,24,35,48,36,38,13,17,36,18,12,22,35,41,20,30,27,16,33,35,36,41,34,50,29,17,40,30,40,25,23,22,30,42,19,36,43,32,22,46,34,32,49,31,38,46,45,32,24,43,31,23,45,38,36,28,29,40,45,15,11,25,34,48,14,47,48,48,31,35,20,37,15,18,10,46,28,35,30,39,30,23,18,27,31,21,36,49,25,44,34,19,22,14,30,25,13,33,28,13,37,20,20,36,43,35,44,30,21,18,24,31,31,50,34,25,41,11,11,36,27,29,14,31,41,43,34,25,36,13,28,16,45,17,49,42,46,35,48,48,15,41,28,39,44,30,35,42,18,41,37,43,44,29,27,18,37,16,14,15,49,47,33,20,46,47,46,19,20,19,41,46,32,22,13,31,31,26,39,49,13,12,26,18,45,29,44,44,31,37,35,26,15,32,14,19,38,47,22,38,44,15,15,35,22,47,41,46,49,14,18,42,14,19,33,17,18,41,19,25,23,40,19,18,41,29,35,39,12,47,18,24,37,39,44,45,30,26,11,18,22,40,46,31
39,27,21,13,36,43,40,41,43,40,19,42,41,27,33,41,37,24,12,11,32,27,40,32,32,40,16,30,42,17,32,22,17,26,45,46,44,12,28,23,39,27,37,35,44,36,24,44,24,10,41,41,43,31,26,37,34,22,41,32,30,38,20,38,33,50,14,29,33,25,14,21,30,49,43,44,10,33,43,19,38,40,12,46,15,39,26,39,38,37,47,14,36,25,11,27,12,15,39,14,17,48,44,20,49,32,36,38,34,11,16,22,49,13,26,48,37,38,22,32,20,21,15,31,28,18,49,41,23,10,41,16,14,32,14,35,20,34,24,32,33,41,37,43,22,19,26,15,11,38,28,16,36,30,13,44,44,14,34,23,28,15,29,50,11,19,23,21,10,17,50,16,37,33,41,40,22,35,23,43,33,40,23,10,33,49,12,12,11,16,28,48,29,19,16,12,36,23,48,42,35,15,45,23,35,20,21,44,47,49,24,37,16,29,17,36,29,36,17,39,15,19,17,33,39,32,13,14,47,18,18,49,25,28,23,29,28,14,50,35,19,39,38,23,39,22,29,47,46,50,16,47,30,48,15,23,12,29,39,32,36,49,17,36,39,13,44,21,44,11,13,49,36,35,24,25,26,48,37,45,41,45,43,29,17,49,41,30,48,23,23,17,43,25,36,37,34,50,33,39
32,46,27,22,17,23,41,40,36,21,46,43,43,25,25,48,30,26,35,48,12,13,26,44,28,38,33,31,36,45,50,11,41,29,24,16,10,41,31,17,45,38,50,26,28,44,36,40,26,38,28,25,31,21,41,49,18,45,17,15,47,43,23,12,26,13,47,44,27,29,46,22,37,49,18,15,43,15,43,46,18,14,42,50,17,15,38,19,50,47,13,20,33,14,48,20,43,12,46,33,21,29,36,34,39,17,18,13,42,15,20,15,32,34,31,12,41,49,24,47,41,45,22,37,45,30,39,14,40,44,47,40,43,33,39,15,38,43,20,46,44,20,37,20,34,19,13,12,14,46,24,28,12,46,19,17,26,21,26,10,20,32,29,30,22,16,37,13,49,18,30,39,41,31,35,39,28,27,14,45,27,10,19,37,11,47,31,23,48,23,29,10,15,20,27,49,46,36,19,23,47,38,49,38,23,48,36,23,42,40,11,18,30,22,18,29,13,32,20,34,43,25,33,16,45,40,45,24,48,14,33,22,31,48,30,45,35,15,19,16,20,19,49,27,37,49,23,29,36,28,28,39,40,38,21,14,26,49,32,38,45,24,15,27,33,31,22,20,46,45,37,31,18,43,48,35,15,14,15,19,25,29,46,32,11,42,10,49,21,45,19,37,39,39,41,28,37,49,30,18
35,49,36,19,11,34,50,40,25,40,42,23,12,11,47,13,45,28,38,43,16,19,34,44,19,16,44,25,33,45,33,20,41,27,24,27,32,48,24,49,29,16,18,38,22,42,23,45,32,15,41,27,41,18,21,17,41,15,32,14,17,42,28,29,27,27,24,42,11,19,48,25,38,25,43,23,23,38,38,40,48,50,37,18,46,28,42,31,36,34,11,11,14,36,35,13,35,43,28,26,14,36,28,15,13,46,38,23,32,14,49,43,15,15,48,20,35,12,31,47,45,49,20,34,34,32,14,25,27,24,10,32,11,10,47,18,46,47,37,39,22,27,32,42,44,25,11,33,25,34,41,50,45,45,44,27,30,34,10,17,38,49,27,11,27,16,45,35,46,21,23,25,37,48,22,17,48,11,27,29,48,35,27,38,19,19,48,46,23,21,14,24,36,17,12,25,17,25,24,48,16,28,50,26,41,23,21,11,27,34,36,16,34,34,28,17,40,25,39,18,18,43,42,11,40,46,15,43,41,15,33,26,49,31,22,12,18,46,36,50,13,35,34,43,29,27,28,45,31,24,13,37,43,42,12,36,38,23,32,28,19,18,25,20,39,46,35,18,41,32,27,28,29,18,35,15,38,34,21,23,43,10,34,20,15,45,27,26,20,10,49,21,25,29,49,21,21,11,20,31
46,50,47,22,19,19,15,24,15,14,31,45,38,34,22,30,49,24,24,23,26,34,28,20,46,12,15,41,23,23,27,32,25,28,20,36,38,19,28,39,25,39,48,16,31,20,26,37,21,18,33,21,22,41,43,18,34,48,49,36,21,14,11,26,16,40,31,36,13,40,27,31,48,26,11,25,13,21,48,15,39,18,39,36,20,37,36,34,28,24,43,36,37,49,24,26,39,20,22,27,23,23,32,17,36,39,29,36,37,16,22,46,20,26,10,26,11,25,28,19,33,39,48,33,17,39,29,16,23,22,19,31,18,18,30,47,29,48,17,25,32,48,39,17,42,31,44,49,28,44,24,29,31,43,17,46,20,24,43,36,29,44,42,29,23,32,46,29,43,46,35,22,30,18,32,21,16,20,21,19,26,15,24,43,34,27,28,17,22,47,38,38,12,38,10,22,22,48,44,10,38,32,36,41,41,17,11,49,48,30,22,48,21,15,15,12,37,44,30,36,25,17,22,31,39,23,24,14,18,35,16,43,23,50,33,20,45,44,33,50,14,11,40,17,14,39,41,40,37,13,41,17,15,33,21,31,34,30,35,31,13,22,35,36,30,41,25,39,48,10,13,47,37,33,28,33,17,14,38,22,19,18,46,42,39,27,29,42,15,30,33,17,22,12,14,44,45,19,34,44
49,11,43,24,21,44,12,14,33,22,18,31,12,45,12,44,31,41,11,14,16,12,28,13,37,35,38,42,23,17,45,35,47,41,29,15,14,26,10,14,13,34,15,16,35,16,17,49,43,47,43,32,34,37,20,14,21,11,46,37,32,40,40,29,13,14,38,29,13,41,38,35,25,31,48,33,12,18,23,26,42,20,43,36,26,45,45,17,35,41,10,36,36,37,43,33,26,12,20,47,34,30,22,26,40,42,37,19,11,46,44,23,20,12,38,24,44,40,46,12,33,45,23,20,17,48,25,26,42,23,35,12,24,45,43,17,23,49,28,26,16,29,50,28,43,43,17,18,24,50,42,30,11,46,45,32,24,49,47,13,45,42,15,37,17,42,44,32,11,47,30,22,14,18,35,14,12,32,12,20,27,19,11,19,42,35,18,28,30,40,18,38,45,47,33,30,38,24,35,48,29,25,24,24,15,48,24,33,26,31,17,31,24,40,21,37,40,46,26,34,20,33,28,38,14,25,12,34,13,21,21,39,32,32,42,39,49,38,31,45,50,10,26,17,14,31,11,21,47,18,25,45,26,26,40,36,19,23,44,46,22,12,33,40,34,14,47,23,47,17,23,21,29,21,14,31,39,20,18,21,20,26,20,15,31,50,25,37,27,20,23,17,30,29,15,24,12,32,38,34
26,32,40,44,23,29,22,43,19,30,45,47,31,46,22,18,27,12,17,27,29,20,13,16,24,47,34,13,42,19,40,30,26,30,50,49,20,19,28,38,47,32,11,10,39,16,16,42,22,37,48,43,18,38,29,22,34,13,14,50,49,15,18,42,29,14,46,37,49,36,27,48,17,28,16,14,41,30,30,24,37,27,36,19,14,13,32,48,10,35,24,44,38,35,21,43,13,27,17,25,43,41,27,38,29,47,48,25,31,46,10,21,22,35,46,42,14,40,32,33,44,26,25,26,44,43,50,37,15,35,47,30,43,28,43,28,35,33,13,47,48,27,15,13,18,13,38,39,42,23,23,37,32,12,32,25,46,18,18,23,42,30,12,33,22,48,36,15,10,31,10,13,10,30,50,35,24,10,33,19,36,42,14,46,27,10,21,21,16,27,12,32,19,40,19,17,47,19,17,27,34,20,34,12,35,13,21,27,35,36,31,40,47,48,22,35,25,27,37,39,15,23,36,13,37,31,28,41,16,11,17,27,42,42,20,15,18,37,25,37,35,43,35,19,22,16,29,23,16,49,42,40,47,32,45,29,34,41,17,10,31,32,10,28,28,14,11,27,11,39,44,33,29,47,34,29,22,49,24,18,22,46,17,18,43,34,31,22,39,24,16,38,46,43,32,47,44,10,44,46
38,31,49,38,16,23,32,19,24,22,34,40,43,44,21,13,35,49,28,37,42,22,33,32,38,15,42,16,28,48,42,49,15,25,21,48,27,22,48,10,44,43,41,35,21,22,21,31,34,42,11,40,34,44,12,39,41,15,36,49,38,18,11,28,22,35,29,38,47,22,13,35,19,22,11,12,29,37,30,35,44,38,40,41,23,50,49,37,20,28,47,14,32,41,40,20,36,40,18,33,38,15,34,33,40,21,27,40,33,41,12,48,37,24,17,30,23,37,13,16,18,31,42,42,11,41,33,48,12,48,13,13,44,44,30,46,10,40,47,43,45,45,14,31,18,21,29,29,36,22,27,42,27,16,42,41,18,11,38,49,17,47,49,35,37,30,35,39,17,46,13,34,39,31,42,18,35,44,30,29,46,44,44,46,17,14,24,33,28,32,15,40,33,34,35,36,13,18,45,27,44,50,39,13,26,45,35,27,12,24,27,11,23,21,42,24,47,36,34,15,18,11,43,38,29,38,30,21,36,39,37,13,14,39,29,50,41,16,36,11,48,20,47,17,23,35,17,48,20,26,25,36,22,45,28,19,14,23,28,35,16,50,24,41,30,10,41,22,43,32,38,22,36,39,18,31,39,43,21,42,49,22,18,24,14,16,24,28,49,18,15,34,19,31,46,37,26,49,48,35
27,40,24,11,37,43,36,23,44,31,11,16,35,35,47,19,43,20,49,30,16,26,38,10,11,11,37,24,47,25,13,46,41,30,22,46,18,18,26,48,46,14,47,23,38,21,29,17,11,12,30,21,49,48,36,24,12,20,11,26,14,22,38,23,10,26,38,43,29,50,38,12,23,25,40,18,12,40,47,22,38,27,32,15,11,26,14,26,49,29,13,29,40,32,33,42,20,23,34,31,38,31,39,12,41,27,44,21,20,31,47,22,45,42,25,30,27,28,26,15,28,20,27,35,28,19,23,38,39,28,48,20,30,30,23,13,31,47,37,50,31,17,22,35,16,34,27,48,46,43,36,37,11,40,46,41,44,11,29,40,13,11,47,36,40,11,43,11,28,45,13,26,13,39,24,50,17,40,45,27,21,37,44,39,47,49,26,43,18,39,18,36,43,34,35,33,13,43,47,21,42,32,12,46,30,25,27,50,31,34,15,43,15,15,35,48,31,27,14,33,38,48,10,49,42,40,33,25,23,17,12,23,23,15,36,21,24,46,42,38,30,46,41,20,34,40,16,29,11,13,23,41,17,19,18,43,16,39,33,30,36,45,38,34,45,50,43,49,13,47,13,39,44,21,36,50,43,27,22,44,14,21,14,41,45,15,35,31,17,23,33,47,23,38,26,37,23,40,31,39
17,20,48,21,24,43,18,22,43,36,13,47,39,34,43,47,20,37,25,27,12,24,16,28,17,35,40,47,37,36,23,29,39,37,39,18,19,35,22,25,20,40,39,17,20,43,50,33,39,39,23,26,50,12,47,27,31,10,19,47,14,50,48,46,43,42,12,26,50,36,29,22,17,40,14,20,40,32,29,26,42,37,47,25,15,23,31,31,12,33,40,20,19,11,43,14,29,45,17,45,26,36,40,20,48,27,20,20,41,38,21,16,40,49,25,20,20,47,27,45,35,37,34,20,49,39,31,17,38,32,44,27,48,18,43,49,42,17,22,45,20,23,18,33,49,27,22,12,47,44,43,41,13,14,26,45,14,15,24,47,16,49,50,42,15,34,36,15,27,44,23,19,27,40,34,27,31,27,29,38,36,20,49,38,30,25,25,21,46,39,30,30,47,13,41,46,24,27,40,29,13,32,35,11,30,15,19,26,43,35,44,21,29,23,40,48,41,31,21,27,41,21,14,43,47,30,50,23,43,40,16,40,30,20,46,18,46,45,18,12,48,11,23,24,31,25,16,45,31,48,15,24,27,45,13,40,15,11,25,27,40,46,23,16,39,25,20,26,32,25,50,27,19,17,32,20,16,25,15,41,28,37,26,43,37,41,34,49,19,48,46,40,37,33,27,14,31,23,34,45
15,40,37,43,35,45,11,30,12,39,49,20,17,48,39,24,21,45,10,49,27,14,36,21,15,42,34,47,25,35,43,28,31,31,35,17,12,47,29,29,21,12,30,12,22,46,45,15,44,32,18,27,31,19,25,46,24,45,25,18,47,47,23,36,48,42,43,47,25,13,20,31,26,36,13,36,46,20,39,33,29,19,46,11,16,44,42,35,19,17,40,20,45,49,19,40,40,45,40,49,24,17,21,21,22,11,15,46,34,30,36,33,17,33,26,20,49,43,17,17,15,29,45,28,12,40,13,49,16,12,22,19,45,11,36,26,26,30,32,36,13,12,23,19,45,26,45,49,28,45,22,24,31,19,11,23,47,45,27,24,20,35,36,33,41,49,26,28,49,17,26,37,21,15,37,38,28,23,24,42,19,44,43,16,17,45,36,39,38,13,48,38,31,11,24,33,33,28,33,27,14,45,45,31,20,17,49,10,47,21,27,30,48,16,36,31,43,34,47,44,16,36,41,31,13,24,12,44,14,38,26,16,14,15,41,45,44,15,42,36,27,40,29,50,20,30,13,16,25,10,25,19,44,31,23,15,16,43,36,32,34,37,31,14,15,23,23,36,26,10,50,42,24,18,17,46,25,12,21,28,37,46,18,40,28,44,15,26,22,18,24,24,31,26,12,44,18,45,21,44
48,13,49,20,33,22,34,11,21,11,46,26,20,30,22,49,12,23,39,32,25,41,11,13,31,31,41,25,15,12,47,44,25,26,24,42,37,26,35,36,28,12,13,44,24,28,19,14,26,45,25,47,17,46,16,45,24,41,25,26,31,42,43,40,32,29,43,15,34,28,17,39,11,27,48,27,48,39,47,37,31,16,14,35,46,23,16,20,27,25,38,38,18,43,41,19,34,43,17,28,39,35,41,33,42,40,19,27,41,16,22,18,33,12,22,48,42,49,35,31,45,41,34,26,33,45,25,25,44,38,46,40,44,14,39,37,36,37,23,36,16,15,42,17,34,29,40,23,11,44,28,17,11,18,50,22,24,27,38,42,16,42,48,47,33,45,35,23,24,41,49,24,12,13,36,34,22,31,20,16,32,23,16,36,19,27,41,20,37,32,47,16,49,17,39,36,15,26,36,46,45,28,29,39,21,32,20,44,42,43,19,16,41,37,49,20,19,49,45,37,42,33,30,42,21,44,18,50,23,47,32,18,39,28,26,15,36,24,18,34,10,40,22,33,26,16,41,23,35,11,19,41,21,20,47,32,26,29,17,37,48,12,26,33,33,11,28,37,48,50,20,44,14,16,16,17,17,33,27,39,46,44,43,17,18,19,17,36,10,18,49,28,46,10,43,16,28,29,20,30
47,26,32,38,32,26,37,16,46,26,37,11,32,12,18,50,30,30,40,42,49,30,23,37,30,44,17,19,32,43,47,46,30,34,45,21,11,48,23,15,12,29,44,26,33,19,10,43,19,13,31,13,40,13,26,49,38,25,13,15,46,20,29,12,23,36,15,22,15,19,32,12,32,31,36,36,12,33,45,35,44,29,29,42,33,45,15,20,49,38,50,27,48,49,15,30,25,20,49,23,48,41,36,20,20,39,41,37,17,35,39,23,41,41,35,30,44,19,41,11,11,44,28,46,50,11,16,24,41,46,46,25,34,26,29,34,40,42,49,43,11,14,21,39,26,24,10,36,19,50,32,24,44,24,34,12,40,40,29,17,11,13,44,41,10,43,31,41,32,35,41,25,11,26,35,45,26,46,17,11,14,10,48,45,45,47,48,42,44,18,45,36,37,31,14,38,26,17,42,11,18,42,36,40,27,36,21,40,19,38,14,36,48,25,13,32,35,38,38,33,50,30,13,45,24,44,40,20,30,43,12,37,31,37,39,27,16,39,19,45,49,46,36,18,40,28,44,39,32,14,21,18,14,43,17,27,24,34,27,41,14,13,43,46,38,28,17,19,19,25,11,35,37,33,24,32,18,32,49,30,14,45,27,49,31,41,19,16,45,15,11,14,50,31,28,14,30,39,43,31
34,21,28,17,29,31,21,48,16,30,30,48,18,39,31,28,44,20,39,39,35,24,37,35,49,38,32,27,15,36,30,14,19,33,33,14,29,42,24,40,19,25,45,41,32,13,31,38,30,45,33,42,46,12,37,21,18,20,28,36,28,19,27,36,32,30,12,39,39,41,34,43,32,49,18,43,35,39,45,24,16,16,16,15,28,13,22,37,21,28,27,30,22,45,14,45,17,31,19,47,16,48,17,24,37,40,31,27,48,33,25,19,18,11,37,45,36,48,33,34,36,50,42,14,43,18,44,44,44,47,13,16,37,15,48,41,50,44,33,42,50,44,16,24,23,12,28,27,10,49,24,50,11,31,38,32,48,41,21,24,47,25,26,44,49,36,30,38,43,21,41,43,26,12,49,42,27,31,37,20,16,16,29,49,22,38,35,48,34,17,15,13,44,17,25,46,29,15,35,48,42,43,42,27,34,39,36,43,21,28,39,36,47,46,31,29,32,20,43,48,18,25,47,28,31,20,28,35,42,32,25,12,23,17,36,36,12,18,26,22,31,13,49,34,41,36,36,48,32,20,35,40,18,46,29,26,28,38,33,31,19,28,24,30,31,16,25,15,14,25,48,10,20,21,24,13,18,22,23,29,48,11,27,47,41,27,48,46,13,44,48,10,41,49,47,11,38,28,27,31
23,37,25,46,33,37,27,27,10,19,30,43,16,35,37,30,11,23,25,22,17,36,43,29,43,33,44,38,34,18,22,43,41,13,10,20,49,45,34,14,19,43,24,43,36,43,44,15,34,34,27,40,20,23,29,47,16,39,47,39,43,43,29,35,14,13,40,50,26,12,30,26,49,12,47,47,37,33,12,16,42,27,44,25,24,18,30,20,33,43,24,45,40,42,16,13,44,40,25,34,14,19,13,49,16,24,18,30,14,46,19,15,49,12,27,45,15,25,21,44,43,24,40,35,44,24,19,44,13,25,21,24,26,25,49,18,28,46,44,47,14,31,17,35,44,17,16,13,29,26,15,17,26,50,36,43,20,24,21,43,40,14,42,43,47,48,26,25,18,17,11,20,43,22,41,42,20,42,47,43,29,48,30,17,42,37,14,20,44,29,47,50,14,35,37,20,16,25,46,39,19,42,11,31,28,33,26,48,43,27,44,23,18,43,13,43,48,15,34,19,42,19,23,26,12,19,11,17,40,20,31,27,49,38,35,19,20,48,29,20,36,36,26,41,33,35,30,46,43,32,45,38,27,15,42,13,46,49,24,37,36,46,48,12,48,34,34,40,31,41,19,31,16,24,14,43,38,26,28,39,31,32,31,45,49,25,40,46,27,46,44,42,45,19,41,48,28,13,25,27
22,34,40,45,43,23,21,34,24,15,32,48,17,42,43,39,33,20,50,17,26,28,50,43,39,42,20,27,11,13,10,18,18,22,48,37,31,20,20,43,30,20,29,44,46,40,21,11,11,19,19,14,37,22,49,44,34,31,40,20,13,12,34,49,22,21,26,25,24,21,31,43,30,18,35,27,18,18,49,41,30,40,45,42,45,23,42,11,31,18,45,14,16,42,44,25,32,36,38,23,25,19,39,13,28,12,34,48,49,45,42,43,32,42,39,19,13,23,32,35,11,49,37,24,23,26,50,11,47,45,40,28,14,18,20,45,29,25,13,34,26,22,26,33,15,37,45,20,36,39,31,25,19,46,11,18,25,20,35,31,16,34,18,40,50,30,13,18,28,44,47,45,13,16,10,49,47,13,19,29,47,27,20,13,22,13,10,21,49,48,42,31,22,11,43,19,26,19,27,50,45,24,23,16,41,15,12,41,15,25,20,10,28,22,42,19,32,14,42,42,29,42,20,31,21,16,24,22,47,15,26,18,47,18,13,11,19,25,21,23,15,22,46,30,24,36,27,24,42,34,11,31,19,31,14,38,41,44,35,33,25,26,29,14,41,12,47,29,24,30,46,19,15,16,13,34,35,49,40,37,50,38,15,27,37,20,13,22,15,38,37,44,48,20,32,15,36,24,25,48
38,13,22,29,21,37,41,13,11,33,14,43,22,10,29,26,22,46,34,21,36,33,18,33,50,25,38,43,20,49,46,47,18,48,21,21,22,24,32,25,33,13,18,31,30,22,46,50,30,40,49,31,23,27,47,37,40,25,40,38,37,22,12,17,29,21,16,29,44,15,19,17,21,30,47,47,15,48,35,49,47,22,38,39,23,11,18,36,16,24,44,37,34,23,30,22,34,24,45,34,40,45,42,44,39,48,40,31,24,17,24,36,47,37,23,47,11,43,49,15,38,41,18,28,16,12,30,19,14,16,45,41,31,27,22,36,20,11,48,10,21,22,15,21,12,31,30,18,50,38,13,39,46,39,23,11,16,29,14,42,31,33,20,33,16,24,35,41,34,42,42,33,30,34,25,47,22,21,38,42,11,26,28,31,42,19,22,17,37,13,22,33,26,27,43,18,26,32,11,29,40,30,17,15,36,14,10,17,44,43,16,22,47,17,28,30,40,50,20,29,36,22,23,35,50,17,38,46,15,34,31,18,38,28,38,19,47,15,10,11,45,20,33,13,19,43,22,34,23,33,46,19,18,48,26,41,22,19,30,19,46,20,47,10,47,49,33,31,10,12,27,41,32,31,47,48,41,33,44,26,31,38,22,45,50,41,26,34,45,23,32,18,15,32,33,37,34,22,15,32
45,42,36,27,39,45,14,19,39,49,37,41,29,11,46,15,46,33,39,39,24,46,10,16,47,30,34,13,18,39,39,24,19,48,21,15,14,19,13,30,19,12,40,29,28,24,31,23,41,21,21,22,10,16,16,23,10,15,40,24,21,21,11,46,33,22,25,41,21,40,45,45,43,33,25,14,21,38,44,16,14,49,48,37,46,31,27,12,29,40,18,17,44,17,40,26,43,16,46,49,38,19,29,11,18,10,11,18,27,43,15,27,49,20,27,19,13,24,48,39,40,41,45,30,42,39,21,17,26,13,35,39,24,21,11,33,47,17,11,35,27,49,47,41,42,35,48,41,32,40,13,34,16,21,42,27,16,31,12,14,37,44,28,47,44,46,36,36,48,47,42,18,15,15,35,21,43,43,20,41,34,29,33,17,46,46,33,29,43,22,27,18,41,23,34,36,11,17,49,38,41,31,42,21,44,17,29,33,14,41,41,29,30,22,22,47,37,18,41,20,29,40,27,28,38,46,25,32,41,33,12,49,17,25,30,15,42,38,20,19,24,11,14,49,12,37,41,31,10,48,13,36,50,17,46,42,27,46,42,25,12,34,42,38,44,19,16,29,17,10,40,14,22,20,22,40,23,22,47,48,46,25,20,27,26,15,48,44,18,35,45,43,18,25,18,19,47,47,32,41
16,39,14,44,17,25,18,48,46,23,15,13,29,47,22,28,11,47,19,46,12,12,45,22,22,45,45,34,23,16,25,14,37,35,41,32,21,19,33,41,17,14,34,48,40,28,21,16,13,40,40,17,44,45,43,43,18,27,37,16,26,43,26,21,34,28,18,44,49,19,16,42,46,15,35,18,35,32,14,12,11,29,17,50,31,31,27,46,45,33,18,29,45,16,46,12,48,34,11,40,45,29,39,40,41,36,20,17,41,19,14,15,27,43,20,24,15,29,32,41,47,22,25,31,48,22,41,22,46,17,47,13,37,30,22,24,45,40,16,14,39,48,32,35,41,24,25,33,23,41,27,28,31,44,40,38,32,28,39,22,11,35,39,43,48,11,12,13,18,48,40,19,48,23,43,30,49,20,40,12,33,19,14,14,16,32,50,24,34,44,41,42,31,45,41,37,27,32,47,10,32,18,20,18,24,40,36,39,28,30,29,22,47,25,38,30,34,30,21,47,26,35,26,42,48,21,20,22,35,33,50,27,47,50,26,38,42,38,43,42,26,23,41,14,28,19,29,15,32,44,38,38,45,17,17,14,21,29,17,25,49,24,17,35,45,34,31,38,17,45,16,44,45,38,44,44,48,22,28,15,43,13,19,14,17,32,30,23,33,49,33,46,11,21,17,24,31,30,16,28
