The number of jobs:
800

The number of machines:
10


The power of each machine at differnt speed levers:

(where rows denote machines: 1 to 10 and columns denote speeds levels: v1 to v4)


12,21,36,44
18,28,38,45
11,29,38,45
16,30,37,45
12,26,34,45
20,29,38,45
9,18,32,44
17,23,31,39
16,24,30,38
17,29,36,43

The basic processing time of jobs processed on different machines:
(where rows denote machines: 1 to 10 and columns denote jobs: 1 to 800)
31,50,47,34,49,32,43,49,26,15,49,38,15,16,22,21,31,26,23,16,45,34,46,14,41,45,37,33,32,14,20,26,19,44,42,36,35,40,44,39,27,48,39,18,22,38,46,37,19,46,45,30,38,29,27,43,15,11,16,27,18,26,48,17,26,45,28,40,42,50,47,16,12,31,10,37,28,47,41,22,37,49,43,35,21,24,17,14,38,48,22,11,32,16,14,40,12,16,43,16,13,29,48,17,14,25,15,20,37,49,44,20,13,17,26,24,49,28,22,26,21,49,18,30,34,11,33,22,34,43,10,42,12,36,37,30,35,24,43,18,25,30,11,46,42,25,15,22,15,44,28,38,10,42,20,11,25,11,30,36,27,13,32,29,32,16,29,30,34,21,35,34,17,45,46,11,20,23,28,47,24,44,46,11,22,46,36,16,47,47,43,17,48,26,37,12,49,32,35,22,48,23,16,42,20,43,11,35,40,14,41,40,16,15,29,16,10,50,40,23,27,15,11,34,13,34,10,47,36,39,43,30,23,23,40,47,20,35,10,13,23,12,37,39,28,43,41,38,37,43,20,11,45,23,23,41,13,20,16,45,42,15,40,10,14,42,18,31,43,49,27,45,27,27,18,33,42,12,38,19,50,11,34,13,35,32,17,44,26,11,43,35,21,12,46,45,31,15,47,24,26,13,11,30,39,24,21,50,14,29,49,21,16,41,20,29,38,26,44,33,26,43,14,18,25,47,25,23,14,17,26,27,29,21,27,33,36,27,39,31,48,17,39,44,49,41,17,32,38,25,17,16,37,36,13,41,46,40,43,20,48,33,45,28,49,46,39,17,49,17,43,45,29,48,49,29,40,14,38,29,38,17,39,26,25,39,34,44,29,41,11,49,44,26,18,48,36,17,40,26,16,21,19,44,15,28,21,37,12,50,19,43,33,33,29,29,19,18,40,40,25,16,36,34,28,32,46,17,32,45,12,27,46,26,43,43,41,29,18,44,50,44,11,40,24,18,44,23,10,35,12,45,43,28,49,14,30,31,30,18,37,47,21,16,45,20,35,28,24,10,11,41,30,48,49,15,45,33,36,45,31,12,43,32,33,16,42,43,19,48,16,13,45,35,11,32,23,43,50,20,19,19,44,49,28,26,10,32,23,24,46,31,23,22,27,44,50,37,21,16,48,32,29,11,40,40,45,19,42,28,35,36,44,20,23,47,43,48,48,20,43,24,21,27,29,31,40,47,14,47,34,40,13,10,48,16,19,25,39,39,20,13,29,44,14,50,37,22,41,22,48,22,15,20,49,48,35,10,10,14,23,11,24,23,26,37,21,47,29,45,43,11,21,38,50,12,44,29,28,39,12,16,20,48,43,24,23,22,22,34,15,18,19,33,23,15,49,40,27,42,18,28,20,31,10,16,14,14,27,24,41,13,18,42,27,19,39,41,50,32,22,38,17,45,15,16,34,43,50,23,41,34,37,17,24,29,26,11,35,25,26,23,25,41,45,32,24,46,36,22,34,23,23,27,12,34,32,36,13,28,22,38,40,14,29,32,39,32,40,27,49,36,10,13,17,12,21,29,46,10,39,46,50,20,37,17,44,26,35,33,21,22,24,40,34,47,16,14,26,36,41,45,38,22,32,10,23,38,40,17,31,30,37,10,12,17,29,10,38,21,41,47,35,17,32,19,23,42,18,32,36,49,25,31,20,12,40,26,12,38,24,16,18,45,45,41,29,21,32,40,44,35,45,29,18,40,46,11,12,39,48,37,43,21,45,47,47,12,23,33,41,22,27,26,15,35,47,47,37,16
32,50,50,48,33,13,27,14,34,26,43,30,42,15,32,39,49,32,31,11,43,18,32,18,32,31,31,35,48,33,33,12,50,43,39,45,23,48,38,37,28,23,38,48,47,37,19,15,36,20,27,12,48,34,26,47,12,47,32,44,44,14,50,42,18,41,29,30,30,10,28,47,11,24,23,15,17,40,24,22,35,15,47,33,21,21,33,29,43,16,22,26,21,32,27,23,35,41,47,37,11,47,14,28,33,23,42,15,11,10,22,22,29,19,19,22,44,33,39,39,30,44,50,17,34,25,48,45,30,14,15,36,45,34,31,47,43,30,44,21,34,30,28,21,39,40,22,22,32,49,13,22,21,31,12,38,44,48,19,37,16,49,50,27,16,19,22,21,17,17,17,14,36,33,41,24,16,19,19,38,21,49,20,16,48,31,26,40,22,45,26,35,49,40,30,20,49,30,32,32,16,50,34,26,24,18,38,35,31,14,27,16,36,23,23,36,35,47,24,13,20,37,28,24,49,47,22,42,27,17,25,46,42,18,35,23,49,23,33,15,31,31,26,17,33,39,11,44,44,35,43,40,32,27,41,34,25,11,49,43,28,27,28,29,24,12,33,25,13,49,48,35,24,13,40,42,14,40,20,33,25,38,29,14,20,30,31,14,35,42,21,18,30,22,30,25,19,20,13,11,29,49,36,36,35,43,40,28,41,27,42,44,50,48,46,24,26,39,24,16,11,11,47,19,47,42,50,40,13,35,22,21,15,28,36,17,13,40,29,45,21,29,49,39,23,14,14,48,22,21,13,39,31,39,29,28,22,35,38,26,43,29,26,20,28,11,44,22,44,35,13,44,45,21,26,33,30,14,17,40,44,11,21,46,13,16,23,28,26,23,13,11,30,20,18,41,21,25,28,29,33,25,17,39,25,40,12,27,40,31,33,43,47,28,18,50,50,20,20,12,34,16,44,25,47,21,29,45,19,34,23,46,32,43,12,47,33,37,41,25,49,36,11,30,25,29,13,23,50,24,10,31,32,24,42,30,42,47,28,14,15,30,39,10,20,49,45,16,47,49,35,43,50,25,30,25,42,28,43,34,27,43,17,25,44,34,24,45,23,37,31,10,40,27,11,12,27,41,31,32,49,22,38,40,17,13,45,36,34,25,14,26,31,25,11,48,47,37,29,42,38,28,35,47,29,24,20,18,34,34,16,21,38,32,26,37,19,48,35,30,11,13,40,19,43,25,49,38,24,24,27,33,44,29,30,49,36,37,24,29,34,46,24,48,29,26,44,31,25,48,18,24,14,17,43,45,46,33,29,24,44,18,23,40,23,33,18,34,35,12,33,38,47,16,13,44,28,33,24,48,47,24,26,15,37,12,21,19,14,37,14,20,15,33,34,10,40,23,16,15,11,28,17,47,18,29,36,31,35,21,13,27,14,16,42,17,42,24,45,46,30,36,31,35,37,36,45,16,44,22,17,49,13,43,33,18,12,40,23,14,45,33,36,31,17,18,27,46,40,17,35,40,15,15,23,39,45,12,19,39,19,49,10,48,48,30,35,34,45,37,34,36,42,19,10,40,47,39,33,27,38,25,14,43,30,17,37,42,14,20,24,26,22,49,13,18,40,36,37,32,23,43,30,28,20,36,16,31,26,35,14,35,27,44,29,14,11,23,16,30,45,15,32,46,18,32,16,49,26,15,23,33,16,38,46,20,29,49,40,33,33,15,45,35,26,50,29,42,45,39,19,38,16,43,49,49,14,48,40,30,50,48,20,41,48,45,31,43,10,45,42,30,23,23,46,23,43,13,25,48
18,44,14,24,16,36,11,31,31,14,17,29,23,32,38,47,42,27,13,38,11,41,45,29,31,38,21,31,34,43,34,10,19,36,29,28,18,38,34,47,40,36,36,16,21,44,29,16,44,13,34,27,24,33,27,49,27,38,32,18,20,19,22,17,32,13,43,26,40,21,11,33,21,47,46,26,31,34,31,24,42,12,39,35,46,14,31,29,49,36,38,33,11,19,28,10,37,47,17,27,39,24,15,25,17,41,36,13,20,24,19,13,44,24,30,17,38,23,29,37,24,17,32,29,46,20,23,33,32,13,41,17,15,43,14,18,42,14,18,45,20,15,33,28,31,31,23,22,31,36,30,11,19,48,12,42,39,18,10,44,28,15,46,44,28,45,27,44,47,29,30,14,32,44,33,14,40,18,25,12,12,21,14,45,12,30,31,21,31,13,42,16,14,20,22,18,39,34,39,19,16,29,20,41,17,36,11,29,22,44,44,48,39,22,45,17,11,16,33,47,32,33,45,38,33,23,32,50,13,36,29,39,48,41,37,23,45,33,35,14,50,23,23,16,38,12,37,38,33,23,30,45,44,14,16,24,35,43,11,45,49,37,39,15,17,49,11,45,11,48,41,32,33,31,35,24,25,15,37,23,25,34,14,33,24,14,27,46,11,28,18,49,32,47,44,28,45,20,19,16,31,21,43,16,10,45,30,45,11,45,45,47,25,33,25,13,49,16,35,30,30,15,44,45,23,46,39,28,19,49,13,46,49,42,28,31,46,36,29,15,49,31,33,19,27,13,32,43,46,23,11,39,33,29,21,12,14,48,26,36,37,27,31,46,24,25,13,42,20,24,26,27,25,15,50,26,20,39,38,18,49,23,50,25,11,12,36,25,34,40,25,25,46,33,26,14,17,29,46,29,30,50,39,49,33,46,16,47,16,29,27,47,47,35,24,35,31,45,28,27,45,46,34,24,31,24,34,29,21,41,42,44,22,15,38,19,24,47,10,41,14,39,46,34,48,48,32,13,34,42,17,41,16,40,13,26,18,29,13,42,26,33,26,37,38,18,47,23,14,42,33,32,33,39,32,35,48,15,39,34,46,18,46,31,33,25,33,31,40,45,13,42,21,42,27,20,32,31,27,20,40,19,28,16,28,39,44,30,47,26,18,20,17,38,27,13,37,34,41,47,15,38,49,16,24,41,47,10,36,21,43,30,11,30,34,41,33,47,33,27,21,41,14,38,39,40,23,25,47,32,36,38,47,31,17,21,20,12,26,21,40,49,33,24,16,17,47,23,44,31,18,13,30,18,38,44,27,30,30,43,35,16,26,26,16,12,13,30,47,20,16,23,45,49,47,22,46,39,28,20,18,19,27,24,34,30,19,26,49,32,18,24,31,44,40,47,44,37,45,41,42,39,27,44,42,30,49,20,49,15,49,12,41,47,16,35,26,36,25,35,48,19,48,13,45,26,23,17,26,26,46,20,26,46,34,21,39,49,24,39,20,26,35,12,24,31,14,21,33,12,45,11,42,27,27,33,12,13,26,12,20,40,13,23,21,40,25,48,12,33,27,15,32,45,19,39,29,45,20,41,29,34,33,21,20,21,11,37,41,25,42,15,38,20,43,18,49,11,50,49,47,34,13,34,19,43,37,46,33,28,34,14,27,27,31,35,39,45,24,24,31,43,48,15,15,29,35,26,32,30,50,25,12,19,33,47,26,22,13,11,23,17,19,17,46,13,20,17,45,48,23,10,26,33,21,17,12,38,26,16,30,22,38,41,19,28,21,39,42,48,35,31,47,10,45,21,36,33,28,26
30,47,13,27,47,28,33,22,24,30,33,23,20,22,42,15,47,28,43,29,48,26,18,31,13,26,29,46,31,24,41,11,33,20,49,39,16,18,40,29,49,46,11,49,35,39,27,37,21,17,18,28,29,37,38,25,41,13,13,28,28,36,19,22,21,33,33,33,45,33,29,26,13,14,12,28,12,10,49,45,11,18,23,43,29,47,25,18,14,19,35,18,12,32,23,32,32,28,17,14,11,32,37,17,35,15,32,32,43,41,15,32,41,23,31,41,35,16,23,18,24,29,38,10,13,25,15,32,32,34,10,37,39,40,43,35,29,25,21,32,34,49,25,44,16,45,25,22,41,22,39,50,30,44,47,23,17,24,39,24,19,49,37,19,14,50,43,29,50,15,17,34,24,41,28,16,31,27,43,49,10,17,48,37,34,14,43,27,16,50,25,50,11,23,31,22,24,14,22,41,33,35,50,49,46,28,50,45,12,38,26,47,44,30,41,39,40,39,22,50,19,29,27,38,14,43,19,31,30,15,27,29,34,18,32,14,18,44,33,41,19,30,38,44,31,32,33,10,13,23,19,23,38,49,28,46,17,38,14,38,28,25,41,47,15,30,18,27,11,34,21,26,38,28,35,49,29,17,33,41,15,29,44,29,30,35,25,11,16,44,30,14,18,11,40,47,40,42,13,14,43,27,38,32,20,36,27,11,35,20,39,39,30,46,43,17,35,48,22,24,36,36,23,39,33,35,36,31,34,43,44,35,11,33,12,10,31,20,31,26,41,11,31,33,15,42,24,48,41,43,11,47,19,18,15,38,38,27,25,42,37,13,35,29,47,27,37,33,33,21,44,14,25,44,30,39,27,34,45,42,47,43,21,23,20,27,38,13,41,46,21,28,20,48,37,47,17,44,47,15,49,32,14,24,49,18,49,43,32,37,33,38,21,12,45,10,32,36,14,47,12,28,16,37,21,23,37,47,13,35,37,18,26,43,37,40,30,18,47,11,21,42,48,11,12,18,47,48,45,34,47,18,18,16,11,41,48,45,26,27,24,21,20,29,23,25,21,21,27,21,13,37,27,44,24,13,24,50,48,16,11,39,14,35,37,43,48,30,48,39,36,38,35,28,12,13,18,21,29,43,27,23,40,15,42,40,26,39,12,12,39,46,38,34,22,14,48,25,20,36,38,14,41,44,46,24,28,42,46,14,32,38,26,15,33,15,29,47,25,33,34,21,23,18,25,38,45,22,37,31,28,33,26,49,11,49,31,12,47,26,31,13,24,17,40,47,21,11,25,29,34,30,47,39,27,30,37,33,16,12,33,38,40,18,14,42,27,41,11,47,25,17,16,14,16,35,29,42,31,34,35,37,32,24,25,42,30,25,38,19,35,15,44,48,50,28,45,14,43,46,46,41,46,21,41,11,26,43,22,44,12,28,38,23,27,40,30,35,13,29,14,15,45,28,20,35,45,22,17,20,29,21,44,43,27,32,42,34,19,49,31,25,43,26,30,25,22,27,18,37,29,38,37,33,43,45,17,24,13,22,21,28,36,18,44,30,43,35,39,13,30,25,18,47,35,27,39,34,24,25,31,39,38,36,15,23,26,33,48,37,45,36,36,21,21,17,38,29,14,46,46,42,19,50,27,39,27,22,47,19,47,37,25,32,10,46,33,12,50,45,46,47,49,33,43,32,24,36,15,33,23,28,30,37,20,17,43,31,24,11,20,22,46,30,31,28,29,37,31,31,36,36,39,16,36,14,17,47,41,42,20,17,32,45,45,41,18,28,26,43,39,32,33,12,27,16,31,42,22,36
29,15,23,36,32,38,14,10,44,33,34,30,34,44,13,20,39,36,41,41,24,37,48,24,39,25,48,48,40,48,32,26,40,17,19,11,32,40,12,50,12,37,18,33,16,27,48,12,26,34,36,25,19,45,18,45,37,40,34,42,28,42,32,29,35,28,13,40,19,32,31,13,36,47,43,14,26,18,15,27,39,24,18,34,37,33,21,46,30,17,18,40,13,12,40,26,10,40,41,19,22,46,44,25,41,49,15,43,11,25,39,28,30,21,39,14,18,37,35,12,30,29,20,15,27,11,32,27,50,13,24,48,16,43,33,44,31,25,21,41,39,42,20,11,25,46,20,42,31,10,47,44,24,18,25,27,13,47,36,40,28,45,45,35,29,23,43,21,31,42,45,21,41,37,23,34,19,41,14,18,36,14,42,38,13,47,47,34,35,19,19,11,49,43,10,49,50,12,48,30,16,10,36,29,14,30,15,20,18,35,34,20,16,26,39,33,36,17,23,10,38,29,39,30,26,26,11,10,26,49,45,41,16,38,34,41,45,20,27,49,44,34,14,48,18,14,30,46,40,41,30,10,36,18,44,27,17,35,47,49,20,19,35,32,38,22,16,43,42,46,35,46,47,24,31,15,22,48,31,32,41,34,47,30,15,40,32,37,49,23,22,42,24,37,45,39,14,12,21,39,38,47,26,33,25,19,36,19,14,49,14,26,20,19,29,28,16,14,40,19,22,14,17,21,35,49,27,46,11,40,36,30,37,32,49,40,45,12,15,42,15,40,40,31,24,29,20,46,22,30,19,14,24,46,31,42,45,44,42,32,14,45,24,18,37,11,14,29,32,33,36,17,37,19,42,11,44,49,17,14,17,17,10,35,39,37,28,32,20,18,44,18,11,10,25,14,13,42,31,18,43,32,20,21,28,38,27,35,17,28,37,26,48,28,28,42,28,32,34,20,42,50,42,27,21,33,30,19,25,28,32,43,13,27,31,46,26,16,46,15,23,37,24,16,28,40,22,18,30,12,17,41,16,47,31,50,43,36,10,20,43,22,21,20,31,49,34,33,13,31,15,32,36,20,44,38,48,44,27,14,18,18,46,19,40,10,22,50,34,32,39,36,43,38,35,22,37,21,34,18,23,41,20,35,31,23,28,19,22,38,39,34,15,44,39,48,43,18,33,32,47,42,33,15,12,23,40,10,31,15,26,32,27,44,41,28,49,14,36,35,12,26,12,17,40,44,46,19,29,43,25,19,37,37,46,49,37,19,21,17,10,13,13,38,36,44,15,14,16,32,42,31,43,20,24,20,42,23,19,37,11,15,46,21,16,25,29,49,13,46,25,36,33,30,33,34,17,13,35,40,43,21,25,37,43,26,36,45,38,41,23,27,48,43,45,28,39,37,13,30,49,39,45,17,36,19,12,47,49,18,17,19,40,32,47,14,47,18,31,49,36,48,29,14,13,21,20,28,15,19,19,30,39,34,20,24,43,13,28,15,17,20,11,16,17,43,36,46,38,46,33,27,22,38,15,18,12,27,49,42,35,16,45,26,10,33,18,38,47,16,30,46,41,37,45,16,40,28,32,20,39,16,19,44,28,35,33,11,14,23,40,17,15,20,10,48,20,22,31,36,29,38,31,27,33,40,13,14,12,43,14,31,42,27,43,42,23,10,37,45,49,32,19,35,35,45,40,26,49,25,48,20,39,38,40,40,14,48,48,36,15,31,32,35,31,27,38,12,26,30,27,36,37,18,34,26,11,15,48,44,45,34,15,44,35,39,15,15,31,40,13,50,44,20,31,36,30,36,13,49
36,20,37,31,17,29,41,28,33,23,46,13,12,35,38,22,50,27,48,19,13,36,46,42,30,41,16,13,19,23,29,34,33,13,29,36,36,33,36,35,38,38,44,29,37,37,37,30,17,18,17,43,19,35,11,28,18,31,14,32,36,30,26,42,41,18,44,29,49,36,31,26,35,37,22,14,35,35,11,20,17,19,16,11,14,16,32,14,13,40,34,40,46,27,17,18,42,20,22,50,22,43,34,18,33,40,14,21,30,26,15,20,38,23,15,33,22,45,49,18,49,23,42,28,15,17,34,27,16,20,32,11,47,40,33,25,43,20,10,33,37,42,20,38,37,40,41,48,25,46,32,48,46,30,15,11,16,28,14,26,45,15,40,27,29,49,40,28,42,14,48,36,32,15,32,34,34,29,42,19,43,44,24,48,11,22,27,25,21,19,22,26,30,33,47,48,24,25,15,16,28,16,37,28,13,30,30,41,22,29,11,36,26,38,33,36,27,31,40,22,23,39,30,22,35,41,45,28,12,32,45,38,11,14,37,22,33,31,17,26,28,34,21,43,18,11,26,11,44,39,22,13,32,21,31,23,33,38,23,40,14,35,19,46,21,22,25,19,27,43,22,15,16,12,21,19,14,42,31,36,38,49,29,28,41,14,13,50,48,15,13,12,34,14,43,27,33,35,46,50,19,32,34,18,32,32,31,49,37,50,38,14,30,36,16,35,26,36,19,45,11,49,28,38,20,27,18,26,47,46,27,34,46,15,13,12,21,21,30,11,42,46,49,17,19,36,45,14,47,41,38,49,28,35,16,33,18,11,48,34,26,48,49,12,41,22,18,15,35,31,48,46,33,23,12,11,11,23,26,49,28,50,18,14,35,35,24,45,48,37,49,19,15,49,40,37,16,17,33,12,22,14,43,35,13,46,47,16,45,49,15,46,44,37,30,32,32,49,37,29,35,49,35,44,39,27,14,40,43,25,29,25,45,43,43,31,23,20,32,42,25,41,29,47,28,33,42,14,41,44,33,39,50,23,13,19,29,27,49,31,44,30,20,31,45,43,15,23,27,36,23,18,11,41,11,31,34,41,34,24,17,42,14,25,38,46,16,49,21,32,40,39,23,39,18,22,40,34,38,37,10,21,13,39,15,15,21,49,18,45,32,23,46,18,30,11,23,20,39,49,36,13,28,42,28,46,36,29,37,30,12,41,36,31,35,18,49,39,46,50,13,38,13,39,11,18,47,46,25,36,20,24,25,33,47,23,22,31,24,12,44,46,48,48,45,38,28,47,23,15,18,29,40,22,12,15,44,13,46,28,20,23,35,48,39,32,24,25,29,35,40,40,32,25,29,24,35,15,40,22,12,45,34,12,28,23,33,42,18,35,28,27,28,12,27,22,29,26,28,30,41,45,26,12,50,44,21,45,33,34,21,49,28,30,39,40,22,32,26,29,35,27,25,32,10,23,47,49,36,40,20,37,21,24,26,30,43,42,14,32,31,37,41,47,33,32,27,43,43,24,36,25,35,38,27,44,21,29,24,22,17,38,11,32,24,42,11,29,20,36,31,18,25,48,19,20,33,43,45,17,16,11,36,45,16,17,12,14,48,19,39,36,21,19,42,30,44,21,27,42,13,46,28,31,26,17,27,41,32,20,20,25,37,18,34,50,11,46,27,33,43,29,48,24,11,15,35,41,18,42,19,17,49,32,39,41,31,47,22,24,34,31,21,10,12,16,19,28,26,12,18,16,47,33,19,41,18,11,49,25,41,18,21,20,45,43,50,34,16,28,48,48,43,47,25,48,43,22,43,18
46,46,47,39,44,42,39,45,43,36,49,13,28,33,30,32,12,22,35,30,20,48,24,30,21,15,42,18,47,37,34,33,15,23,18,36,28,33,11,44,22,50,45,12,31,36,25,34,12,16,32,17,45,46,15,20,35,31,48,17,25,36,40,26,37,33,37,49,41,19,42,35,23,26,17,11,13,26,39,22,15,19,40,34,43,39,37,13,13,19,33,34,19,14,31,34,49,40,32,41,47,39,49,30,34,29,41,43,23,38,26,31,40,24,28,33,21,32,13,49,35,10,46,23,30,27,26,49,27,21,21,11,37,24,28,19,17,31,36,41,45,14,38,31,47,23,12,16,13,13,13,28,37,20,34,29,31,11,37,28,17,25,27,21,45,35,22,34,49,27,45,28,35,20,21,40,23,47,11,17,21,49,41,38,38,18,29,12,31,32,28,31,13,36,24,45,49,39,24,42,23,42,36,48,45,30,29,25,37,35,24,45,43,28,24,29,36,17,13,25,24,33,44,16,23,34,28,34,32,26,21,39,32,50,49,20,32,41,29,12,13,28,25,17,40,20,35,40,49,41,40,15,42,50,35,22,43,19,34,19,34,18,36,11,47,26,26,46,33,25,15,16,37,43,44,21,37,21,47,18,24,27,32,40,44,15,23,46,40,14,38,32,37,26,42,27,29,24,20,15,46,25,23,27,10,29,33,22,25,21,16,27,50,23,33,44,35,19,27,24,37,36,16,25,42,50,34,18,37,10,14,19,27,18,23,28,23,48,40,46,46,16,15,49,23,47,39,49,46,35,49,44,46,35,21,34,29,36,37,14,20,18,42,12,27,29,24,33,17,29,39,11,12,30,29,40,33,44,13,28,30,45,39,42,47,16,14,42,16,13,21,40,26,14,10,42,14,13,32,20,46,40,40,20,28,21,45,47,43,21,29,15,22,35,30,18,47,49,29,18,21,14,49,27,27,14,41,22,49,46,46,12,27,48,49,49,15,32,20,32,36,21,49,44,26,28,30,45,40,35,22,16,27,38,24,14,42,34,32,46,13,15,44,39,34,11,11,22,48,17,43,47,30,19,46,23,45,15,43,36,21,45,18,47,18,25,48,10,45,13,24,37,20,37,24,35,49,19,31,12,18,34,21,38,40,25,13,45,19,24,49,21,14,13,48,32,42,27,14,34,19,29,11,20,31,15,41,12,45,24,44,40,15,21,12,28,26,25,12,30,40,22,28,30,11,34,48,34,31,22,25,48,27,46,35,22,23,28,19,27,44,12,38,19,15,45,28,40,32,46,38,27,22,30,11,13,36,12,10,10,30,13,11,15,23,45,48,19,46,21,23,46,38,12,30,18,33,14,32,23,20,15,37,42,17,50,49,45,17,26,34,23,16,42,44,43,17,28,44,34,33,43,41,29,33,36,37,39,21,42,19,19,17,32,29,24,25,21,27,33,49,40,19,24,26,30,10,23,32,28,14,48,35,15,40,29,14,34,41,36,23,15,22,36,43,26,15,47,34,34,42,35,40,36,12,44,34,16,40,31,20,13,20,35,23,17,34,13,14,28,20,35,32,29,29,23,24,35,40,23,28,29,49,24,39,31,29,27,26,20,24,47,47,25,30,33,45,15,17,27,21,18,31,37,30,28,16,27,14,36,20,19,23,10,15,34,21,15,39,21,21,49,37,16,49,37,23,19,32,47,23,28,34,19,40,23,13,23,33,15,42,46,38,11,21,27,17,31,47,12,20,34,32,24,43,28,38,36,19,40,39,36,19,47,20,27,45,49,45,13,11,22,39,19,40,39,24,23,49,32
48,23,28,43,10,18,34,17,20,43,20,28,19,29,48,20,36,33,11,22,12,47,13,12,11,45,49,46,47,35,37,46,17,38,49,24,30,26,34,33,24,18,48,24,35,48,17,41,23,26,45,34,38,20,44,27,27,21,15,37,29,36,12,48,14,33,26,46,12,42,31,16,20,21,48,45,29,49,21,15,10,11,29,43,21,13,24,16,17,40,37,24,31,39,23,43,20,44,12,13,29,15,16,31,33,41,14,40,23,44,24,13,13,22,19,16,12,37,32,16,11,27,44,47,47,13,15,40,43,32,12,35,19,22,25,26,14,35,38,13,32,41,15,38,44,25,29,46,14,20,48,24,35,36,29,20,41,17,33,36,16,26,39,28,47,42,50,46,48,34,17,47,48,39,27,21,33,34,22,14,48,32,20,29,38,40,16,23,31,47,49,46,36,39,15,28,12,14,24,14,22,30,49,28,44,33,14,12,43,17,26,43,15,34,50,11,33,29,39,20,22,21,42,14,20,12,11,40,38,34,27,11,41,32,36,17,49,33,37,20,40,49,23,47,45,19,22,20,17,12,17,23,38,24,12,13,11,12,44,23,49,14,48,47,45,19,26,30,15,30,33,39,49,39,29,21,34,34,27,15,25,12,36,30,18,20,27,29,33,33,44,32,29,19,47,10,31,11,17,40,47,30,48,21,39,11,35,40,49,36,36,20,37,34,18,29,40,45,46,22,40,41,39,17,40,37,45,32,22,22,15,37,24,44,46,30,12,21,31,32,18,12,28,46,48,30,18,43,36,46,31,32,23,36,10,41,17,27,24,32,29,24,48,26,36,45,13,36,41,48,12,46,14,23,20,11,17,22,39,23,11,48,11,28,32,38,24,32,11,37,10,20,13,40,40,40,27,44,38,36,16,18,28,22,31,48,40,27,46,41,25,16,29,14,34,48,13,15,46,46,47,13,13,10,22,38,34,41,11,44,39,47,24,36,34,40,41,44,48,12,13,15,21,47,38,37,14,46,40,28,47,21,28,32,43,37,45,43,49,43,34,12,39,21,16,19,31,28,38,29,32,31,33,45,29,23,29,14,36,16,41,43,32,41,23,12,17,41,41,27,46,11,34,43,37,33,44,17,45,14,30,47,37,46,40,27,21,42,33,39,18,29,39,11,49,38,15,50,13,22,20,13,45,42,47,44,27,46,18,24,47,28,32,25,28,23,35,24,30,11,33,36,17,14,43,40,32,15,37,49,40,30,39,46,29,48,47,36,28,28,10,11,33,47,29,30,30,24,30,48,12,32,25,27,34,33,42,25,12,15,49,20,12,39,35,48,15,45,15,40,35,31,49,41,13,16,44,39,46,29,48,47,16,46,47,26,10,14,10,19,37,48,42,28,45,48,38,34,20,17,15,16,42,12,31,46,23,42,13,18,16,29,40,46,13,19,26,32,32,50,19,35,20,37,45,12,41,20,38,25,39,32,25,36,15,15,20,12,44,34,15,13,31,44,42,38,38,43,49,14,46,39,30,41,11,27,37,50,24,48,36,45,35,46,47,41,13,17,50,47,33,16,20,12,34,40,26,20,15,38,45,25,38,23,34,48,38,30,31,11,35,42,19,16,32,49,39,47,31,25,45,25,24,26,31,45,34,28,18,37,19,31,12,12,34,38,41,30,14,16,22,29,48,35,14,32,11,45,21,29,22,30,37,48,15,16,26,29,36,22,26,17,19,49,37,42,27,38,29,40,46,24,13,30,13,49,50,14,42,35,13,39,11,17,18,11,37,15,40,46,49,13,50,34,32,25,35,13,43,45
20,43,39,13,40,43,26,38,30,13,11,44,23,41,36,36,23,50,17,22,11,25,48,34,16,14,19,24,39,14,28,44,33,25,27,47,13,25,14,34,26,39,26,23,46,43,15,42,34,27,28,13,16,16,33,25,22,28,36,36,44,38,36,44,16,38,32,23,43,16,19,47,12,27,11,30,30,47,26,14,19,21,44,34,13,10,45,39,37,40,20,39,16,47,23,44,39,19,27,29,21,48,42,26,24,13,40,48,13,19,43,13,35,48,33,15,27,22,33,44,18,20,18,25,23,49,18,19,34,40,23,41,44,33,14,21,20,39,31,27,45,38,27,18,35,33,11,16,47,29,35,21,18,41,16,43,39,41,49,40,30,37,26,28,43,42,50,41,21,33,46,14,33,16,43,30,38,38,20,35,12,16,29,27,22,11,11,21,12,38,20,38,26,29,18,19,45,37,27,16,12,14,21,18,25,17,30,41,42,42,31,43,41,48,31,37,29,24,43,45,48,12,24,26,44,17,21,45,12,45,48,22,10,23,30,36,38,28,26,12,15,35,16,22,13,50,25,30,35,16,28,48,23,13,24,27,12,12,12,36,39,19,11,44,18,36,16,46,37,47,44,28,21,40,41,30,28,40,31,26,14,17,12,33,42,42,33,39,30,34,21,38,39,47,41,32,14,24,35,28,37,29,34,40,28,13,48,21,38,44,45,40,44,37,14,33,10,25,22,23,44,24,30,37,26,50,24,23,17,47,23,35,44,40,26,21,44,46,41,47,37,16,16,39,44,33,35,27,30,16,42,33,13,47,23,12,16,49,34,30,28,20,24,22,28,48,25,18,44,21,42,36,50,25,41,26,12,21,13,25,43,30,21,14,29,16,24,49,43,39,12,31,20,12,16,13,20,22,44,23,40,25,18,20,42,30,25,10,35,24,27,23,20,29,34,17,43,50,41,12,17,39,15,27,17,24,21,26,30,26,28,25,14,42,27,34,29,48,46,38,19,21,37,19,44,47,24,23,29,18,28,17,35,19,28,39,20,31,45,41,18,16,47,21,15,35,42,50,23,33,22,49,31,17,39,15,28,27,25,32,28,32,14,24,40,39,48,23,28,18,49,23,30,45,46,11,33,44,14,45,38,16,14,43,37,19,47,19,48,15,39,37,31,27,44,45,22,17,19,10,11,20,15,14,46,12,46,15,22,35,32,27,10,30,28,28,40,32,35,29,25,43,42,34,39,40,23,36,42,44,39,49,42,22,43,27,35,39,49,29,29,39,37,28,15,12,48,16,43,43,38,28,25,19,32,21,45,49,22,44,20,17,12,27,45,34,41,12,26,21,33,45,18,39,14,28,11,32,14,46,30,21,28,47,31,17,27,31,21,33,34,21,38,12,23,22,31,11,15,40,49,50,11,46,27,14,38,12,14,40,48,48,13,38,10,40,34,32,13,30,15,46,23,25,16,11,21,37,28,38,12,46,18,22,10,24,33,24,41,24,19,34,15,11,18,25,23,25,13,42,43,27,38,45,16,44,35,21,46,17,12,49,27,12,13,29,12,30,15,16,42,42,37,22,41,42,27,29,23,45,45,33,26,24,43,42,24,34,22,34,40,35,32,21,46,31,39,27,16,21,46,18,25,18,41,19,37,13,16,47,45,34,23,37,38,45,31,33,30,17,39,35,34,31,20,30,47,38,48,36,49,14,38,28,45,40,47,14,11,36,46,22,27,45,13,40,15,33,49,23,36,37,26,39,37,39,46,32,28,31,34,22,24,21,33,21,46,21,14,33,37,23,32,14,33,37,27,35,34,45
30,13,42,20,25,35,14,16,35,33,29,48,22,28,44,41,29,31,46,47,22,49,24,12,48,15,34,33,19,33,36,11,15,40,38,30,37,14,30,44,31,36,36,40,31,14,13,27,14,44,18,25,20,28,30,47,42,25,40,28,40,34,29,47,44,19,43,25,48,17,38,41,22,36,44,41,41,43,36,14,29,13,15,16,28,11,35,33,37,22,28,31,21,38,13,33,37,33,20,41,30,40,26,33,45,31,35,23,33,18,48,32,13,25,27,31,20,40,26,16,13,42,47,41,27,30,28,24,12,21,40,25,11,32,36,27,12,40,39,32,32,18,33,15,37,27,23,49,39,47,47,16,15,27,41,31,17,19,48,26,18,26,30,17,50,20,34,26,22,12,10,45,41,31,43,24,31,26,14,32,44,48,47,17,39,29,21,22,18,36,33,19,18,20,13,31,50,39,32,40,44,40,16,10,48,18,15,48,37,21,46,49,46,27,43,16,45,41,31,11,28,45,16,46,26,50,38,36,47,40,21,47,16,34,11,20,29,23,42,39,17,36,14,18,37,44,48,48,30,10,44,25,13,22,29,28,10,28,18,14,18,27,45,44,34,16,39,12,42,42,12,19,36,42,28,31,12,11,17,41,47,29,29,40,48,48,26,13,38,45,39,42,27,15,16,46,40,39,11,43,47,37,43,24,35,31,13,46,15,44,32,40,18,24,40,18,27,20,30,47,40,27,45,49,11,41,47,15,45,35,42,15,50,48,20,24,47,26,13,44,12,41,15,49,16,21,13,16,31,34,15,36,46,46,30,31,12,32,20,18,30,19,31,15,23,20,30,20,47,22,41,47,31,24,30,28,41,18,16,44,24,26,37,12,20,29,19,25,26,16,21,23,16,19,10,18,28,18,43,49,17,24,11,18,31,48,18,46,16,20,14,46,35,20,31,49,28,36,43,22,25,37,36,34,33,45,43,34,27,11,17,14,18,16,25,21,24,31,21,46,41,13,16,12,36,44,32,42,46,36,18,25,23,29,15,23,13,44,30,19,22,30,12,37,46,17,23,38,14,12,20,35,26,36,27,49,25,38,15,12,21,31,42,45,41,40,45,31,25,29,10,19,17,42,31,31,46,14,45,46,32,26,46,41,34,48,11,29,14,41,25,33,37,30,23,24,21,39,28,37,31,18,13,12,35,34,27,36,14,44,27,23,19,20,39,38,32,48,40,48,20,30,38,21,39,11,28,37,29,36,35,29,35,49,32,47,43,27,22,27,48,21,36,19,41,42,45,23,11,37,31,28,18,49,36,23,26,28,27,20,22,46,48,14,43,30,44,41,21,11,47,16,29,33,22,14,30,19,22,47,13,50,45,25,37,15,39,49,15,14,19,42,22,27,25,20,13,42,33,45,47,20,45,42,26,20,25,30,31,18,44,26,29,31,48,35,21,46,33,24,18,36,42,12,41,18,42,16,37,28,36,19,16,43,50,16,32,32,49,11,40,41,18,28,20,29,12,22,39,29,32,40,20,35,31,35,26,37,27,41,15,42,40,50,27,10,24,19,29,17,21,28,32,15,32,13,36,46,38,46,34,47,32,37,34,23,18,27,42,49,15,26,16,38,17,46,50,23,29,49,49,12,16,34,46,24,23,24,37,18,28,28,29,24,32,37,19,25,18,29,42,14,38,37,44,18,48,40,35,15,21,38,48,49,26,33,24,36,19,43,33,43,16,35,27,36,46,34,16,23,32,12,19,37,47,12,22,38,20,27,42,37,30,32,45,28,11,11,29,19,38,35,11,26,38,48,27,41,19,22
