The number of jobs:
1000

The number of machines:
30


The power of each machine at differnt speed levers:

(where rows denote machines: 1 to 30 and columns denote speeds levels: v1 to v4)


10,21,36,45
16,24,31,39
15,20,34,45
11,18,24,41
8,15,24,38
7,18,36,43
13,24,30,44
16,26,35,43
11,21,38,45
5,8,11,29
14,28,37,45
11,27,37,45
10,28,37,45
6,25,37,45
7,14,38,45
17,25,33,41
18,28,36,45
16,30,38,45
9,24,30,38
20,28,38,45
8,19,31,41
15,22,38,45
12,23,29,43
9,25,36,45
18,30,37,45
13,19,31,45
12,19,31,38
5,24,36,44
19,30,37,45
10,22,36,45

The basic processing time of jobs processed on different machines:
(where rows denote machines: 1 to 30 and columns denote jobs: 1 to 1000)
20,14,46,25,21,48,28,34,46,42,25,14,11,29,38,11,36,43,44,35,49,25,32,17,28,12,17,50,19,16,21,30,22,36,27,20,26,33,11,38,34,28,16,20,26,13,17,15,12,32,35,15,11,21,44,18,37,18,20,21,28,49,44,46,22,33,37,43,16,35,28,12,37,22,42,36,39,25,32,24,46,26,20,15,46,31,49,25,48,37,44,39,42,22,25,43,32,24,31,47,34,12,14,34,17,25,16,21,10,34,35,41,30,24,19,32,26,45,14,46,12,18,43,47,37,22,46,39,50,26,33,22,44,15,22,40,11,18,20,16,23,15,27,30,28,14,19,30,30,41,38,20,20,39,27,14,40,34,12,38,48,44,27,17,28,45,17,46,18,20,16,12,11,33,23,38,42,21,47,29,17,44,32,16,28,44,16,31,20,11,19,43,19,48,30,31,32,41,21,47,45,39,38,48,30,18,34,24,44,40,22,19,44,29,48,20,42,34,45,13,21,30,40,44,11,30,13,28,45,24,44,30,23,17,31,32,48,38,18,33,38,37,39,26,32,31,27,25,49,49,40,48,42,44,45,44,39,22,32,25,37,11,22,26,28,20,40,36,45,47,48,34,29,49,35,43,43,47,47,41,22,22,25,26,19,48,40,35,17,18,13,25,45,36,37,42,45,34,31,43,12,14,49,24,13,41,25,41,13,40,14,41,35,33,37,17,36,36,31,45,32,12,11,13,14,32,16,28,45,27,32,23,13,31,19,42,29,20,44,23,46,35,13,14,16,46,27,35,41,27,16,41,18,14,37,12,44,27,12,24,25,36,22,29,33,40,13,23,29,28,43,38,25,21,20,16,24,16,11,16,22,29,17,33,23,38,21,16,13,27,26,30,33,41,33,18,47,30,34,46,31,30,27,41,16,37,18,28,41,17,41,42,17,37,34,32,25,46,41,15,31,22,23,42,41,38,26,27,46,33,42,42,36,48,47,36,33,46,29,25,17,27,32,25,12,20,43,38,38,23,14,49,44,19,23,27,48,30,37,29,33,31,48,28,35,25,13,47,28,47,37,47,38,11,41,28,13,20,47,17,44,22,30,26,15,39,21,17,19,23,17,19,17,15,38,32,32,24,33,25,24,32,41,50,22,45,33,24,25,22,17,18,40,45,38,27,44,42,30,35,33,37,17,19,48,34,50,11,12,33,34,19,26,15,12,24,31,11,48,36,47,47,18,15,38,38,22,47,48,18,45,16,47,37,45,36,40,25,14,18,43,46,45,30,29,11,14,40,11,19,13,46,26,12,31,37,19,19,49,43,30,25,25,32,18,26,44,18,15,41,42,24,41,30,26,35,36,40,48,12,20,22,47,28,29,43,23,32,22,15,47,42,38,46,34,44,45,16,43,11,13,23,35,23,35,23,10,12,22,12,22,47,47,48,21,17,31,23,13,30,46,46,45,42,22,20,24,32,41,14,45,13,22,40,38,26,24,42,47,37,34,43,11,32,30,37,47,35,13,11,44,21,50,12,11,44,17,18,23,40,34,36,42,44,33,26,13,28,20,33,37,13,13,13,27,22,11,36,10,35,24,42,13,24,23,12,44,30,36,17,42,47,17,44,13,13,12,15,50,39,39,30,15,27,37,44,37,18,28,47,29,41,24,37,37,30,48,21,11,47,37,11,29,21,13,10,17,32,10,45,12,13,24,41,47,33,25,25,37,42,35,39,38,23,40,37,13,13,34,12,12,24,20,12,38,46,32,16,46,38,14,39,21,44,18,28,15,34,15,45,36,47,12,44,20,27,14,19,37,19,12,15,16,49,27,13,40,26,44,42,11,25,32,29,19,50,25,36,25,23,18,36,21,24,29,33,45,42,46,12,35,11,18,32,10,16,30,45,14,39,19,36,34,36,20,23,25,37,42,11,16,37,21,23,37,13,17,48,11,43,15,41,45,34,22,37,17,37,16,24,31,35,41,47,13,46,11,27,36,38,36,40,34,45,27,45,15,15,19,11,35,26,37,19,45,37,37,39,49,42,22,28,36,43,23,44,40,18,16,38,27,14,40,10,33,11,46,41,11,36,24,11,11,41,14,48,38,41,25,12,11,21,47,23,24,32,12,39,27,40,38,15,47,25,19,27,16,14,25,37,26,14,23,46,24,19,19,26,42,25,48,43,40,49,26,27,48,38,10,33,42,14,15,20,39,18,43,19,28,49,33,23,23,49,43,39,31,46,17,42,36,44,36,19,46,41,29,50,42,35
49,10,39,27,11,50,18,40,36,16,37,28,21,34,11,47,31,12,34,36,49,13,12,14,47,46,37,35,28,46,31,27,36,36,49,47,14,25,39,10,13,26,33,18,48,45,40,38,40,12,36,33,21,35,27,26,14,22,15,32,28,17,33,48,45,29,34,40,14,35,46,24,23,38,22,22,25,13,10,41,19,44,47,11,26,16,36,42,43,37,30,43,15,48,46,23,33,40,43,26,43,41,33,12,13,21,40,17,16,32,11,31,23,18,25,28,28,12,17,14,49,16,47,15,23,18,32,39,21,28,24,39,46,43,48,39,14,22,42,48,38,45,19,31,12,37,44,41,19,47,13,20,45,44,17,22,48,31,15,25,36,30,40,47,19,18,23,41,35,18,33,34,23,37,18,37,48,18,11,24,17,40,17,35,45,12,43,15,40,39,41,11,40,11,11,11,50,17,40,11,14,32,35,41,44,33,19,35,22,41,31,42,17,29,37,30,45,35,19,11,44,32,37,21,25,12,47,33,18,48,35,44,16,22,37,36,42,11,42,28,20,12,18,11,30,27,31,49,33,50,44,15,19,49,20,12,18,32,37,34,49,26,11,31,13,38,29,12,29,39,12,18,49,42,24,16,24,27,44,47,21,21,34,22,11,23,18,41,31,30,20,31,48,37,25,11,34,14,42,24,30,32,15,32,45,36,41,46,41,27,35,46,18,19,23,14,39,49,15,48,29,14,19,35,27,40,48,48,46,43,47,20,36,31,17,38,14,34,15,26,14,30,24,31,42,40,39,41,29,22,23,27,22,33,33,12,27,37,49,15,42,38,28,45,32,14,31,29,40,18,21,47,48,39,16,42,22,20,40,27,37,33,31,21,34,49,17,50,32,12,13,14,35,23,36,40,18,36,11,24,28,31,31,46,32,33,26,45,46,49,28,30,46,22,23,41,41,17,34,47,40,12,45,31,47,43,15,11,41,47,16,16,17,33,45,14,35,11,50,40,49,38,27,50,49,10,45,16,18,19,10,16,33,50,46,40,49,50,46,31,12,34,15,31,36,29,14,48,41,31,27,23,44,19,27,19,25,18,20,20,10,18,33,35,26,22,23,13,47,30,30,28,35,11,30,26,17,30,28,22,43,13,45,13,20,25,24,42,44,34,31,47,50,16,50,35,21,14,45,26,38,14,12,50,11,32,43,36,38,41,25,12,23,32,35,16,24,33,35,44,28,23,24,32,42,30,47,47,48,23,23,13,46,29,42,19,40,19,38,13,29,48,24,28,15,24,23,40,21,28,12,42,43,47,24,42,29,40,25,24,26,45,19,17,42,25,40,36,16,49,13,29,29,30,43,42,42,48,36,29,43,35,47,49,34,34,44,39,26,33,33,30,22,38,39,33,42,13,29,24,24,48,22,47,39,29,29,12,33,13,43,18,48,16,44,13,21,11,17,38,10,26,13,29,19,33,32,24,29,21,24,44,36,30,46,39,18,29,35,43,49,11,35,11,29,25,24,19,28,16,10,23,28,40,32,26,13,44,10,20,41,11,21,17,22,36,23,34,20,11,13,29,34,10,42,16,10,32,16,43,15,37,18,44,46,37,42,18,26,38,16,26,23,43,14,27,14,24,19,35,21,38,28,28,25,30,34,45,49,43,17,12,13,14,36,23,42,43,47,31,14,44,48,23,13,26,11,44,21,28,22,17,28,29,41,34,16,22,17,11,45,26,49,39,34,27,35,16,43,10,41,34,29,43,39,16,48,47,38,29,24,18,16,49,47,26,23,36,14,48,27,34,14,21,38,11,22,41,32,44,20,43,31,16,33,12,26,32,26,13,48,38,44,38,16,12,39,19,29,21,20,18,32,31,12,44,49,48,36,28,45,23,21,26,31,49,42,14,27,13,17,31,10,28,29,16,34,50,31,48,16,31,23,39,33,19,24,39,48,27,32,22,47,15,34,29,25,38,23,26,47,32,44,30,31,21,24,44,40,36,19,43,34,43,46,32,13,26,20,14,26,48,27,15,43,49,48,21,15,44,12,30,15,20,23,20,47,48,50,12,47,46,26,28,36,39,14,34,21,36,12,37,43,22,43,18,35,38,27,31,27,26,13,43,22,33,29,35,47,39,49,24,35,14,33,18,41,25,31,48,22,29,25,13,11,27,40,11,32,15,20,46,19,39,39,22,34,27,22,17,42,42,12,40,30,11,34,38,35,24,34,10,39,11,34,44,25,21,29,31,43,44,48,23,50,16,31,45,31,29
28,24,38,18,28,40,33,26,41,29,34,40,33,10,14,35,47,13,36,29,28,48,25,44,44,41,16,17,12,41,22,11,19,22,31,41,12,38,49,44,27,31,38,40,17,35,33,28,28,40,48,21,42,41,14,41,27,40,25,16,37,35,18,28,34,22,48,37,11,35,28,34,43,25,19,32,32,45,45,28,20,33,36,12,46,17,49,29,40,17,32,43,26,38,23,22,12,36,36,31,18,10,46,47,11,30,16,36,21,47,35,17,24,33,34,37,20,29,29,45,45,14,46,23,43,43,11,19,15,25,40,19,23,37,32,13,24,11,27,25,47,40,39,35,47,41,21,45,36,31,40,20,12,40,45,22,32,37,33,37,22,45,17,28,44,42,11,41,33,12,35,34,11,43,31,10,21,42,17,26,33,20,40,18,14,42,49,43,26,44,11,15,14,23,33,49,37,27,28,35,48,26,29,36,40,37,37,14,18,47,19,48,46,14,42,44,24,28,17,27,27,18,42,21,16,19,24,24,20,10,36,14,18,23,38,25,40,46,48,41,50,47,35,41,21,39,32,35,35,27,13,12,17,27,32,21,34,24,18,31,19,24,15,47,44,11,40,25,12,38,34,28,13,21,28,25,48,42,32,35,42,23,45,35,31,48,17,48,35,26,25,16,42,11,22,33,21,37,13,18,31,13,47,29,29,15,42,22,21,41,12,43,10,32,15,35,38,33,46,29,12,18,43,25,11,43,23,15,45,43,23,49,11,25,33,31,49,17,40,22,15,25,39,47,13,25,12,50,11,38,32,35,34,28,31,36,45,20,48,16,30,30,40,40,21,36,26,24,26,35,13,21,31,12,42,24,33,15,29,38,28,27,47,46,49,35,22,17,28,44,32,49,46,18,35,17,47,36,35,49,38,16,15,31,37,18,42,20,24,34,20,36,12,13,36,20,33,36,33,10,33,45,34,41,24,12,18,47,36,44,13,16,45,38,32,37,29,35,39,13,35,44,20,13,22,12,43,40,36,42,28,19,19,26,16,33,17,27,20,38,32,17,37,20,38,49,31,33,38,25,19,49,44,19,26,32,27,18,41,38,18,16,17,10,48,20,23,18,43,18,49,30,26,41,15,32,18,29,24,26,18,17,19,12,17,26,14,23,37,25,42,27,18,41,24,14,26,23,15,41,11,30,27,24,49,39,47,42,19,11,33,36,36,40,31,46,29,31,44,43,42,49,49,46,35,37,42,47,10,29,38,42,18,31,23,39,23,27,43,29,39,24,33,43,19,27,45,11,25,30,47,22,43,17,43,49,36,15,39,37,48,16,36,29,26,19,22,45,38,46,39,35,20,27,38,29,19,25,47,45,39,48,48,11,43,35,33,48,13,31,44,23,21,37,39,28,29,21,50,11,29,13,32,31,12,22,18,26,46,21,15,45,28,29,21,39,16,43,28,35,19,39,29,11,37,49,19,39,38,28,18,31,26,33,37,37,34,45,21,42,11,13,15,34,20,25,48,18,32,10,24,50,19,18,44,25,23,35,31,25,11,16,23,42,21,31,32,39,32,45,18,28,24,18,43,24,22,36,27,46,22,15,47,22,45,16,20,42,30,46,45,28,23,39,43,47,43,11,40,15,17,35,38,33,16,10,28,46,35,43,11,15,26,13,14,28,48,26,22,30,39,12,27,12,49,24,16,44,11,12,46,30,29,11,45,49,24,13,23,13,43,41,33,27,39,22,17,37,14,45,31,30,45,39,26,47,31,11,23,45,34,30,16,30,17,36,14,32,22,38,20,40,35,30,45,36,16,39,43,22,20,26,38,49,28,13,17,25,44,47,10,49,49,39,29,34,44,46,16,41,38,22,42,47,35,31,19,17,14,24,21,28,45,47,30,29,12,34,25,27,49,35,11,22,32,42,23,27,40,48,17,10,23,20,14,23,23,36,43,29,43,46,39,47,44,16,21,35,36,19,19,29,19,38,22,15,39,38,25,35,31,38,18,25,36,42,37,50,26,50,26,11,36,10,44,35,39,41,25,30,38,41,47,33,26,15,45,48,29,49,22,18,13,24,29,41,45,32,44,35,39,34,24,27,40,32,41,48,12,41,33,21,19,31,36,15,15,16,32,14,32,26,30,17,36,47,32,14,49,25,13,20,40,39,34,20,43,44,27,42,30,19,47,47,39,43,41,27,28,32,35,21,38,44,27,21,32,12,34,10,45,20,41,44,19,30,27,38,11,20,43,38,10,36,18,41,16,38,29,15
45,48,18,17,50,18,23,23,44,11,28,15,44,27,26,42,30,20,22,43,42,24,21,38,24,14,18,20,38,49,13,20,21,26,18,14,35,24,11,16,43,43,40,16,40,12,24,28,14,22,22,14,17,37,10,12,27,26,32,15,21,28,45,42,26,36,29,18,48,13,20,12,35,37,48,32,18,13,19,43,37,21,19,44,38,13,35,13,34,42,36,32,21,47,12,18,13,13,26,46,30,28,23,24,45,18,38,48,33,45,41,27,23,41,24,28,47,37,43,26,24,20,30,24,22,37,24,36,33,25,27,41,43,25,40,48,30,38,19,19,16,49,29,16,48,18,22,28,18,21,48,27,32,50,30,27,37,44,37,21,20,32,44,41,20,10,43,22,12,10,33,34,14,44,34,41,39,21,19,40,24,24,17,26,47,48,47,12,48,24,36,17,29,20,22,17,21,13,23,37,19,44,37,45,26,27,26,23,40,36,20,45,23,23,29,26,25,16,29,29,22,16,37,46,14,37,15,36,35,48,23,16,24,16,35,23,11,28,21,45,50,16,50,45,41,24,33,37,12,43,44,21,33,44,34,29,24,18,23,22,36,13,23,44,42,38,19,35,28,46,39,39,10,32,38,33,24,50,29,47,46,50,49,39,36,40,25,32,34,32,28,49,45,40,44,33,41,30,13,14,36,10,22,36,40,29,37,17,17,45,20,29,42,30,34,48,13,17,37,27,43,38,23,47,32,22,43,17,13,35,38,48,30,33,45,46,35,48,49,28,12,19,20,35,29,38,13,49,34,37,34,42,22,17,42,23,16,30,41,28,27,49,47,14,22,47,29,35,34,25,20,22,30,45,22,45,38,19,41,44,21,41,40,20,36,18,42,22,17,24,41,20,38,43,42,36,35,32,22,30,34,35,16,40,16,16,17,50,44,12,27,31,47,19,18,45,24,14,18,11,42,36,24,47,27,23,41,49,34,14,30,17,23,28,14,45,45,20,15,11,17,16,44,11,43,48,42,14,34,16,42,44,40,38,35,50,41,24,10,44,40,23,12,14,15,32,37,32,47,48,15,38,20,33,19,42,12,40,35,46,36,46,24,28,35,27,13,33,45,43,20,21,46,32,39,34,16,19,40,48,19,26,50,38,26,38,43,41,48,28,17,29,21,20,15,28,21,48,18,20,13,44,19,46,45,38,34,48,46,46,33,11,38,45,12,29,45,33,24,30,28,33,17,46,20,16,38,26,33,33,15,43,41,33,13,19,13,23,32,34,26,21,29,34,24,43,42,23,31,39,43,29,40,16,31,13,42,47,28,43,47,11,22,24,28,43,32,49,27,40,22,13,47,27,48,42,13,26,19,25,27,27,48,31,45,27,42,13,39,26,40,38,37,36,11,48,23,14,10,34,14,15,43,49,12,11,13,32,31,40,40,18,41,30,46,22,41,33,48,40,40,13,45,11,33,31,26,49,31,29,25,34,31,14,29,30,17,36,18,29,36,28,46,22,36,22,12,20,21,23,24,12,16,13,22,42,31,24,36,49,17,40,18,32,24,48,24,10,40,37,29,39,39,25,11,19,44,20,32,16,25,29,48,37,19,45,10,37,45,16,43,42,14,10,10,36,41,32,37,44,12,47,36,30,26,20,27,35,18,32,22,13,43,46,47,18,47,42,10,39,39,29,28,45,20,16,17,44,29,29,38,27,38,50,27,12,23,34,48,40,41,20,42,28,29,34,35,17,21,34,10,47,42,33,42,29,23,37,41,22,17,18,36,17,44,37,43,48,27,37,14,25,50,42,49,42,24,44,23,39,19,25,29,31,35,42,45,19,34,20,15,12,15,34,19,12,20,35,32,49,21,22,19,25,20,20,27,25,13,28,30,20,50,17,50,22,32,19,24,14,23,23,38,49,23,18,47,18,11,39,12,50,24,43,32,32,33,22,41,28,11,15,13,11,23,32,40,37,12,13,23,39,37,42,41,50,43,23,48,45,16,14,43,14,48,30,40,10,18,32,43,35,21,35,23,23,36,36,14,11,40,14,11,44,37,13,49,31,14,30,15,29,32,32,28,40,35,15,24,14,32,31,10,38,13,46,49,28,26,38,49,22,48,49,49,41,31,16,19,40,21,41,17,14,11,42,36,24,29,33,38,35,36,12,10,35,32,12,32,27,30,34,39,27,45,42,37,25,31,34,37,45,12,40,29,40,48,31,26,41,29,24,45,27,19,22,14,38,49,16,16,19,49,27,34,19,24,16,50,32
14,48,15,14,20,26,36,40,31,21,50,41,38,35,17,34,34,50,35,35,43,16,39,35,11,29,30,12,16,24,49,28,48,46,43,27,44,23,22,33,21,31,11,50,48,17,27,45,38,12,38,13,27,37,48,20,22,26,32,22,43,48,39,38,37,33,46,15,49,11,40,40,40,23,20,25,16,21,39,22,36,33,21,18,47,15,33,40,48,34,20,38,16,39,37,41,17,49,18,48,13,49,23,15,42,44,40,20,33,23,33,12,39,35,38,21,28,19,41,29,20,43,17,31,35,10,23,14,19,33,13,33,41,11,45,31,31,48,41,17,32,12,37,33,29,11,41,47,11,12,19,34,37,42,13,40,25,45,31,22,15,30,48,17,25,41,25,24,23,33,48,40,34,43,37,18,26,13,26,28,18,12,37,20,12,18,25,11,20,37,20,26,34,26,44,19,45,12,18,24,46,46,19,11,42,32,42,36,17,50,36,12,39,15,45,20,21,30,44,16,48,32,48,19,45,35,23,15,29,18,17,46,25,31,12,27,41,46,36,47,44,18,23,25,27,47,31,13,13,14,17,36,33,17,24,26,29,35,48,16,23,39,26,29,45,23,45,28,48,24,37,31,12,17,27,47,44,15,34,14,20,28,45,30,48,45,13,35,10,22,47,45,43,15,16,11,34,23,43,28,29,40,24,44,11,21,37,18,32,42,27,30,26,30,48,28,19,28,15,32,26,20,44,33,44,30,46,23,22,33,25,41,28,26,30,28,15,44,38,12,33,11,22,18,24,40,27,15,49,35,17,30,35,30,31,30,29,46,46,19,31,45,38,39,16,36,28,24,19,12,15,18,39,39,47,32,11,24,20,13,49,49,35,11,49,33,12,20,46,17,36,19,17,42,24,39,25,45,43,41,35,20,14,14,36,27,23,24,22,27,11,17,27,24,48,24,44,38,15,21,43,41,47,41,47,45,44,13,20,23,26,35,45,14,10,21,33,42,36,20,17,47,34,18,32,26,33,49,38,20,29,48,45,16,48,44,40,20,24,45,14,43,50,23,33,46,38,18,15,15,34,23,49,49,17,13,16,23,19,12,35,15,35,41,21,46,25,27,45,40,38,22,50,12,18,18,50,18,27,45,11,30,13,43,17,15,28,38,23,34,40,49,47,12,40,45,16,36,43,34,19,21,10,31,39,25,22,49,18,26,41,48,27,12,41,46,33,38,18,11,34,45,19,11,44,22,18,31,42,35,10,17,18,50,35,17,34,46,43,47,26,38,39,33,12,23,37,47,41,47,40,35,17,17,35,25,36,32,24,45,43,33,39,33,17,16,36,28,39,17,15,16,21,23,27,50,49,17,43,39,38,42,12,11,13,30,25,23,33,20,28,12,50,25,49,31,21,49,12,39,19,21,35,40,35,49,40,36,13,39,24,41,29,22,41,13,33,38,34,10,42,39,44,45,16,32,46,16,36,15,11,43,23,32,19,49,19,15,18,34,10,13,44,23,11,22,18,18,35,26,48,16,44,13,10,35,14,17,20,45,21,24,47,49,17,20,34,34,12,26,40,38,23,49,18,16,40,32,30,11,28,30,50,36,38,34,27,21,29,30,27,43,42,14,40,31,29,27,43,25,21,17,42,27,18,17,20,25,44,43,21,17,13,23,36,42,21,47,14,26,20,47,15,46,27,17,27,16,44,48,44,48,32,18,37,44,19,45,40,27,42,41,34,40,22,18,29,20,45,47,38,38,16,49,36,37,45,21,28,17,10,20,39,27,16,16,15,26,35,39,24,48,49,23,44,23,29,34,31,15,47,46,39,38,16,13,48,43,46,49,26,21,17,12,14,38,43,19,11,16,36,48,38,25,16,27,30,44,36,18,32,41,37,29,30,29,48,31,15,44,30,35,29,11,18,42,14,33,32,48,23,33,33,46,40,45,40,14,43,27,28,31,23,21,29,45,12,47,37,43,24,30,31,27,47,29,37,21,21,34,24,30,24,12,16,18,27,29,13,33,39,16,27,50,18,48,12,14,39,16,13,36,41,40,46,48,23,36,37,45,14,28,47,41,45,34,32,28,13,19,10,30,42,27,45,28,39,28,37,33,37,17,46,37,37,10,36,25,26,44,37,50,14,44,39,18,32,42,48,40,44,26,26,11,38,42,15,25,49,33,13,13,23,25,22,23,11,45,46,30,43,26,27,36,26,14,35,32,39,24,34,17,49,15,30,47,44,35,29,16,26,14,46,43,14,41,25,36,16,22
30,43,47,18,22,22,25,20,44,35,29,40,21,15,12,44,20,10,21,26,44,38,34,17,40,21,10,19,22,17,42,18,47,44,27,20,13,37,46,22,32,19,28,12,26,47,18,29,49,34,28,32,28,17,21,39,34,49,14,23,35,20,40,46,20,46,28,48,41,33,43,14,33,28,26,20,15,25,45,21,31,19,47,23,26,22,32,43,18,41,23,10,12,24,39,14,30,31,44,27,29,29,34,21,18,21,18,48,25,11,17,25,16,28,42,29,47,30,36,49,34,44,41,13,12,44,22,19,38,40,41,19,37,13,49,43,49,49,19,46,45,36,22,41,37,47,17,41,38,33,16,25,22,46,35,11,22,14,26,34,40,28,38,19,42,49,47,37,27,24,37,48,44,44,32,45,19,29,30,44,11,28,21,14,32,12,36,25,45,30,13,18,14,12,16,19,43,37,48,37,45,21,22,18,29,23,21,35,30,15,37,46,39,33,20,49,28,24,20,21,38,15,18,44,49,44,15,41,11,15,15,43,28,44,41,41,29,24,46,43,41,31,48,45,28,31,41,16,47,32,45,14,47,34,32,43,19,21,35,32,25,38,25,32,22,17,23,27,17,22,50,19,35,45,49,49,43,44,44,29,44,41,31,32,15,36,34,23,19,17,16,47,36,22,37,36,20,47,24,49,26,23,38,11,44,48,40,46,20,16,19,28,13,22,43,18,14,27,20,42,45,40,11,45,15,33,18,45,22,39,42,49,37,31,36,29,43,39,35,33,12,18,37,32,40,11,14,12,36,47,12,29,25,44,36,22,29,13,33,16,14,34,22,40,45,25,20,41,24,36,43,46,38,30,37,45,21,16,33,14,18,38,38,27,17,35,34,25,36,25,48,16,22,48,27,39,28,40,12,43,35,33,50,36,43,21,44,27,33,13,39,35,32,30,33,39,26,21,33,15,50,20,41,36,40,41,13,45,30,10,19,36,25,22,23,16,11,10,27,47,46,38,18,16,34,15,11,22,49,50,10,37,37,24,47,46,15,19,43,32,36,34,38,46,26,24,45,36,50,50,13,22,27,25,19,10,32,21,47,41,30,50,43,40,48,31,45,19,13,37,16,30,20,19,36,14,27,49,17,48,48,38,35,47,31,13,38,30,37,26,31,20,40,50,46,26,34,23,48,27,29,27,26,30,31,26,15,33,16,30,45,22,47,11,36,27,37,27,36,41,38,29,23,42,25,27,15,12,38,35,14,16,45,43,19,43,34,37,13,45,46,20,46,47,46,27,15,43,16,21,40,34,30,45,39,15,42,26,18,14,45,43,20,33,36,20,50,23,13,23,47,22,20,31,37,11,25,32,18,49,13,34,21,20,33,14,38,26,15,25,40,42,37,22,28,16,36,30,40,46,38,38,48,28,47,29,19,43,15,16,15,30,37,37,34,29,18,10,43,36,28,46,46,16,34,15,25,11,33,37,46,35,20,36,47,14,44,30,26,16,18,29,32,11,34,39,32,12,30,17,38,47,26,43,19,47,50,24,32,11,50,46,44,48,27,18,14,25,24,19,36,38,27,16,46,47,41,45,19,19,29,17,49,49,21,35,23,26,15,34,23,27,34,50,41,11,47,43,18,39,21,11,29,30,18,45,46,39,38,29,44,15,43,41,50,16,31,25,31,29,39,11,30,32,49,28,28,45,40,16,30,26,22,32,32,47,22,36,49,43,16,36,35,35,20,39,30,35,40,12,12,48,23,26,25,24,21,18,20,41,16,24,40,35,12,48,10,22,14,40,48,40,21,28,31,45,32,49,18,38,34,32,26,37,23,26,36,17,36,45,13,30,24,33,13,15,36,25,16,50,31,24,50,31,36,24,48,47,11,14,43,17,46,22,39,35,35,43,44,22,42,13,34,20,28,43,28,22,17,47,28,26,36,12,24,22,39,41,38,48,36,39,18,13,34,17,11,20,11,23,42,15,17,17,24,30,49,11,44,37,48,42,16,20,42,20,17,27,12,30,46,15,22,36,20,16,49,35,37,24,12,16,15,42,14,32,16,22,45,35,18,39,33,30,48,40,39,43,25,44,47,12,30,30,44,39,32,45,19,32,22,37,38,38,23,46,12,27,14,42,49,44,41,27,43,17,40,14,23,31,45,31,12,23,19,14,19,19,45,46,39,48,31,35,11,27,46,22,22,10,29,11,30,32,36,20,34,25,49,36,25,36,16,19,14,46,19,23,20,27,33,25,36,40,44,45,22,27,48,48
29,26,26,48,26,20,46,47,17,19,31,41,40,46,30,10,26,12,27,21,37,42,20,24,20,37,50,48,28,24,34,23,30,34,33,41,41,16,26,27,48,47,21,40,30,21,40,37,17,13,35,34,37,19,50,28,10,25,23,27,45,44,29,45,35,29,39,30,34,35,44,46,32,19,27,29,13,34,21,35,20,12,28,37,36,15,47,20,15,14,32,36,11,37,34,42,18,36,46,46,41,44,41,36,39,32,31,46,41,36,12,14,35,43,25,21,32,46,31,33,25,17,13,31,34,26,18,46,10,28,43,35,19,32,27,46,32,15,48,42,49,46,36,36,36,46,35,24,47,31,47,40,44,38,36,30,38,36,46,27,47,40,42,36,28,36,17,11,36,40,21,35,11,47,41,50,25,31,13,17,45,45,44,50,41,32,30,24,20,33,24,45,31,49,21,31,18,43,42,28,15,21,49,47,44,12,20,20,45,49,18,11,23,45,48,27,19,11,37,44,41,22,45,25,32,46,33,24,33,23,41,35,30,31,44,40,15,39,17,35,14,47,11,45,19,31,18,45,19,26,25,43,14,47,25,24,27,18,31,33,16,19,12,30,20,28,17,32,37,44,31,48,42,39,33,34,27,31,30,41,37,13,48,49,19,11,40,10,36,16,37,31,24,23,11,42,28,26,22,38,23,28,22,13,25,36,15,32,24,30,27,44,28,30,16,17,31,47,21,42,39,31,45,29,46,10,46,41,48,40,46,41,26,23,21,42,31,32,18,33,24,38,33,39,42,38,30,50,39,28,25,21,41,12,21,35,44,26,24,14,37,17,30,22,11,30,23,19,39,15,19,36,29,43,47,29,38,16,45,43,11,41,27,30,23,44,21,13,21,17,27,48,35,36,17,29,50,20,21,41,20,25,35,16,21,20,25,29,44,22,32,11,16,34,34,49,37,37,37,10,16,43,14,29,26,18,44,17,28,46,49,27,35,14,21,49,24,16,13,11,24,22,31,37,31,49,45,46,33,34,40,29,34,17,32,40,32,49,21,40,25,23,34,13,42,36,22,45,17,41,28,39,36,33,17,27,45,31,36,28,13,17,16,47,18,25,15,38,45,29,49,33,31,33,40,49,22,34,11,46,43,29,35,31,31,25,14,30,12,32,25,40,18,35,13,31,21,28,29,34,18,21,15,32,26,11,44,41,10,11,15,38,47,22,17,35,36,31,18,26,44,10,31,40,32,45,40,24,16,16,32,49,49,14,48,48,30,19,43,31,18,20,12,19,14,39,39,22,40,37,13,14,39,38,48,13,30,16,39,27,39,22,18,48,49,39,43,34,22,43,44,14,45,44,13,43,38,28,47,34,34,29,49,21,38,40,48,32,46,19,42,31,35,14,13,44,39,49,19,31,30,25,47,21,17,26,45,20,35,47,32,12,27,26,28,14,12,47,16,20,37,41,43,49,25,37,16,41,22,21,16,40,11,36,46,50,14,44,31,20,13,30,17,34,32,49,27,48,38,13,33,16,39,14,12,50,26,50,16,29,14,16,16,27,29,38,35,25,45,41,37,36,15,18,32,24,45,29,14,40,16,24,12,18,43,31,28,42,36,23,38,14,17,19,10,11,49,28,17,31,29,49,30,46,43,50,16,48,10,11,33,44,40,13,27,16,40,33,45,42,37,19,13,33,19,11,48,15,11,45,16,17,49,29,43,16,24,27,20,38,35,35,33,28,17,17,33,47,24,11,40,15,20,26,10,49,19,42,27,31,11,50,27,35,42,12,19,16,16,27,28,45,38,44,21,19,44,14,19,26,14,20,37,27,29,31,15,11,46,43,40,21,22,48,48,45,11,39,36,27,17,27,48,23,10,48,41,15,15,17,41,20,40,31,21,11,35,41,31,44,39,50,37,19,16,42,42,27,22,43,45,25,37,25,23,23,31,28,23,47,48,21,26,48,27,13,12,42,14,22,15,34,43,14,13,30,19,38,38,50,49,16,34,34,11,32,43,10,25,39,34,30,20,42,30,33,46,30,40,38,41,36,13,44,24,33,49,15,18,20,39,48,22,43,30,43,23,49,21,23,11,10,32,38,14,31,37,46,20,48,26,24,15,18,18,21,42,18,23,45,31,20,33,45,23,19,16,13,23,17,33,41,47,22,30,49,23,30,27,14,29,15,30,32,50,23,39,19,32,31,43,27,47,26,12,11,44,24,20,31,18,11,16,17,28,36,49,39,30,43,43,35,42,19,13,40,14,34,36,13
46,12,48,33,38,19,22,15,32,27,30,42,26,48,44,48,30,38,36,46,18,31,11,42,46,21,26,37,44,46,19,20,33,16,33,11,41,22,24,17,39,34,28,31,41,48,27,44,32,44,38,11,28,46,28,33,31,21,30,18,14,16,45,41,40,42,38,35,26,24,34,19,37,40,28,25,32,21,49,24,45,31,18,18,40,41,13,43,24,12,44,20,39,31,38,35,32,34,45,48,48,13,45,26,49,48,27,25,26,16,44,33,18,35,19,45,12,15,32,20,49,40,19,45,32,38,17,33,45,24,18,44,36,42,12,19,43,28,25,18,23,18,44,38,17,14,44,26,34,44,45,44,19,48,18,35,35,22,33,23,26,14,22,11,40,38,23,25,49,15,29,47,45,16,41,14,20,18,21,25,38,24,49,43,22,24,15,18,18,39,10,46,24,18,16,19,33,29,38,39,42,25,21,10,33,23,27,23,17,39,36,39,35,25,18,21,26,15,19,36,37,23,17,33,40,14,20,48,47,35,49,19,19,23,26,19,37,33,36,37,48,25,34,21,35,21,31,28,31,12,32,33,41,31,27,33,38,12,19,42,30,30,40,12,45,49,22,14,20,28,38,34,36,42,16,41,18,12,48,31,14,36,49,31,30,34,41,35,38,41,12,37,14,21,42,50,17,46,18,27,50,18,12,15,37,14,29,29,23,32,15,12,12,37,48,24,30,38,17,37,36,11,46,29,28,15,39,31,24,43,23,34,26,29,16,38,30,45,34,36,19,17,32,29,15,20,46,31,42,26,20,28,42,45,32,18,40,24,39,48,27,11,40,19,38,46,31,47,39,47,12,44,35,43,23,42,44,40,26,36,49,32,11,22,22,43,25,17,18,42,13,25,13,21,28,28,36,27,19,27,19,38,17,25,50,29,17,41,19,12,17,31,31,29,36,48,34,21,24,49,43,35,15,11,20,36,43,37,26,22,21,39,27,44,23,21,42,43,30,25,34,28,26,48,49,11,19,23,42,27,38,21,38,11,30,20,46,25,15,16,14,39,36,41,47,39,41,23,36,39,18,43,22,48,42,39,43,36,17,26,22,13,17,22,48,46,43,15,24,32,21,30,24,24,22,28,29,32,10,15,23,23,49,12,29,29,20,38,14,28,27,48,11,14,45,27,48,18,10,30,47,40,45,47,19,16,31,38,20,30,41,28,13,35,15,18,22,48,46,49,23,12,36,49,37,41,32,11,23,46,37,33,49,36,20,25,23,12,43,45,18,37,30,33,34,20,45,42,47,32,50,38,35,22,14,30,19,43,13,18,29,44,39,37,34,34,32,16,37,47,35,17,23,26,46,45,36,46,46,17,42,48,18,50,34,32,31,38,39,16,15,11,27,24,30,48,37,45,25,26,17,38,50,22,21,33,23,34,21,45,15,30,23,39,26,38,48,50,48,30,43,17,48,42,23,16,49,31,28,34,35,10,20,31,19,15,29,30,37,23,19,31,11,20,45,29,26,23,11,45,15,47,16,19,18,43,38,49,12,48,47,34,39,12,11,33,40,45,36,24,32,43,46,34,48,36,30,22,47,31,34,32,32,44,35,12,36,39,11,42,18,35,10,38,16,17,49,24,21,47,10,23,49,21,19,48,37,24,20,40,42,38,45,20,25,18,28,22,43,46,16,15,39,22,41,33,42,49,22,13,13,14,34,11,20,13,13,43,42,19,19,32,21,30,44,48,29,12,27,12,43,11,33,39,17,36,13,43,41,40,33,43,20,27,31,13,31,32,42,39,29,19,49,15,41,14,18,45,11,39,42,17,20,21,28,23,24,20,25,50,36,10,15,37,21,23,27,42,23,21,22,27,11,31,42,25,30,42,26,27,38,14,40,37,48,36,15,14,24,19,13,15,40,25,40,22,39,40,39,13,45,24,45,18,12,38,15,48,46,32,11,34,15,12,29,45,44,19,35,35,27,24,11,49,49,35,48,49,15,41,44,14,26,13,40,40,20,38,44,38,27,22,20,25,36,28,39,43,44,31,11,30,46,25,11,25,32,46,40,40,25,19,15,21,42,41,25,49,41,21,30,42,24,43,45,34,38,44,27,26,21,43,46,43,39,26,32,28,31,38,14,34,24,18,38,18,42,37,21,43,24,35,26,43,13,27,33,14,45,44,24,20,30,45,28,17,46,29,29,36,29,16,43,40,32,11,42,16,12,29,14,11,48,31,28,10,45,45,14,16,37,20,32,33,15,50,44,44,35,39
11,15,48,13,36,46,17,34,42,30,49,27,49,47,12,35,35,21,34,29,34,27,28,44,28,20,34,20,39,11,16,19,22,40,41,19,15,13,14,28,24,32,43,45,43,19,13,32,44,24,33,22,29,40,11,43,29,39,13,10,30,21,44,39,23,48,30,37,12,42,29,35,20,19,14,45,25,47,25,28,35,49,21,17,39,41,13,48,41,46,14,44,45,19,48,22,49,20,25,31,25,19,50,23,42,37,40,24,24,37,46,21,32,43,49,48,32,16,16,15,36,49,43,15,29,16,35,44,44,48,25,13,35,14,46,34,11,23,37,20,28,13,15,26,25,46,35,47,15,43,36,41,47,13,19,11,39,46,26,32,37,28,35,29,10,12,43,43,24,18,14,14,32,44,20,33,22,29,49,46,11,15,22,21,32,35,38,50,27,13,24,20,24,30,38,32,26,48,39,21,42,27,11,19,15,19,44,22,26,16,20,22,39,38,22,36,43,19,11,12,33,36,33,12,20,25,38,29,17,47,15,25,13,34,41,29,30,34,32,15,18,43,23,48,33,46,29,38,30,24,40,13,34,39,27,25,13,44,15,37,23,35,21,21,44,46,26,38,27,30,19,40,49,33,38,19,37,29,17,45,48,10,11,33,31,26,27,13,26,36,11,46,17,19,25,36,29,14,21,14,37,20,22,11,24,40,11,42,35,37,43,29,39,39,34,38,44,19,35,48,26,16,47,23,42,29,47,29,19,24,34,29,27,40,43,29,24,40,32,27,34,26,29,25,48,24,46,13,18,19,30,46,37,24,30,24,19,10,44,25,21,48,31,24,41,45,10,26,35,35,39,12,19,44,30,38,26,13,16,33,27,47,25,40,11,16,19,31,34,41,43,18,44,34,46,31,16,17,33,33,35,39,21,12,46,26,41,16,22,42,23,24,37,16,32,24,32,29,20,46,45,35,18,26,45,49,42,21,42,21,20,17,50,12,27,14,21,41,35,16,29,34,38,21,38,24,35,36,49,30,10,40,23,35,19,47,35,39,31,15,21,31,18,30,48,30,20,50,47,24,15,18,25,39,18,39,27,21,33,25,27,47,19,36,23,44,29,42,37,40,36,29,10,24,25,24,50,37,22,34,16,46,37,11,42,37,20,26,25,35,18,12,44,29,21,35,26,21,40,29,40,50,35,27,18,47,13,45,26,44,23,37,44,42,27,33,25,11,29,48,25,43,45,15,33,34,18,30,19,34,14,11,16,17,25,25,31,32,27,29,45,34,48,23,11,30,27,31,49,26,33,48,20,35,19,48,11,38,13,46,23,21,39,40,11,50,49,15,34,14,15,14,26,12,47,11,28,39,34,50,29,24,47,38,50,17,39,18,44,28,42,19,37,48,31,44,13,32,18,36,38,38,21,38,49,15,31,17,18,29,22,35,29,31,12,20,48,45,23,31,46,17,37,28,27,32,17,25,25,40,23,48,36,25,34,20,44,44,18,14,48,44,29,13,14,36,37,26,17,11,42,28,50,48,49,39,14,41,15,14,25,22,22,42,36,36,29,26,38,15,34,14,29,40,31,35,37,24,13,40,46,15,25,39,33,16,25,19,32,45,19,20,41,44,16,23,32,17,20,42,23,19,32,13,23,24,44,31,38,20,12,34,26,16,24,33,25,15,39,38,37,23,27,26,23,46,25,10,46,23,32,29,28,30,49,30,38,49,10,39,16,23,34,44,50,12,15,22,38,45,38,31,29,32,18,24,29,26,28,19,37,34,39,28,48,33,24,15,13,45,17,19,22,21,32,37,46,48,37,44,14,29,19,41,11,21,15,50,31,26,47,45,26,13,31,19,23,34,32,36,24,18,44,35,29,41,20,41,26,46,40,11,47,48,39,23,19,22,31,32,46,17,11,15,33,47,35,30,26,20,12,43,12,33,18,31,40,25,45,44,35,14,40,35,32,30,35,26,27,23,24,27,47,24,42,16,23,13,22,29,37,26,31,47,24,24,33,18,30,25,31,20,40,48,37,25,36,16,17,19,48,16,25,31,25,43,43,35,31,21,29,18,44,19,50,18,36,36,16,36,24,31,22,30,29,20,37,49,33,29,11,47,15,17,27,45,19,31,43,30,20,27,42,48,12,34,23,12,22,16,31,45,41,15,23,33,29,25,12,13,44,28,46,27,12,29,20,29,36,30,49,28,26,41,31,32,24,39,27,49,20,46,30,45,41,12,50,43,32,35,36,35,11,46,14,34,14,45,30,43
29,45,32,11,30,39,27,20,20,45,35,42,41,38,23,25,41,13,22,48,48,30,11,43,34,20,11,28,34,38,31,36,46,43,30,28,23,13,39,39,40,14,38,25,22,45,13,42,37,42,45,22,44,14,29,48,32,20,35,24,41,43,35,44,20,10,18,42,41,34,35,32,28,19,26,13,49,17,25,42,35,10,34,34,18,36,49,42,48,27,22,23,34,41,31,45,42,42,30,21,29,27,40,35,42,11,19,23,39,19,40,41,37,39,38,26,15,21,35,29,13,24,34,24,33,13,47,31,44,31,38,18,29,24,12,48,21,47,27,49,14,29,44,19,11,49,20,47,32,44,27,35,24,42,20,20,19,16,32,36,23,44,36,37,41,27,34,35,31,25,39,31,32,21,24,49,17,14,12,18,22,48,22,40,16,12,32,33,31,42,17,46,28,17,25,13,17,40,26,16,25,13,20,18,12,17,39,15,43,34,39,34,19,33,13,14,14,25,32,48,17,13,36,29,15,13,42,37,31,24,49,49,30,17,31,45,49,37,39,39,31,35,14,20,41,41,35,39,28,33,24,28,42,29,30,45,37,25,41,45,36,17,37,39,26,13,17,22,22,27,25,12,27,34,39,49,34,24,13,43,21,22,27,32,23,14,26,34,40,19,30,28,27,31,30,26,49,13,29,22,13,19,31,43,45,31,31,39,35,47,15,19,46,38,36,15,49,47,18,21,19,21,23,17,14,47,36,21,44,31,19,32,18,31,25,20,44,15,45,43,15,21,47,29,29,14,44,16,31,34,49,40,28,45,32,38,42,36,20,16,42,13,12,41,48,37,21,22,27,38,49,35,45,29,34,39,49,13,16,18,45,29,29,14,46,41,42,26,20,17,35,20,35,48,23,42,21,18,20,22,36,12,14,44,39,39,22,32,30,11,14,30,44,18,20,35,13,46,18,47,36,16,17,23,20,38,44,17,16,42,24,29,15,26,28,32,31,39,49,24,16,32,15,16,30,23,27,23,27,25,44,28,34,25,26,43,17,42,38,15,40,21,38,24,22,45,47,19,47,13,17,29,27,43,38,49,27,41,36,28,27,34,23,36,31,48,41,11,21,48,17,26,18,49,42,21,23,11,35,44,45,40,23,13,40,49,32,28,49,36,33,26,11,36,42,20,15,25,48,15,28,49,38,44,32,17,47,47,32,14,49,21,25,24,46,14,13,19,17,47,18,18,16,28,19,18,13,11,43,37,42,18,23,11,43,28,43,37,12,35,34,17,48,42,45,43,19,14,45,25,30,28,49,21,43,38,35,26,44,26,43,38,29,44,21,20,38,43,22,30,38,27,21,31,16,10,40,29,43,17,19,26,20,28,39,31,11,27,49,49,35,14,37,43,44,24,48,50,45,10,19,28,28,15,12,39,12,36,19,32,16,32,31,31,25,12,41,39,32,37,36,29,43,34,28,12,19,28,20,20,33,31,48,15,46,34,17,32,30,22,30,13,19,23,14,36,49,40,46,43,27,47,25,25,33,34,12,28,18,23,48,30,25,22,13,46,20,35,37,18,10,19,24,40,33,45,46,16,46,19,29,36,16,37,29,23,44,49,21,22,30,29,48,21,39,31,14,15,13,29,36,16,45,31,15,21,34,48,37,29,40,40,32,41,12,31,41,20,39,32,33,36,16,21,49,22,45,17,12,48,40,39,26,14,37,46,43,46,27,13,14,48,36,43,45,36,34,50,30,38,12,41,28,12,46,27,46,46,46,44,30,14,31,26,21,31,23,44,47,44,11,40,48,46,32,41,20,15,18,31,35,20,41,48,30,39,21,28,30,21,49,48,32,31,43,15,14,30,39,39,34,17,21,11,12,14,20,42,21,31,16,18,46,31,11,40,12,18,21,44,40,48,26,42,46,14,45,42,19,17,42,25,42,12,26,39,25,45,12,43,29,10,27,43,28,40,24,24,48,29,35,28,18,25,33,37,34,26,35,36,29,30,16,24,43,48,24,18,11,26,21,34,11,18,37,42,30,23,19,22,30,32,45,44,37,45,30,38,25,37,20,15,25,17,23,22,34,21,46,46,41,44,32,11,29,45,41,48,48,27,16,14,37,50,41,33,35,35,33,17,19,47,28,23,47,25,20,31,23,49,41,25,27,46,24,16,29,26,15,32,29,41,17,20,21,48,46,21,18,33,39,17,41,39,44,10,13,14,38,42,35,23,37,24,14,29,18,38,20,31,25,45,28,12,33,12,49,15,49,32
49,17,46,14,35,24,31,40,50,14,50,32,30,15,33,18,15,30,23,36,15,50,22,18,33,21,40,22,24,36,22,36,10,19,23,43,49,44,26,43,33,33,24,28,16,25,13,36,16,22,30,16,32,38,21,20,18,44,46,23,30,16,49,44,47,35,50,22,25,29,27,30,12,10,47,30,38,45,47,17,14,48,23,37,31,24,26,45,12,17,26,40,48,14,35,15,32,16,49,46,14,35,23,21,42,43,25,23,13,44,24,36,23,20,36,26,11,36,19,28,48,49,42,24,47,39,15,16,21,37,29,16,10,13,39,32,18,18,47,49,47,41,47,26,47,17,27,44,38,11,22,17,31,14,49,37,32,27,16,36,15,13,43,15,41,29,25,37,44,18,16,20,11,23,22,35,22,38,13,13,48,19,47,12,29,26,13,44,42,15,34,41,28,47,50,42,45,25,23,49,16,27,15,35,48,13,20,16,10,14,23,29,46,38,23,35,38,48,39,28,38,26,24,31,24,13,49,22,43,44,41,35,42,17,23,29,18,15,14,27,36,40,16,10,34,28,19,48,46,17,22,34,16,28,43,41,41,24,14,39,45,48,40,12,37,28,34,27,31,23,38,16,32,38,25,13,16,37,40,42,44,10,25,17,49,17,37,41,36,40,32,40,42,15,47,24,44,19,45,27,49,34,33,39,41,23,15,37,40,34,35,42,47,39,41,45,10,18,20,23,10,50,44,26,11,28,43,17,49,32,10,49,14,31,39,44,16,15,21,12,37,31,12,14,11,20,43,15,12,40,37,22,49,39,19,11,39,10,32,26,27,43,25,11,48,19,47,35,14,17,35,16,45,10,46,41,33,20,21,41,26,17,31,35,37,19,12,47,20,31,50,32,15,17,44,34,33,20,16,30,39,34,12,31,22,26,30,43,15,49,47,12,26,50,44,15,44,49,14,17,44,43,49,31,25,28,36,14,14,47,49,21,44,21,14,41,29,28,34,14,48,35,29,30,42,35,29,42,42,47,22,23,16,38,22,16,49,40,21,29,47,15,47,22,47,50,16,47,44,47,38,29,12,42,30,47,30,48,27,46,40,30,28,24,13,23,24,38,32,47,13,24,24,41,30,29,29,27,25,42,26,19,20,19,33,34,36,24,46,13,36,31,44,23,43,25,10,44,33,15,40,40,40,18,40,41,27,33,29,11,25,18,13,31,22,19,22,14,46,18,46,34,15,13,47,27,41,43,34,20,20,32,19,19,24,12,33,11,32,27,42,23,49,41,11,45,50,31,43,38,49,43,38,42,29,19,15,38,18,27,13,19,44,34,10,37,14,12,33,30,41,32,49,12,42,26,48,13,36,33,11,46,30,41,11,13,42,23,28,36,15,45,19,45,33,42,49,12,30,20,30,39,14,11,17,24,14,20,48,25,24,39,26,26,24,38,27,40,34,46,22,34,33,36,35,14,29,22,28,42,45,42,18,26,29,31,25,21,47,14,49,34,13,31,14,22,31,23,30,16,30,49,37,22,16,25,38,29,22,48,21,36,21,22,49,37,37,40,47,36,43,34,38,33,36,34,33,35,38,49,45,15,24,23,34,30,14,29,27,32,45,19,32,29,22,16,21,21,42,35,13,40,37,48,48,31,35,26,39,41,12,39,22,46,30,39,18,41,50,28,46,22,43,20,42,21,20,50,15,12,24,42,23,16,40,38,34,39,39,13,44,16,32,12,25,16,49,26,30,12,24,16,46,35,40,39,39,15,16,48,41,24,27,38,17,24,31,18,18,28,14,16,13,34,29,44,26,33,43,13,46,28,25,23,26,36,15,41,48,48,41,13,24,20,13,17,40,42,26,15,17,45,41,15,22,43,29,25,41,27,19,16,35,13,48,40,37,12,22,10,29,16,47,38,11,17,32,22,16,18,19,10,18,18,20,21,18,16,31,25,18,45,34,42,42,43,30,18,40,11,44,44,44,38,44,21,36,15,17,32,13,12,11,49,14,14,37,26,11,26,49,35,47,20,21,40,37,25,18,46,42,33,49,39,15,34,34,41,33,25,23,46,47,24,38,45,39,49,23,30,35,24,11,40,38,30,43,32,25,24,12,39,29,47,22,37,46,32,38,21,38,14,40,18,18,17,17,34,10,46,50,33,49,38,28,15,36,32,23,25,43,45,39,45,27,18,11,36,49,19,11,30,35,19,23,45,46,31,22,37,29,39,34,40,40,47,39,50,26,29,24,11,43,45,11,30,24,40,36,31
44,36,30,50,44,21,27,15,12,16,24,41,48,11,30,31,12,13,15,49,38,34,10,34,13,33,37,30,46,15,37,36,38,18,12,26,21,28,31,43,46,16,40,21,28,31,27,37,15,25,32,44,45,32,36,48,11,13,31,31,23,38,33,16,19,21,35,25,31,42,28,35,18,36,44,33,38,15,43,19,32,49,22,35,30,18,14,12,19,43,41,15,47,34,39,36,46,43,40,23,24,23,22,36,50,18,46,12,47,26,11,25,20,43,41,25,32,43,41,20,41,27,47,10,14,45,42,14,18,18,19,10,20,46,22,29,26,15,22,43,37,27,15,43,11,12,43,32,26,47,37,39,44,35,49,24,13,17,38,27,22,17,35,45,39,20,40,31,28,30,13,30,45,49,38,40,13,19,27,15,41,26,12,30,34,36,45,27,13,48,13,48,24,13,36,28,37,41,34,43,24,30,11,33,23,31,34,42,49,20,39,23,16,19,42,13,29,44,28,35,35,15,15,39,49,16,15,41,14,17,10,39,21,32,25,24,33,21,45,14,28,40,41,33,27,18,37,46,37,15,42,14,21,16,21,24,34,13,13,28,25,24,17,46,37,19,25,45,43,11,22,28,14,38,48,26,47,43,11,34,46,39,16,11,12,30,44,24,19,46,15,12,13,29,17,17,49,36,21,17,30,23,23,37,12,45,42,23,28,10,12,37,20,36,29,18,46,45,45,41,35,39,36,46,44,29,25,28,44,11,47,34,37,45,18,17,49,35,46,32,15,14,34,50,49,49,18,34,48,21,19,14,25,12,40,31,13,43,39,24,24,14,36,16,18,27,49,40,23,18,25,24,15,32,32,35,11,23,16,22,31,23,30,44,39,17,24,34,26,35,31,11,20,23,40,18,12,31,44,26,50,49,12,23,49,17,10,36,13,46,30,36,27,50,40,50,15,38,47,15,15,10,41,24,30,45,11,30,47,38,16,41,32,18,23,17,48,44,13,35,37,31,29,15,31,35,18,19,31,18,16,35,37,38,15,18,43,21,32,32,16,32,35,18,28,11,33,31,36,25,39,49,18,21,24,23,21,47,50,26,41,19,41,18,41,32,49,35,43,15,25,46,43,29,15,16,21,44,20,44,27,34,30,42,13,33,33,48,27,22,28,30,23,36,31,23,47,11,17,38,50,24,35,49,29,31,41,15,23,12,15,39,35,25,39,10,42,39,49,13,17,29,28,11,13,45,35,19,35,31,17,36,14,21,15,50,12,41,36,30,40,18,45,18,41,22,42,19,32,47,17,23,46,24,29,25,19,25,13,19,32,35,44,39,37,12,37,27,49,32,46,13,31,26,48,19,13,20,42,36,34,40,37,43,41,12,30,17,38,38,47,23,34,13,36,42,47,17,26,34,25,16,47,19,29,48,16,17,15,34,50,42,19,45,14,24,40,12,47,20,18,26,33,21,24,20,35,23,10,38,30,25,44,36,34,48,39,35,50,38,42,33,17,37,45,34,44,18,26,14,10,27,14,13,40,38,48,42,38,16,39,19,26,18,16,49,25,45,39,37,32,27,43,25,19,11,21,30,44,41,24,36,38,46,11,11,31,17,38,36,31,32,46,33,10,32,23,21,26,20,17,10,17,29,47,27,43,36,30,26,11,25,33,15,17,21,15,35,45,43,23,38,37,49,31,28,29,49,16,28,33,37,27,44,42,10,25,18,21,28,14,26,22,45,38,46,39,29,13,16,49,17,17,22,20,35,13,25,32,44,11,43,13,16,12,22,35,44,15,16,11,33,26,46,12,12,16,45,39,25,29,45,45,29,24,18,19,18,41,20,32,32,20,18,47,39,31,25,26,29,34,34,21,20,13,11,33,12,21,48,43,23,30,35,17,36,27,17,18,27,31,11,17,34,45,40,42,15,41,32,44,26,43,21,40,20,36,39,44,41,46,46,34,36,33,15,14,26,23,33,42,39,36,45,16,39,28,37,24,16,19,28,44,12,30,46,27,33,17,28,49,30,31,27,22,42,48,42,14,28,19,28,50,35,11,43,19,45,11,31,45,36,19,11,38,11,20,26,44,24,12,20,37,17,14,17,36,11,29,24,48,29,25,34,46,43,28,28,30,39,29,21,28,10,39,23,28,48,33,37,26,34,10,36,16,17,43,14,12,20,29,13,27,22,40,14,41,16,11,50,47,19,42,43,46,21,14,42,17,12,30,29,31,29,20,40,41,36,22,42,21,35,28,42,22,36,35,21,15,28
25,19,33,23,40,49,36,15,16,39,42,21,37,13,49,28,26,31,25,27,20,33,23,36,26,30,18,35,27,43,15,39,39,13,32,47,46,40,30,21,25,33,12,30,23,35,21,21,22,32,47,46,19,25,14,13,32,31,29,45,35,49,17,47,11,48,30,20,28,44,48,46,10,45,12,48,21,29,30,27,13,22,26,23,36,13,35,32,25,49,35,45,46,33,12,19,17,12,40,45,19,35,25,49,38,45,45,47,43,26,14,34,26,27,13,18,18,42,15,45,45,21,34,19,40,11,14,21,19,19,20,22,37,44,47,22,12,32,35,15,27,21,37,34,33,31,28,18,34,20,17,34,14,37,29,46,13,45,46,40,34,30,44,24,14,47,38,16,30,42,42,46,45,17,35,47,22,14,47,49,36,43,35,19,22,12,41,23,44,25,19,49,44,14,14,34,18,40,42,40,13,12,29,23,13,21,30,32,37,42,22,10,22,49,18,44,14,13,36,38,14,23,30,20,44,28,35,33,34,25,18,44,32,45,22,39,49,37,41,28,39,44,45,20,50,43,43,40,15,39,45,29,33,18,18,13,20,33,24,29,44,45,38,12,36,25,25,23,33,46,38,14,12,26,39,41,41,20,36,13,46,24,21,41,50,42,14,23,17,30,39,22,12,19,32,21,37,46,32,30,33,43,37,16,27,43,23,33,45,22,42,14,45,18,26,35,49,12,14,23,46,39,45,46,19,42,18,15,39,16,44,46,16,18,19,19,33,40,28,35,28,12,43,11,28,37,37,20,44,38,36,40,33,20,34,18,46,33,37,25,24,43,44,34,47,15,37,38,42,36,28,44,36,26,15,31,33,35,11,43,23,38,39,32,47,22,31,46,12,39,45,23,13,16,30,17,33,17,14,21,22,48,13,34,16,40,41,27,26,19,23,47,25,38,47,28,43,42,31,23,20,16,40,23,39,18,48,23,12,14,24,46,44,50,50,20,44,20,40,32,32,20,19,30,45,35,12,11,28,37,27,24,21,46,26,44,27,14,40,19,27,29,12,12,12,29,21,24,34,27,17,40,32,33,47,24,36,46,28,21,27,10,17,47,16,10,11,49,43,29,22,49,47,34,15,44,15,36,25,47,17,19,23,49,44,15,35,21,32,37,27,18,31,28,18,37,47,36,32,21,16,42,30,38,48,33,26,18,15,38,41,12,20,20,15,37,15,42,23,35,38,33,48,31,28,10,25,36,37,12,39,16,46,16,27,33,39,32,34,11,38,33,42,38,25,14,50,36,47,16,13,46,15,14,10,11,26,22,26,18,29,48,42,32,23,11,11,11,40,39,40,32,38,40,34,40,13,43,13,37,28,15,34,19,28,24,12,33,33,12,13,35,32,11,39,32,13,21,43,26,28,23,46,18,40,32,38,14,42,48,30,25,50,41,17,24,27,34,46,43,19,48,13,14,37,41,20,24,14,22,40,38,50,48,28,34,43,30,42,12,13,47,22,15,48,23,23,12,48,39,20,48,12,23,28,29,36,44,14,16,47,32,30,35,30,30,36,11,21,41,37,28,27,17,28,32,24,22,14,14,24,25,39,45,42,16,29,21,17,39,41,41,48,26,47,39,44,39,41,42,47,28,33,18,45,27,15,32,47,15,19,48,41,28,11,12,44,40,24,40,43,14,23,26,49,22,27,23,27,41,18,31,50,40,18,47,27,27,11,35,29,38,11,46,15,11,18,20,37,20,43,21,32,32,37,17,48,29,20,11,12,28,29,37,43,27,37,37,40,14,18,49,41,26,11,45,45,20,43,46,48,48,17,21,35,39,14,17,42,44,42,47,26,26,44,34,29,39,26,22,28,16,16,34,16,24,38,50,20,20,39,28,14,44,46,11,38,32,18,39,49,21,13,45,44,15,19,49,21,14,19,42,20,21,35,15,29,25,17,44,29,29,31,21,36,49,29,41,42,35,36,33,29,10,49,17,46,33,37,11,12,39,20,20,21,28,23,23,46,22,43,34,23,43,15,42,28,16,17,10,17,40,50,28,12,42,38,32,44,27,20,45,31,36,38,30,42,37,37,49,46,39,31,36,23,46,20,38,31,24,18,35,24,36,40,21,13,21,31,27,32,50,30,31,13,23,26,12,37,35,46,18,42,24,22,40,47,41,13,10,37,47,30,36,42,19,44,33,16,36,16,43,11,24,28,29,41,39,42,47,13,11,34,21,43,44,31,12,28,27,41,25,16,29,25,49,41,31,34,46
30,33,11,50,15,27,31,23,49,41,25,27,36,49,27,27,16,16,40,45,25,16,17,12,23,26,38,23,43,19,32,29,15,24,20,31,46,27,23,23,15,33,43,33,17,16,34,25,40,23,19,11,42,17,14,46,46,21,42,20,10,16,19,28,42,24,49,17,46,22,17,46,17,35,37,41,34,29,30,41,37,26,16,49,41,39,32,14,18,44,32,16,38,15,25,28,22,29,13,15,33,30,27,50,32,35,49,24,35,15,14,41,29,28,23,29,26,21,13,30,16,30,22,33,21,33,37,15,22,38,15,43,25,32,26,34,12,41,30,17,48,21,31,38,37,47,26,12,10,19,14,28,23,14,16,25,11,37,35,36,35,28,44,22,48,50,14,41,44,22,17,43,46,10,22,38,44,31,36,15,40,50,39,39,27,26,24,36,23,39,21,29,34,15,31,22,29,18,21,11,20,21,35,17,10,21,23,34,23,41,25,26,25,39,39,32,38,23,44,18,32,46,33,23,34,16,24,30,21,30,36,29,48,36,42,11,40,32,50,28,15,16,27,28,15,24,18,42,17,29,21,29,22,46,25,29,32,43,24,13,18,26,20,37,48,35,14,30,40,46,40,41,47,11,20,36,49,20,14,25,43,31,47,12,27,41,27,15,48,17,13,35,20,25,36,18,31,47,33,13,50,40,22,48,32,18,49,14,42,13,23,47,28,36,28,12,26,27,30,22,32,33,34,13,14,18,36,21,38,20,26,30,22,14,33,46,39,40,22,40,41,31,12,29,13,48,21,33,22,38,20,32,44,40,21,35,37,33,20,50,50,36,19,46,38,12,25,36,17,47,46,31,25,39,39,18,47,45,41,26,21,12,36,25,48,32,40,18,41,21,15,24,14,25,21,43,46,49,37,19,45,30,18,32,15,30,22,30,29,22,30,48,14,48,43,35,38,18,41,33,26,10,49,23,42,48,31,14,44,24,37,49,17,47,24,31,37,35,11,12,27,15,12,33,33,46,21,28,27,47,24,24,20,15,20,12,21,34,30,17,24,10,10,47,44,42,24,21,11,33,18,26,23,33,18,38,17,47,14,22,39,23,29,25,44,42,46,35,39,24,23,47,36,15,11,21,13,43,34,18,20,47,31,25,34,39,33,34,13,16,43,42,31,32,34,22,32,45,20,45,41,23,39,49,38,41,35,32,36,27,16,41,10,23,42,25,29,35,19,20,49,44,37,21,13,26,35,43,23,45,44,22,46,38,23,41,12,36,19,46,38,14,40,18,28,26,31,26,49,30,36,25,11,35,29,22,34,31,19,50,11,48,40,46,23,35,43,26,26,39,28,16,17,11,17,30,37,32,40,22,46,45,31,14,49,32,17,12,15,32,17,40,39,29,23,38,28,48,33,37,41,25,28,42,45,28,18,15,37,47,45,13,17,38,20,37,48,24,43,40,36,42,11,16,44,11,29,12,27,14,29,11,11,18,47,31,24,49,41,34,20,25,35,15,44,42,21,17,27,27,19,16,29,46,12,18,28,41,47,38,46,38,46,10,45,47,37,47,16,15,41,11,48,48,46,14,41,40,38,25,15,35,33,26,46,33,20,33,23,27,11,30,38,27,33,39,16,14,41,21,29,30,11,26,35,23,44,26,29,33,17,32,39,20,28,39,17,11,21,18,49,49,18,46,42,10,28,30,25,22,14,46,19,41,18,39,41,43,24,22,13,11,16,22,14,40,34,44,19,16,31,39,44,37,16,46,16,28,33,46,19,38,49,29,35,16,19,23,12,44,14,45,16,12,41,11,29,34,19,19,15,31,48,21,16,42,11,16,32,36,40,29,14,34,20,31,41,11,49,14,44,25,44,34,12,49,41,23,41,28,22,37,22,18,38,16,27,11,37,15,37,45,40,31,34,31,27,37,31,38,12,26,14,15,38,15,20,19,37,50,46,14,44,22,26,43,17,49,46,49,39,22,16,35,47,46,26,45,47,12,13,45,44,20,39,36,38,48,37,36,46,48,42,36,30,48,40,27,36,12,10,49,42,48,34,12,37,41,44,10,42,35,27,30,17,47,27,38,32,20,41,21,25,24,42,16,18,40,23,24,34,14,31,46,14,38,42,22,27,37,26,40,45,47,24,41,27,30,23,15,29,49,27,37,36,32,10,36,18,33,43,23,47,49,11,44,14,16,23,47,38,27,48,29,31,50,28,38,11,12,10,12,10,14,10,29,13,38,44,17,13,15,12,16,15,30,41,48,40,45
40,46,11,33,31,14,39,31,20,14,12,33,31,15,12,26,28,48,30,49,15,20,31,18,29,41,15,23,44,37,26,16,23,28,21,35,20,34,47,43,30,30,38,16,39,20,29,45,21,23,40,37,46,26,30,31,24,25,43,27,43,18,20,23,43,16,24,15,36,22,31,42,28,24,34,30,42,23,30,49,27,16,20,25,36,12,23,29,45,37,21,27,18,48,19,42,29,23,46,18,17,14,41,12,37,11,13,11,44,27,49,34,19,15,44,18,38,14,45,35,39,33,12,38,36,45,12,19,45,39,29,26,46,43,43,25,22,48,48,24,29,36,42,48,18,18,18,20,34,43,32,17,38,15,48,15,49,15,48,40,43,13,28,18,10,38,21,48,22,25,33,10,26,36,14,37,29,36,16,37,35,30,10,40,27,44,33,34,18,28,30,25,23,27,15,29,43,47,36,18,11,31,20,23,33,44,47,11,25,20,36,46,17,38,27,38,12,12,43,19,11,38,44,43,47,31,26,30,12,10,48,12,40,25,16,24,27,33,10,18,38,31,11,11,48,17,46,39,37,25,22,42,14,11,40,30,48,13,34,13,18,37,13,22,27,32,40,33,11,43,34,23,32,23,36,14,14,42,30,13,43,25,45,33,16,16,15,18,18,16,45,15,35,17,37,12,25,19,42,31,13,28,29,19,26,22,10,43,17,48,38,26,28,36,35,24,42,43,18,43,40,27,10,12,33,30,32,29,30,34,14,48,15,47,23,20,24,43,28,31,24,20,14,32,37,39,36,44,24,24,15,12,31,20,35,41,47,11,48,31,19,47,14,32,12,42,18,49,26,22,44,29,34,15,31,47,44,34,33,43,37,49,36,28,39,36,13,12,10,20,13,46,47,35,29,15,22,23,40,50,28,31,24,19,31,48,27,24,16,12,26,33,32,13,20,43,39,34,16,11,38,43,14,47,29,40,34,21,46,42,16,28,24,26,43,34,48,33,46,43,16,12,38,42,29,37,38,28,34,38,25,23,27,47,10,32,41,30,22,35,21,43,21,41,49,26,37,22,40,45,27,40,37,26,12,31,22,12,33,38,23,46,48,43,29,18,21,16,32,37,43,24,19,18,13,33,24,41,37,23,43,32,30,27,18,34,41,31,46,38,35,49,11,25,21,46,28,44,31,16,36,40,21,33,18,47,20,30,25,47,43,39,39,34,48,46,32,28,11,41,29,49,48,14,42,45,19,39,14,46,48,45,46,14,26,34,12,27,24,44,43,28,34,40,42,19,17,34,18,33,44,14,12,34,49,14,48,21,39,33,26,18,15,12,11,48,48,40,46,23,46,20,25,23,16,15,34,11,43,31,27,43,19,42,26,47,44,18,17,10,28,30,28,31,33,16,33,46,37,42,25,24,23,10,43,14,25,23,43,17,46,20,17,14,10,43,50,29,39,27,23,34,11,20,46,34,34,25,45,12,35,50,37,21,37,38,33,10,14,15,36,46,30,36,34,20,41,31,18,29,46,19,40,27,44,24,40,50,31,22,31,36,33,46,12,30,21,18,20,11,29,39,36,29,24,33,37,48,19,17,27,25,36,29,22,43,28,36,17,11,17,44,19,14,45,41,21,41,43,13,12,26,44,32,14,32,45,49,23,30,49,26,16,22,24,42,49,27,12,24,33,24,18,18,13,39,25,40,14,26,37,50,38,17,27,19,20,14,29,36,37,17,17,34,15,19,39,28,48,20,24,17,36,26,33,16,28,11,26,13,42,23,41,20,42,37,20,38,20,16,42,49,46,23,16,43,35,25,40,44,18,12,41,20,45,47,19,24,36,42,27,39,11,11,46,22,22,14,28,34,45,31,32,44,41,34,22,36,28,44,16,26,42,23,15,47,22,12,45,37,11,12,40,31,46,25,44,14,28,28,38,29,23,33,28,30,15,16,12,19,46,18,12,20,41,25,32,17,17,17,49,17,14,45,17,34,27,24,35,33,45,30,38,20,16,15,38,46,27,38,42,35,44,39,20,17,11,30,21,11,44,44,18,25,43,50,15,19,42,49,23,34,49,25,31,17,27,44,13,17,34,20,18,36,11,12,19,23,30,33,42,41,10,44,25,28,32,26,16,17,21,17,27,12,22,28,27,26,30,25,45,36,23,15,44,16,47,42,24,21,30,23,48,23,34,15,44,42,26,34,46,23,42,35,39,27,44,19,28,20,16,28,44,36,12,47,41,50,27,33,41,21,50,14,42,16,11,33,43,15
25,39,34,22,15,24,27,45,15,42,37,29,21,42,42,21,35,35,49,24,39,28,30,42,15,24,38,17,50,24,11,17,48,10,31,22,26,44,41,26,14,28,19,29,26,47,42,47,38,44,15,23,19,31,40,39,24,26,24,42,29,26,46,34,39,20,22,10,30,39,11,47,20,21,38,27,13,43,35,10,21,22,30,32,21,41,19,13,15,22,30,22,40,47,36,23,14,15,27,33,18,35,12,19,39,38,42,50,24,47,15,30,26,49,19,32,47,30,27,21,22,19,48,48,39,17,23,39,35,35,49,27,11,13,39,31,40,33,37,38,33,39,32,20,36,42,28,42,41,38,19,31,39,36,43,21,23,17,12,38,11,27,49,24,32,23,46,34,29,32,28,44,12,27,13,46,16,32,36,45,21,22,16,21,17,15,31,15,23,48,11,35,37,45,15,33,31,36,36,27,41,46,26,29,17,17,31,24,20,15,21,27,19,23,24,46,26,26,26,42,33,31,17,47,49,41,29,30,26,35,39,21,45,19,18,26,26,36,13,13,13,37,25,41,41,44,50,43,37,38,21,50,36,28,23,10,19,29,13,24,38,13,12,45,36,17,21,17,17,24,32,44,45,35,15,29,23,41,49,23,24,14,19,34,29,34,24,19,24,27,18,11,37,39,12,19,43,41,19,47,14,22,14,37,48,44,15,28,25,23,27,30,27,45,13,26,40,12,42,36,33,15,27,33,38,30,41,40,38,16,42,23,18,14,23,19,23,39,40,17,46,10,11,47,20,22,35,41,29,23,35,29,41,12,14,48,27,46,15,38,49,22,42,39,28,11,39,16,27,41,23,19,18,24,50,40,19,49,48,10,39,35,48,47,25,43,43,26,29,31,29,49,25,42,50,47,37,39,47,13,30,36,20,45,39,20,43,32,19,18,45,32,23,44,18,15,33,39,36,35,28,32,33,35,27,23,47,24,49,43,40,18,36,32,40,16,45,40,14,20,44,19,25,27,27,39,18,21,31,36,41,20,31,16,47,38,21,44,48,45,49,39,40,44,49,33,49,42,36,48,30,43,17,17,29,46,49,23,29,37,50,32,42,18,42,12,35,24,21,32,27,31,18,41,26,50,45,40,32,36,43,45,37,24,10,48,18,41,40,34,26,20,14,23,24,34,30,42,43,22,23,28,28,29,17,48,36,44,40,11,12,19,31,34,36,14,17,45,33,21,27,22,42,11,33,25,39,13,11,30,40,23,18,26,20,18,45,29,39,26,22,26,16,35,50,17,22,13,39,23,23,23,16,18,47,38,29,10,14,31,11,42,23,27,44,17,25,44,41,30,46,44,49,18,46,33,30,33,42,21,35,15,19,14,42,44,33,24,44,29,18,34,38,39,41,16,33,11,34,26,25,29,23,25,40,21,15,35,29,29,34,48,28,45,46,12,25,16,28,37,11,36,44,27,19,18,13,26,40,23,31,41,23,49,23,15,28,34,15,36,20,43,41,33,47,11,44,27,15,15,41,45,43,15,38,11,48,49,26,25,20,47,24,34,43,31,12,44,38,40,49,34,24,37,44,13,44,37,47,31,19,15,45,14,23,39,23,47,48,47,15,19,29,50,45,10,23,28,28,26,28,49,12,49,38,26,34,18,23,21,47,34,25,27,22,23,33,34,15,18,27,33,46,15,10,34,29,47,33,20,26,36,43,17,26,41,25,34,26,43,33,23,13,15,22,48,40,47,22,46,14,25,46,25,43,33,25,42,25,17,42,22,23,25,46,16,25,11,34,40,17,18,32,43,41,17,32,45,46,20,18,19,36,41,31,16,19,29,18,45,46,46,26,43,40,30,36,30,31,22,25,11,25,19,39,43,39,13,41,17,46,45,25,43,42,46,45,37,18,26,17,11,21,28,48,50,28,37,24,12,23,27,29,20,40,41,21,29,20,40,41,44,36,19,30,18,13,49,19,17,43,27,33,16,14,32,47,20,44,43,29,11,14,42,13,41,48,44,32,13,23,38,30,28,11,20,45,43,25,11,43,14,26,27,16,28,32,27,12,18,34,11,22,43,43,40,37,27,13,44,15,44,47,45,14,46,47,31,40,41,27,48,23,14,26,29,23,36,46,23,21,24,17,49,22,32,26,16,50,46,37,38,24,45,19,50,12,34,30,33,41,11,45,42,17,19,11,38,47,41,28,38,28,33,18,30,49,38,48,27,31,49,23,49,28,18,15,26,48,37,45,50,23,31,17,28,28,38,20,31
17,32,43,32,29,13,11,47,28,14,18,46,48,48,45,35,42,14,11,36,41,14,44,17,33,42,26,21,30,26,23,43,20,24,18,37,31,28,16,32,27,25,13,42,47,33,49,43,39,18,29,20,28,30,25,45,29,42,48,41,34,50,48,15,48,34,41,30,40,19,26,18,40,36,20,28,43,32,38,43,24,14,45,27,17,34,38,41,16,26,16,41,32,19,35,43,16,33,42,20,41,13,13,18,14,36,13,26,36,23,30,19,30,49,16,13,38,44,35,15,41,42,28,49,17,39,31,40,37,36,13,19,42,24,14,16,13,37,11,29,48,31,22,39,32,15,20,16,11,18,27,49,11,46,40,23,14,18,32,31,22,16,15,42,27,47,50,10,32,37,37,24,13,23,38,26,39,17,28,38,30,29,13,30,42,14,25,28,17,36,44,43,12,48,15,45,34,13,29,22,27,22,16,46,38,47,38,43,34,22,46,17,41,45,10,17,15,17,46,18,13,11,19,38,45,14,26,38,36,41,11,15,19,35,35,27,20,37,14,19,47,20,24,45,38,39,30,29,32,19,49,31,47,44,40,38,13,45,26,16,35,39,24,29,36,30,24,32,18,49,26,31,32,19,43,39,46,10,41,22,14,43,44,17,32,47,46,33,32,45,41,16,43,20,46,19,29,34,13,37,49,17,23,23,39,38,27,19,27,33,31,20,30,31,32,49,31,17,31,18,25,25,32,44,49,17,35,30,47,24,50,48,12,44,40,25,42,48,24,23,23,44,47,30,25,12,41,28,28,35,14,43,14,14,25,19,25,22,26,22,34,40,17,14,36,40,32,25,39,17,36,12,28,14,36,21,45,37,20,19,17,16,40,46,23,40,16,39,34,16,46,17,22,23,44,44,11,48,24,14,42,21,49,11,25,15,12,42,40,38,37,11,44,14,36,46,14,34,48,42,25,17,27,48,28,26,35,39,10,40,45,12,27,22,24,41,28,31,39,26,27,48,43,43,10,22,12,23,44,22,46,21,42,46,15,33,47,23,40,26,42,36,44,10,35,40,33,26,49,46,22,35,20,16,25,46,49,12,34,17,11,46,38,15,31,23,47,30,22,42,22,39,36,10,24,10,11,25,14,19,37,24,36,15,13,26,37,48,31,24,19,30,46,35,17,17,36,12,41,21,35,17,34,23,48,43,35,17,45,22,39,17,20,22,19,20,39,45,47,11,10,25,10,31,39,12,42,34,37,24,10,38,29,23,17,48,40,12,37,48,33,44,49,14,45,29,13,16,28,26,30,37,25,50,49,38,25,34,19,50,28,24,49,20,33,34,39,35,11,34,17,18,25,49,50,36,34,46,16,17,47,31,30,25,26,22,33,16,12,44,46,26,30,42,49,31,16,19,13,32,34,48,30,28,14,29,18,12,25,15,47,45,21,25,39,33,39,44,36,36,14,42,37,13,25,27,38,40,13,25,49,25,32,10,48,39,35,23,25,31,24,26,25,35,35,13,18,31,33,28,28,49,16,15,25,43,45,41,41,37,31,30,18,12,28,44,29,26,41,22,41,12,37,25,25,21,32,43,27,37,44,14,31,31,50,17,39,29,48,25,11,48,19,18,13,24,44,25,17,13,14,16,28,40,12,46,11,32,42,44,27,25,28,35,25,34,27,18,43,34,44,39,39,20,50,21,40,28,38,16,47,20,44,31,18,31,23,42,36,23,29,12,30,42,36,28,20,33,29,39,41,25,45,28,26,24,34,28,43,23,21,27,15,29,47,11,28,21,44,43,28,47,31,27,29,10,18,30,18,27,34,44,25,49,19,19,38,40,33,31,36,33,49,38,27,49,41,40,39,10,25,20,18,34,34,36,13,11,42,34,37,32,23,43,28,46,16,33,14,47,35,34,41,45,48,49,30,15,44,36,31,43,27,49,14,31,33,32,15,22,17,46,23,31,27,23,24,21,44,48,41,49,25,28,30,39,11,31,35,30,14,26,19,42,26,39,43,14,40,26,38,46,45,27,13,28,19,45,15,35,18,19,50,45,34,28,49,49,22,29,48,50,21,12,16,17,26,27,19,31,39,11,34,34,35,13,49,24,21,29,44,32,18,49,37,50,31,34,25,23,20,37,42,23,12,42,28,27,41,49,30,31,14,26,15,17,40,23,32,35,20,41,24,44,20,32,43,40,22,33,44,43,10,18,44,29,25,23,34,14,17,16,41,19,23,27,34,38,32,27,23,45,19,23,31,42,44,49,46,34
11,31,23,31,49,37,21,31,42,23,28,12,27,32,44,20,43,30,23,25,44,36,46,21,42,41,13,41,27,49,28,24,17,46,32,21,45,23,40,46,45,29,21,38,42,43,20,36,19,49,47,48,32,26,34,35,21,36,10,20,34,41,21,44,31,33,20,15,21,37,13,41,19,27,25,26,10,16,25,16,32,36,28,24,50,34,21,13,19,36,39,39,12,28,45,24,22,13,43,12,12,32,42,37,34,18,33,38,39,44,36,46,37,45,24,15,25,39,38,20,12,28,17,36,18,16,24,46,44,23,24,10,21,15,20,12,49,26,11,26,22,34,46,20,32,28,32,40,15,35,40,30,49,26,17,42,26,21,26,20,24,17,27,39,13,44,11,24,23,29,21,45,12,26,28,47,44,32,45,10,37,35,46,28,48,13,48,41,31,12,26,37,20,32,47,32,10,36,37,14,38,27,23,44,43,38,32,34,21,14,35,33,48,28,42,49,38,11,31,31,35,21,47,37,11,48,38,30,44,35,48,34,48,35,21,10,35,43,35,46,37,14,12,48,29,18,40,40,48,29,49,31,14,38,14,25,21,19,33,27,26,10,35,16,45,15,20,47,11,32,45,29,12,41,19,13,29,49,20,14,26,37,46,39,14,26,32,26,16,33,46,50,28,12,14,41,22,11,24,11,39,35,24,16,31,33,16,48,15,24,37,33,47,21,33,43,27,12,17,18,48,45,36,13,49,39,37,40,40,43,25,37,28,22,46,22,44,15,32,10,26,31,27,48,45,26,37,28,30,29,41,39,50,29,46,11,34,19,37,39,20,13,30,17,37,19,23,20,23,42,13,24,13,28,29,45,35,30,33,40,20,17,30,25,15,36,13,21,38,38,43,38,41,28,12,42,35,18,31,32,11,23,27,15,14,32,34,18,43,29,20,36,32,49,12,38,40,48,41,15,40,43,37,31,50,33,17,36,17,43,16,16,31,48,33,33,21,46,42,42,15,44,43,14,50,16,29,45,37,10,48,49,15,25,31,50,29,27,24,18,26,31,44,19,50,12,23,48,12,18,19,27,37,19,50,22,50,12,45,16,25,39,11,41,13,23,21,21,32,39,15,47,21,28,42,32,12,31,29,38,17,27,19,20,19,19,13,33,30,38,12,19,25,16,37,36,14,44,30,29,19,30,33,19,45,46,17,10,40,48,15,14,35,18,28,15,38,41,41,34,12,41,35,31,48,36,15,45,33,42,14,40,19,24,29,45,27,18,33,24,34,34,32,17,16,14,16,31,37,35,32,32,43,14,41,22,34,41,12,37,43,21,12,38,49,25,48,18,36,25,13,38,31,42,20,22,38,27,38,14,16,36,27,49,49,22,14,48,25,28,33,21,43,19,36,13,49,20,15,32,29,18,49,42,21,28,39,42,36,24,49,39,48,13,37,49,25,20,29,45,26,44,25,34,36,45,36,28,36,21,14,20,44,31,43,12,14,31,27,39,49,17,23,29,35,48,16,26,28,22,37,15,26,34,48,19,44,18,25,27,23,23,24,23,17,46,40,20,18,45,23,39,30,38,48,41,20,45,22,11,42,49,35,41,14,32,22,12,27,13,40,13,38,23,44,26,32,38,11,18,42,34,27,29,36,28,17,44,34,23,11,31,30,22,33,38,12,36,23,50,12,14,18,22,46,25,44,12,11,23,44,24,47,20,31,20,29,43,37,50,50,42,45,15,46,46,21,34,48,22,26,17,24,46,37,33,25,48,38,21,19,18,11,32,37,20,37,25,25,45,19,13,38,20,29,43,30,47,45,10,22,28,18,23,44,16,29,45,23,16,46,41,49,12,23,36,44,16,12,25,49,26,43,43,37,25,46,17,23,32,21,24,44,13,15,35,40,24,35,39,36,46,14,28,10,50,43,13,29,45,41,40,18,23,19,27,12,40,18,25,22,48,31,39,21,18,38,32,15,11,25,31,47,23,16,24,28,46,39,42,16,33,21,27,18,22,32,43,14,20,23,28,49,21,13,28,12,23,20,50,41,11,29,18,21,13,40,31,24,33,50,26,38,41,19,44,44,34,44,21,23,11,34,13,48,42,35,50,14,47,41,47,45,29,48,48,18,48,30,42,40,38,39,11,33,28,48,43,49,10,38,19,25,30,29,12,26,40,48,42,26,22,18,17,18,17,19,34,48,11,28,13,32,15,50,31,23,22,49,37,23,26,42,40,28,27,36,23,28,29,13,17,28,33,13,14,36,50,37,31
32,37,29,36,43,31,26,46,47,14,25,18,47,28,12,48,15,42,28,37,37,41,47,24,20,20,11,36,42,19,12,33,32,43,29,16,25,11,49,48,23,31,41,15,27,38,36,22,27,48,21,21,46,10,12,11,12,42,15,17,28,13,43,30,41,42,36,29,14,35,31,49,16,47,50,50,19,37,35,22,17,49,29,34,50,46,16,40,22,44,44,15,21,29,17,22,46,46,12,12,13,15,42,27,23,22,34,25,37,40,22,33,19,14,26,38,39,46,11,23,14,46,32,49,39,36,28,14,17,27,28,28,12,15,13,16,13,24,31,46,32,29,29,26,14,41,16,20,14,48,15,28,36,12,21,39,34,39,35,36,19,24,29,33,49,46,15,15,36,31,25,42,32,43,20,10,16,14,28,34,40,16,45,39,46,12,48,37,39,37,29,43,41,50,42,36,44,27,36,11,14,47,29,37,37,31,18,35,32,49,40,13,12,18,35,46,16,11,37,32,25,30,22,37,27,43,11,34,28,25,17,16,22,41,35,26,10,21,26,11,37,45,31,43,32,48,46,28,13,23,45,32,44,50,11,29,47,42,12,42,44,34,11,14,22,18,25,48,46,48,46,29,27,44,10,36,38,44,26,44,38,38,33,16,24,21,16,34,20,27,46,23,28,41,41,37,48,38,31,14,50,32,24,46,10,34,26,18,27,17,24,24,26,12,10,37,41,45,20,23,47,47,22,24,26,22,21,39,38,30,35,23,19,31,19,10,43,28,19,39,10,40,18,41,20,15,45,20,34,40,33,11,44,20,18,15,26,43,27,28,22,12,29,47,28,35,13,48,48,24,37,43,47,15,38,12,25,24,42,17,14,23,31,17,37,32,45,45,50,31,37,47,45,25,43,12,15,43,46,46,39,37,42,48,46,44,31,22,34,11,32,13,30,40,16,13,13,19,24,17,22,18,18,13,17,13,41,38,26,24,32,22,32,10,16,26,46,14,22,38,28,17,35,35,42,18,42,37,17,23,16,44,40,37,13,12,14,29,14,30,16,28,25,44,34,25,29,44,46,27,38,43,31,46,26,39,47,46,24,14,15,19,16,25,49,47,12,28,18,22,45,11,47,44,12,11,27,14,49,29,30,24,15,27,46,26,24,42,37,27,46,34,22,39,34,49,26,20,37,31,19,26,20,32,38,28,46,50,17,26,20,34,39,18,34,19,28,13,12,14,27,27,34,22,15,35,18,38,28,48,17,38,27,43,24,38,48,31,27,32,29,36,24,23,35,35,27,49,46,50,17,17,17,28,14,10,45,21,39,29,31,19,49,21,22,28,40,25,24,12,40,33,33,43,39,17,23,24,34,49,27,46,39,43,41,41,27,38,44,25,40,11,12,48,13,18,19,22,48,40,12,12,10,32,44,46,34,47,43,33,12,13,12,47,28,16,26,39,20,11,34,27,50,18,43,43,21,44,14,35,46,11,46,20,33,31,16,34,28,16,23,30,35,49,42,41,11,13,36,15,37,14,41,37,26,18,48,23,32,30,41,19,12,19,24,13,38,20,49,24,34,47,15,24,40,16,40,22,43,49,41,21,33,47,48,29,48,20,12,50,32,32,27,17,33,23,14,22,35,20,24,25,26,19,28,47,28,30,32,12,45,24,34,38,15,46,45,33,42,21,24,46,13,26,16,46,14,36,32,13,31,33,13,22,13,15,15,33,21,12,16,34,34,10,11,44,40,11,23,24,17,18,32,42,21,46,25,12,12,21,25,33,43,26,21,41,48,38,36,17,25,21,38,19,28,37,32,50,45,29,29,45,17,26,24,16,23,11,27,18,40,43,41,22,37,46,15,23,16,47,41,20,30,41,43,42,49,21,25,14,44,38,27,41,19,13,15,36,12,41,45,14,33,41,40,15,33,14,32,20,48,38,17,26,45,44,44,32,47,34,23,15,35,25,47,19,21,24,41,36,46,45,34,22,34,30,26,45,26,12,26,23,36,36,17,46,25,15,10,12,35,26,24,41,11,27,11,20,43,34,32,24,33,34,17,37,14,49,25,45,30,29,30,10,40,26,27,38,45,22,15,11,23,48,24,17,46,46,30,18,24,30,39,38,25,38,36,20,43,38,28,36,33,20,29,33,12,45,48,36,44,30,18,39,29,37,34,34,36,50,40,39,22,32,37,36,23,49,47,46,27,32,40,16,23,42,24,36,34,36,18,34,25,19,44,18,45,27,26,37,29,13,36,20,22,41,48,29,37,45
49,22,14,32,32,32,16,37,28,35,36,17,23,43,21,20,23,38,43,25,43,25,13,14,18,42,19,22,35,23,16,40,38,22,38,23,47,10,32,24,34,36,29,19,16,48,29,48,16,42,35,35,13,22,33,28,13,26,42,45,42,17,23,31,19,15,27,43,36,47,11,20,10,38,43,17,43,27,32,45,19,12,36,28,44,22,28,35,42,24,18,26,32,35,43,49,35,12,43,14,40,45,42,12,45,48,45,41,44,31,20,38,14,14,45,15,48,14,43,45,45,14,14,32,13,49,21,33,22,43,47,27,33,23,35,38,18,20,40,23,36,42,32,49,18,33,12,21,30,39,25,38,16,19,24,47,41,26,31,17,41,27,17,28,31,30,32,38,37,34,15,32,19,12,49,39,23,17,22,48,38,16,37,47,41,50,32,35,18,20,27,19,28,48,30,19,37,38,28,38,35,10,39,45,16,31,31,43,25,29,46,25,35,33,31,30,15,35,26,23,44,24,39,12,26,46,41,32,49,23,30,38,46,48,29,19,43,39,32,40,44,39,34,29,22,10,44,26,41,28,22,37,20,38,37,47,26,28,28,16,17,12,31,42,34,16,15,43,10,32,37,35,38,17,46,13,14,45,37,26,40,45,20,49,22,43,10,17,28,16,14,14,13,41,15,14,15,37,39,41,33,44,26,45,47,49,31,42,50,47,46,48,14,42,29,14,26,47,36,13,39,40,22,47,20,29,38,40,42,33,37,19,39,45,32,26,27,39,31,47,32,31,40,26,27,44,26,19,22,18,14,13,48,39,24,33,44,25,14,49,39,20,43,22,33,43,38,19,26,26,45,27,10,19,23,16,27,26,44,45,48,41,38,36,46,18,13,36,22,43,16,40,24,11,29,33,34,49,45,40,35,47,14,46,19,22,42,38,24,39,13,29,29,41,28,31,22,33,43,43,16,19,47,48,40,41,33,35,17,28,49,19,16,25,36,18,12,37,35,41,38,41,39,33,11,50,19,49,33,17,44,23,37,41,19,44,41,32,16,36,37,23,12,49,12,50,26,35,21,14,15,38,15,44,36,19,19,12,35,23,28,28,15,47,28,29,41,19,13,25,44,32,37,26,24,45,34,37,32,43,41,39,17,25,32,42,36,42,17,33,17,16,34,25,19,40,23,38,29,44,24,39,30,28,44,19,15,16,35,46,18,26,49,22,38,18,46,36,15,19,29,50,33,39,25,13,44,23,47,25,30,49,15,38,16,23,18,33,18,13,31,12,23,37,45,43,18,19,44,22,41,21,19,18,11,27,25,23,38,21,21,31,21,22,22,33,20,34,22,39,16,31,38,15,25,47,18,42,33,17,45,11,38,20,10,32,13,31,42,23,34,34,28,28,16,12,33,20,30,31,19,32,27,12,20,48,22,42,22,46,36,43,32,48,19,19,40,31,34,41,14,20,36,43,22,44,39,23,33,20,39,45,30,13,33,43,24,37,21,37,15,41,19,42,23,36,11,19,33,18,30,16,41,37,28,40,41,43,23,37,32,28,11,50,12,19,48,45,19,35,31,44,40,43,14,32,28,39,36,48,45,46,22,17,32,45,34,28,49,17,29,33,28,33,27,49,38,34,49,18,15,11,45,47,46,48,32,49,28,38,10,13,19,12,34,11,45,19,28,18,20,46,26,30,40,15,47,37,48,27,49,35,48,19,36,44,29,40,12,12,28,38,32,17,14,15,36,24,11,46,15,34,25,17,40,35,25,18,35,21,17,49,40,17,21,13,40,16,30,10,26,27,11,11,21,14,17,24,49,16,17,29,22,42,32,32,42,25,11,35,40,35,21,22,15,49,20,11,23,37,18,23,32,12,29,28,36,44,13,50,18,12,40,32,26,11,46,14,14,47,22,39,16,19,12,12,17,22,40,17,42,24,39,37,44,29,43,19,40,23,43,48,49,38,27,20,10,39,23,30,17,39,27,50,38,16,35,28,37,41,26,27,38,50,40,43,46,27,22,37,43,42,35,44,44,42,31,27,49,37,22,39,45,13,35,22,39,31,18,28,10,23,11,32,43,36,42,25,37,13,39,27,12,44,50,32,32,47,26,39,25,37,41,18,29,36,13,14,38,12,28,24,39,43,27,28,33,20,39,25,22,28,48,24,49,31,27,14,28,50,15,43,44,27,47,28,15,14,23,13,46,30,40,14,41,34,19,37,10,28,17,15,23,30,41,41,20,13,42,47,15,28,33,48,22,49,38,35,12,18
13,12,28,26,30,19,17,30,26,22,24,25,39,36,18,45,46,33,17,26,32,30,48,37,31,17,46,35,28,46,14,17,19,19,45,28,32,20,27,14,28,49,26,43,34,44,35,24,32,15,36,33,31,50,22,32,20,27,50,22,18,24,28,28,38,23,19,36,20,42,33,48,33,20,40,15,34,44,38,30,23,33,46,11,48,49,10,29,36,26,15,36,29,49,49,27,43,26,37,14,32,26,43,21,32,31,30,41,18,38,14,31,32,49,30,32,35,29,40,39,24,37,26,35,26,27,39,21,41,41,27,35,13,23,35,33,17,41,24,23,47,34,31,28,14,37,33,19,44,46,30,30,14,24,48,28,20,12,23,34,16,33,27,20,13,50,12,22,13,50,49,24,23,47,13,18,26,32,45,21,20,30,20,44,23,46,27,45,33,22,37,25,16,46,26,40,22,49,50,20,25,38,43,18,11,14,17,49,31,49,20,36,23,35,23,20,20,21,50,10,19,10,36,38,41,37,17,12,11,13,46,41,41,37,42,36,43,21,14,28,40,13,12,18,32,20,21,37,37,27,28,25,40,29,10,28,17,14,38,22,23,28,31,29,33,48,27,31,19,40,45,36,46,40,38,31,36,31,28,40,29,12,40,28,20,12,39,28,38,38,43,30,31,43,39,21,20,23,34,13,20,38,18,35,16,36,49,43,39,49,15,22,43,30,13,31,37,29,25,36,19,28,13,19,14,49,24,40,11,49,25,16,48,17,22,26,14,31,37,11,27,25,20,50,34,26,32,29,44,11,19,24,44,34,33,44,48,43,37,44,33,26,20,23,37,29,48,19,33,46,32,42,14,11,32,20,40,33,44,43,22,23,45,33,26,15,31,17,23,48,20,44,43,49,38,13,37,18,47,37,20,31,45,26,11,14,41,36,32,24,29,18,36,47,37,32,24,23,46,31,42,47,22,42,23,39,12,16,16,22,48,43,12,16,25,12,20,36,36,43,39,36,35,24,15,50,37,22,35,24,49,29,49,39,15,36,10,30,49,50,46,48,49,39,35,17,40,44,39,44,18,16,24,23,40,47,22,41,38,39,32,21,31,23,17,17,48,12,23,19,19,48,29,19,46,35,22,24,29,48,42,20,15,25,42,34,40,12,45,48,12,46,17,11,24,39,28,14,23,29,24,45,43,36,21,38,41,43,18,31,26,37,25,44,45,15,14,15,33,46,33,40,25,19,27,11,19,13,17,13,38,21,26,42,35,33,38,25,21,22,20,20,11,22,25,45,35,29,32,20,29,36,23,11,23,39,18,26,42,44,12,17,16,14,18,39,37,12,19,14,16,38,12,11,14,22,15,47,41,21,28,34,32,35,47,29,23,33,16,31,22,25,19,24,41,16,39,27,32,47,15,32,41,42,30,46,40,26,11,20,31,20,32,11,49,49,34,27,36,43,16,37,32,18,22,11,42,49,30,28,31,35,32,41,11,48,47,48,18,35,43,26,39,39,12,31,41,28,13,17,37,15,17,36,19,47,30,44,23,22,31,36,46,12,15,13,18,27,39,48,20,14,25,16,26,11,36,16,23,15,11,48,13,34,20,26,45,15,46,39,30,37,49,38,30,41,16,10,23,15,45,40,19,46,11,17,24,19,36,42,12,49,46,36,45,16,43,41,33,31,35,33,23,19,13,14,21,34,31,29,45,48,21,18,46,28,14,47,19,23,25,47,43,23,19,47,37,25,13,27,24,40,13,43,24,23,13,13,13,26,16,20,40,30,47,14,21,13,46,44,24,25,24,23,18,27,32,19,30,23,47,13,46,29,35,18,28,25,21,23,33,21,49,32,38,28,36,25,42,25,23,36,10,39,22,49,37,24,23,44,49,37,37,21,50,12,24,41,23,45,15,41,42,20,17,30,41,32,33,24,25,40,47,15,46,48,20,25,20,17,49,27,26,31,39,12,35,11,43,35,29,17,17,30,49,11,26,34,10,41,32,45,34,24,47,36,42,20,50,46,14,18,14,13,47,15,35,37,33,47,15,22,11,37,15,41,19,28,32,47,48,16,32,15,43,32,25,44,40,34,44,18,45,45,41,46,34,48,43,13,41,40,23,36,25,18,34,29,28,41,31,39,15,42,30,13,50,38,31,46,27,37,33,20,15,21,24,50,35,14,37,39,15,45,18,22,45,32,21,38,12,11,46,26,41,21,30,39,25,11,14,27,11,28,21,29,27,24,25,11,49,25,33,16,19,26,48,14,42,48
31,23,24,47,27,30,12,30,13,44,18,12,20,47,42,26,11,24,14,27,46,50,40,14,13,24,11,15,23,40,16,44,25,36,24,23,19,32,41,40,13,22,25,49,33,49,45,49,50,23,33,16,24,16,37,12,42,41,22,25,30,32,28,22,25,40,24,36,13,13,41,42,11,28,43,45,44,40,45,25,27,50,33,45,26,30,50,34,22,43,43,36,44,40,14,23,27,12,37,28,43,42,16,13,36,39,17,48,23,37,35,22,22,23,27,42,39,21,15,44,50,45,36,27,30,31,11,13,19,39,24,17,44,22,43,33,40,18,47,35,34,49,12,35,28,17,46,19,22,15,27,47,13,23,42,21,36,45,31,29,29,21,32,14,32,34,45,30,20,13,17,50,42,23,41,44,40,44,24,42,13,15,31,14,39,49,13,29,27,44,24,22,33,26,50,44,27,14,25,25,41,23,40,38,12,32,31,28,13,36,34,50,46,32,45,18,48,18,33,32,47,23,18,46,33,27,14,35,43,39,39,39,26,35,34,49,26,17,42,43,40,36,32,48,41,32,46,27,28,30,20,18,39,33,48,29,14,29,33,31,46,50,17,49,16,28,31,17,29,45,34,28,44,15,43,13,31,43,21,22,14,45,39,21,50,31,35,14,30,41,21,11,34,42,23,43,44,19,18,23,46,41,21,30,15,25,48,37,48,46,16,22,40,12,12,25,39,35,18,17,38,37,32,32,36,27,15,31,28,35,27,18,18,36,35,39,31,49,26,31,14,50,19,15,12,32,21,24,12,43,43,19,30,16,35,14,35,13,32,41,47,31,13,44,14,37,46,39,46,15,23,15,17,13,48,14,18,49,18,48,43,47,47,40,40,35,16,29,35,32,46,15,18,38,19,29,31,24,22,21,11,42,14,11,15,32,27,41,46,12,49,27,27,42,11,13,38,38,40,41,45,48,22,39,44,28,13,33,25,29,12,35,39,48,32,17,13,48,11,33,22,44,28,20,40,43,41,18,34,49,14,28,17,39,19,42,20,11,14,49,33,29,20,18,22,43,26,30,21,19,47,48,21,47,17,15,36,11,43,43,31,41,48,31,44,13,35,23,42,23,49,41,37,13,27,38,40,23,37,43,47,26,23,30,24,43,30,12,31,18,25,29,21,21,19,30,27,40,40,30,14,34,45,49,31,32,10,35,43,35,39,37,24,48,18,39,47,40,20,23,13,45,49,27,26,16,33,26,44,28,11,41,33,19,23,28,47,43,47,28,41,14,34,44,26,40,17,15,48,19,43,26,20,47,45,14,50,27,36,34,20,50,39,47,23,14,47,31,25,41,38,14,42,24,22,32,37,14,35,40,40,45,38,16,22,46,35,18,44,22,21,13,28,15,42,33,36,16,39,14,40,37,38,38,20,40,38,44,16,40,23,33,23,23,44,24,19,18,27,22,35,23,14,35,44,47,17,37,41,45,32,16,22,22,23,19,33,17,28,43,33,35,10,15,12,40,28,27,21,40,45,22,11,49,11,41,42,11,49,38,37,46,14,39,24,11,43,24,29,37,45,16,25,44,30,40,38,50,16,44,11,12,29,14,31,14,27,31,28,26,28,15,48,16,19,16,22,11,32,49,50,25,18,24,32,46,49,31,11,32,19,17,23,18,42,36,23,45,12,28,47,17,10,11,50,19,48,28,10,49,15,40,36,31,31,49,32,42,33,45,34,32,19,34,18,10,46,43,41,50,32,25,37,40,36,45,48,24,22,17,37,41,45,15,36,34,15,48,31,35,12,44,43,24,47,15,31,33,42,14,30,45,17,46,50,20,22,23,41,41,19,44,12,19,48,28,13,12,41,23,45,35,12,36,18,14,41,24,38,34,26,29,13,37,31,27,23,27,30,22,19,12,19,16,38,48,22,43,25,48,30,48,28,47,25,27,27,16,13,10,36,32,21,17,38,16,24,39,12,50,23,20,15,30,48,27,31,20,41,35,16,45,48,50,13,29,35,39,19,46,19,31,11,30,32,36,43,50,18,12,19,30,13,22,43,46,30,12,26,45,47,22,24,37,28,15,19,28,43,16,43,12,10,44,46,41,24,39,46,18,48,42,17,29,48,13,32,23,18,34,38,48,13,45,25,15,36,29,19,36,36,24,36,37,43,12,37,16,44,29,15,25,37,41,38,29,17,39,26,18,25,19,44,44,32,14,13,42,41,45,47,24,25,25,27,27,22,13,33,40,48,48,34,29,45,42,37,38,27,49
36,36,13,30,45,46,25,37,46,24,16,30,42,33,17,13,26,21,36,30,23,23,25,43,32,43,32,11,24,20,19,36,23,15,13,48,50,25,42,25,30,21,38,29,44,49,30,43,21,23,49,42,47,12,42,35,20,18,41,32,15,22,46,16,47,17,27,11,31,32,40,46,19,27,37,12,40,48,44,40,27,12,15,19,27,42,38,38,31,42,14,23,46,37,39,11,44,47,41,18,15,16,45,15,48,36,50,40,43,15,47,40,46,27,22,17,28,35,21,25,19,39,46,42,36,27,38,46,39,38,24,23,32,43,32,10,37,47,47,32,37,11,45,40,44,21,44,22,19,46,30,38,18,49,33,24,19,20,42,46,29,22,18,17,34,11,33,21,17,33,39,14,14,41,28,28,20,35,49,16,13,27,13,38,49,26,37,38,12,42,19,36,11,45,18,44,49,20,32,22,47,42,19,24,28,11,11,34,14,49,19,28,10,14,14,11,42,20,14,29,39,49,16,18,38,18,39,15,40,33,40,43,26,10,18,16,12,11,33,17,46,32,24,19,29,35,49,15,33,36,14,36,41,47,12,41,49,34,28,28,21,26,23,18,48,18,31,24,30,25,18,27,34,37,17,17,33,31,49,37,30,46,16,35,10,23,22,33,17,41,33,30,43,16,13,42,48,26,32,16,28,45,30,23,11,30,38,15,23,15,46,30,27,30,42,25,25,27,19,19,10,42,21,40,37,42,49,44,14,29,20,11,32,27,49,15,21,20,40,41,41,28,10,21,16,47,34,35,33,16,38,11,12,36,49,35,38,22,37,24,38,32,18,33,47,36,18,38,28,15,19,19,45,44,50,44,44,47,13,11,39,26,31,47,41,36,39,36,34,43,49,45,11,12,25,47,11,15,20,31,12,47,21,18,49,19,35,49,46,37,16,48,38,48,40,43,30,27,44,24,47,12,26,25,24,17,41,19,36,36,47,43,47,22,40,40,36,40,19,29,48,44,44,40,40,19,32,44,49,45,16,39,16,32,29,20,21,22,28,48,24,41,38,37,35,11,19,45,36,29,16,18,49,20,33,33,24,40,18,39,27,28,15,36,44,38,11,12,24,35,15,45,23,46,45,18,24,23,34,17,11,12,32,41,29,40,27,22,18,26,47,12,34,11,17,33,34,16,30,20,46,39,18,37,32,32,33,18,34,25,41,15,20,50,41,12,41,47,38,13,32,24,47,25,36,39,38,45,25,21,31,22,35,32,42,20,35,44,17,49,16,18,26,44,39,41,12,41,28,13,12,20,29,32,42,22,46,41,28,39,22,49,31,17,23,50,33,34,44,23,26,21,13,17,37,33,31,14,24,36,15,17,42,25,20,16,49,25,38,12,35,33,35,11,42,44,37,18,26,26,41,46,20,14,43,24,19,23,20,39,48,46,39,48,45,11,34,48,10,36,17,37,27,37,12,12,32,47,44,32,35,46,16,26,14,23,49,12,35,45,29,30,38,20,17,35,35,23,43,32,27,20,21,32,49,50,42,45,39,23,42,34,20,23,43,13,30,13,43,24,37,29,18,37,16,22,48,33,44,15,32,29,14,45,38,47,13,15,47,30,40,30,35,30,32,44,37,22,47,22,17,35,17,37,45,36,41,21,44,32,26,38,34,18,14,30,27,13,24,30,14,34,24,25,31,31,10,31,15,14,12,48,22,41,50,46,23,33,44,12,24,30,40,13,48,32,49,36,12,17,11,18,28,19,31,33,28,17,35,17,44,25,12,46,32,31,35,24,13,44,39,13,40,13,25,16,15,43,32,31,20,15,18,25,46,23,11,43,47,22,16,40,34,11,40,22,11,43,17,47,36,44,20,25,33,14,39,44,40,23,48,12,48,25,47,41,24,36,24,50,17,50,35,50,46,35,45,40,19,37,21,13,26,15,13,34,20,14,16,18,48,18,30,11,29,37,49,13,16,34,20,20,38,39,41,23,41,29,41,11,10,38,17,22,31,47,49,35,43,45,45,19,13,31,24,49,20,47,31,33,46,28,35,21,17,23,16,42,39,25,41,36,24,50,33,17,28,44,37,43,25,40,39,16,17,39,39,25,17,42,46,31,41,30,21,44,13,19,48,44,48,23,28,35,28,21,39,20,22,29,13,34,49,11,16,40,28,42,37,11,26,41,46,14,44,26,29,48,23,49,34,20,33,49,10,41,22,42,28,28,12,49,29,25,23,18,27,27,11,21,16,23,21,19,28,39,35,26,40,18
15,24,32,26,17,19,16,31,46,42,45,31,25,31,27,35,42,35,48,23,48,27,20,28,22,13,26,11,38,18,38,28,15,41,21,10,15,26,27,14,27,46,21,34,42,12,14,15,24,27,18,47,14,11,37,43,13,15,11,24,25,20,46,29,16,16,22,21,42,21,11,39,18,11,26,14,42,49,20,41,12,13,12,20,26,16,30,14,31,13,19,22,13,21,19,19,34,46,40,24,50,32,37,20,45,16,50,25,20,40,47,43,46,30,36,44,32,31,49,32,14,26,38,33,11,11,11,27,38,33,16,11,38,14,26,11,42,16,15,47,24,41,45,25,47,49,21,46,27,23,26,14,23,48,24,33,40,33,36,45,35,34,21,14,15,49,43,17,44,12,23,50,24,29,11,49,21,31,18,39,48,24,17,46,42,23,20,12,43,13,31,35,30,46,12,41,10,28,26,19,16,27,32,18,32,34,32,41,41,11,25,13,12,26,40,11,40,32,29,45,43,19,40,48,14,15,46,15,35,31,25,19,29,11,25,10,46,25,11,31,39,19,16,26,32,41,27,46,42,30,28,28,17,44,30,42,12,10,30,33,36,37,34,36,41,35,17,46,36,27,38,35,44,37,29,18,45,50,14,21,23,29,43,12,44,41,11,36,13,16,28,19,38,26,42,35,28,23,14,43,44,30,48,38,28,35,29,21,16,21,38,17,41,43,48,11,32,35,46,35,39,41,42,37,36,24,13,22,35,48,33,35,15,38,15,26,28,25,42,21,40,43,27,28,44,40,22,36,31,25,47,21,24,30,34,33,48,44,36,19,25,35,18,40,21,36,17,27,26,21,33,48,36,32,17,11,42,42,36,37,50,42,39,18,38,46,31,17,28,16,13,16,21,11,19,31,46,26,29,31,26,43,48,47,46,28,28,18,13,15,11,34,16,49,43,14,40,33,23,42,39,30,22,12,41,25,26,48,45,19,41,21,16,25,31,21,28,23,29,47,36,24,28,39,29,34,13,32,22,16,28,14,32,26,23,14,35,29,26,23,35,11,35,46,48,47,44,14,28,39,48,13,43,18,45,34,21,45,26,38,18,20,35,34,45,26,46,23,16,25,12,34,17,33,48,33,44,14,46,28,45,35,16,27,49,45,13,47,34,41,29,37,12,31,27,39,35,22,19,13,34,36,22,18,25,30,11,45,44,39,38,20,36,32,47,32,12,37,27,38,35,45,48,20,20,35,15,23,23,21,26,41,33,29,24,20,44,34,14,33,24,23,29,37,30,42,40,16,24,41,35,30,10,15,49,27,33,43,22,13,17,50,21,21,42,19,22,13,26,36,44,10,28,13,26,24,11,21,31,25,13,47,23,48,41,37,45,32,23,41,38,47,49,34,22,43,24,23,41,22,49,43,11,36,43,16,21,19,31,15,17,26,33,19,18,32,49,47,29,20,49,35,15,28,12,27,34,45,33,25,32,45,32,45,48,26,48,17,49,11,36,24,44,14,36,49,10,35,30,45,42,18,33,31,27,13,23,21,26,38,33,12,15,18,40,39,22,37,29,31,29,45,40,31,21,47,47,35,42,27,25,34,29,33,44,39,10,44,48,36,12,12,13,36,43,38,30,12,44,29,45,40,22,19,46,23,13,14,31,19,37,34,24,20,21,44,32,42,35,23,44,45,15,41,21,39,38,49,23,49,33,10,23,21,47,43,34,41,41,19,26,22,14,47,28,50,49,22,31,39,13,20,44,29,31,38,44,31,43,26,11,43,16,44,45,42,49,13,33,45,16,19,16,38,23,37,28,37,44,38,27,23,12,16,27,22,14,13,33,24,19,17,22,45,21,39,13,16,44,36,13,24,14,22,19,31,21,35,30,44,36,25,34,16,14,38,33,13,31,29,28,11,30,14,22,37,23,16,42,35,32,39,42,47,20,27,46,46,47,33,18,39,37,22,12,20,22,34,26,29,16,15,35,23,25,40,35,16,48,11,37,16,13,20,18,27,19,26,41,37,23,16,27,16,24,28,25,45,42,17,43,25,36,28,28,42,10,44,44,18,32,47,35,15,12,27,17,15,48,34,49,43,23,41,42,13,12,41,34,14,27,11,21,19,26,37,15,39,23,34,39,10,41,26,37,22,18,36,32,35,47,40,42,46,49,38,41,44,23,31,31,43,36,31,21,21,37,47,12,14,13,31,42,18,19,26,39,12,36,23,32,26,41,20,45,16,28,28,18,46,36,47,33,13,31,26,38,21,26,48
33,38,48,18,22,50,46,39,16,38,19,27,19,43,11,46,43,28,26,15,21,13,33,45,18,33,30,32,27,38,32,23,28,18,34,20,25,14,47,22,48,15,24,35,43,36,11,47,26,12,36,16,15,35,21,47,27,18,31,45,14,11,15,36,29,16,35,38,20,19,21,37,29,39,24,23,34,33,10,35,39,43,24,13,12,32,20,49,50,12,21,34,16,44,17,19,10,38,35,13,27,13,27,43,33,47,22,35,17,27,10,31,24,39,24,28,47,40,18,17,39,47,45,22,44,46,35,32,32,44,45,41,15,43,46,44,21,38,35,20,14,15,35,37,31,28,21,43,10,33,34,46,33,41,33,21,21,21,21,28,14,16,40,32,26,12,18,26,43,23,30,34,22,26,21,35,29,19,15,11,26,27,42,41,16,22,50,19,35,39,12,26,31,17,36,23,34,30,18,24,43,19,36,49,25,49,46,44,17,15,18,32,14,26,19,10,19,12,31,30,22,12,21,18,29,23,18,23,20,27,49,40,43,38,38,11,25,21,48,21,43,35,23,13,34,16,31,14,13,28,40,26,33,39,21,43,30,18,20,42,49,13,43,27,48,11,17,36,15,14,25,40,48,45,45,30,46,47,20,28,26,23,41,32,18,22,34,39,13,10,30,39,20,46,40,38,21,10,27,30,16,36,29,38,32,35,17,13,26,38,48,19,30,49,42,33,38,28,42,24,18,12,44,33,33,17,44,48,46,21,17,12,36,21,46,48,45,27,45,44,27,13,44,41,39,25,25,19,26,41,39,28,35,43,47,21,23,34,36,13,13,11,32,44,36,23,45,21,49,31,28,36,44,25,37,44,14,50,28,41,30,12,37,32,37,31,50,30,42,18,40,10,17,38,42,33,23,21,20,13,13,36,14,50,23,30,10,29,32,42,45,34,25,13,41,45,18,20,23,23,29,41,28,35,44,35,13,29,42,32,38,33,23,14,42,22,38,44,43,11,41,21,14,18,18,18,33,11,17,16,35,30,48,39,33,32,32,38,41,26,42,44,41,35,21,48,25,26,23,25,36,22,41,16,26,39,12,37,31,33,43,34,34,49,26,29,42,21,21,27,20,32,25,35,33,49,49,14,25,12,37,39,34,17,23,46,49,32,43,49,29,18,21,11,45,46,37,19,24,33,20,28,11,16,34,12,36,42,29,36,23,33,47,47,41,10,40,49,20,21,14,35,11,17,34,34,11,14,45,24,35,28,23,41,21,14,46,46,40,20,48,45,45,11,47,25,29,18,34,25,22,50,25,14,26,12,33,27,30,38,37,12,37,39,41,37,20,36,11,46,13,16,26,15,49,26,26,39,19,38,38,34,36,38,20,12,35,11,41,23,44,13,17,21,49,31,35,16,43,30,26,11,33,14,17,17,28,40,36,27,35,21,29,32,22,22,46,36,19,49,29,44,49,30,33,36,16,42,19,29,11,23,16,17,24,31,12,42,23,48,46,35,21,30,16,17,13,22,46,29,25,28,45,35,12,33,22,45,27,18,43,20,25,39,39,31,16,39,18,21,18,22,23,41,36,47,22,39,46,33,11,26,33,47,40,45,34,49,37,27,17,20,38,44,36,28,35,40,12,30,28,35,28,24,29,43,42,27,38,16,12,15,42,49,13,25,23,34,14,14,27,36,30,13,11,29,19,42,47,44,38,10,16,29,16,35,17,35,40,33,40,35,17,30,29,20,49,25,12,12,35,12,42,18,19,30,27,27,33,16,44,35,20,24,47,25,44,47,27,41,30,31,11,28,24,41,28,13,10,14,21,41,34,27,42,28,35,32,25,33,10,34,18,40,21,19,23,22,26,42,44,20,37,33,22,26,19,35,28,50,31,22,29,22,33,21,15,28,44,15,28,31,48,15,13,44,29,37,30,13,41,33,13,20,19,31,11,16,21,16,25,47,26,30,22,33,11,14,42,47,38,43,26,17,39,49,18,40,46,49,50,26,42,44,22,25,50,24,45,25,21,11,31,50,15,12,39,13,40,28,16,46,46,33,44,25,20,16,40,11,35,30,48,15,27,33,42,27,19,30,24,39,49,15,36,30,17,42,26,33,38,33,15,46,24,27,21,10,34,11,25,43,30,34,44,47,35,33,31,22,34,18,31,28,49,13,47,42,47,32,45,49,32,28,41,43,34,35,33,31,42,31,49,22,23,12,36,49,32,36,46,32,34,46,10,14,40,36,43,16,41,47,24,31,35,25,33,33,14,48
27,24,37,31,14,46,21,41,14,33,44,35,23,13,45,30,23,17,19,41,18,15,11,48,29,41,11,38,30,42,40,21,41,30,19,24,24,37,31,23,49,14,12,37,23,20,42,50,12,43,39,45,17,12,36,42,38,26,44,37,46,49,39,36,26,45,45,49,26,45,17,14,24,29,40,31,40,16,23,10,34,33,21,42,25,35,36,22,32,24,20,49,39,47,38,13,12,30,19,29,46,36,29,15,15,23,13,47,20,49,46,40,33,27,18,36,19,47,48,42,50,14,25,31,47,40,26,35,23,39,23,16,42,32,30,47,40,25,19,12,11,48,23,30,41,29,36,18,44,22,26,37,16,24,33,48,13,26,31,22,42,17,28,47,46,36,33,43,30,45,27,44,18,38,48,43,25,36,16,45,22,36,43,27,16,11,35,32,44,41,42,34,27,10,29,44,25,39,10,49,11,25,13,31,38,25,18,17,20,28,33,42,21,27,45,41,15,39,17,35,23,30,23,18,25,29,48,29,24,17,28,31,39,40,38,23,15,39,38,11,11,15,20,10,47,26,30,44,21,27,31,19,43,23,47,14,33,48,38,24,39,45,17,40,42,17,37,50,25,28,38,40,30,35,37,24,33,14,22,43,28,34,34,31,45,45,34,12,43,38,27,26,11,33,19,11,18,22,22,42,39,44,33,38,25,47,34,35,18,25,25,28,14,13,36,44,14,14,43,20,26,46,48,40,21,29,29,17,34,40,45,29,14,28,35,21,19,12,28,16,49,18,37,27,41,17,32,33,34,35,48,40,24,11,19,11,23,27,27,43,41,40,15,40,35,31,46,14,41,22,31,36,44,17,33,42,28,15,23,43,12,18,47,17,17,28,21,31,23,30,36,16,21,40,45,13,13,27,13,28,18,11,27,32,36,14,28,23,18,24,14,34,13,31,42,29,33,17,36,28,15,22,42,22,12,43,33,12,14,49,19,42,26,38,48,23,34,29,32,25,43,39,39,31,24,38,25,40,36,18,21,26,28,16,29,48,40,46,27,33,34,30,23,40,33,11,39,43,23,34,34,22,27,14,47,15,24,34,13,48,39,20,29,13,27,38,39,15,11,47,43,46,49,50,38,33,13,23,41,31,25,17,41,15,27,26,38,41,10,33,24,50,39,30,19,19,29,46,36,24,37,21,50,11,36,24,28,35,46,34,39,26,43,26,49,43,45,32,26,49,49,28,25,30,25,48,12,37,33,22,14,41,29,15,13,34,42,20,16,45,36,17,26,50,33,36,45,50,31,46,26,38,31,49,16,11,41,37,15,14,37,47,44,18,37,17,13,22,38,35,16,28,22,37,30,47,20,20,40,48,17,16,17,13,36,23,40,14,47,34,27,49,38,30,41,42,28,20,47,27,46,44,23,35,20,43,28,39,38,22,23,22,33,14,27,12,14,31,20,36,44,30,38,42,23,39,49,15,41,37,16,34,17,24,26,21,46,31,13,49,41,25,48,24,38,27,22,25,38,43,40,12,39,39,33,23,32,21,33,48,48,11,35,47,13,43,41,28,33,28,14,34,47,46,48,10,42,29,20,48,20,13,28,27,22,20,49,12,42,43,36,47,37,49,30,38,39,21,32,42,48,43,46,18,15,31,36,42,49,25,12,48,21,40,38,17,11,35,32,11,10,48,29,46,36,10,28,50,41,27,24,38,43,11,22,12,42,20,25,27,19,39,21,19,22,15,16,29,34,35,35,45,35,38,48,13,27,31,19,42,45,42,14,14,26,42,38,30,43,20,50,45,38,38,22,26,50,24,47,38,15,40,41,33,33,38,15,10,19,49,44,49,43,40,36,43,41,17,38,38,46,35,41,23,31,42,11,42,41,14,48,34,48,47,12,49,31,42,14,43,23,35,47,14,21,36,19,36,43,27,15,48,48,43,14,46,10,33,11,38,13,38,32,42,50,39,12,48,44,47,14,41,13,39,17,11,14,36,15,22,13,49,18,20,26,42,10,23,21,10,25,15,12,45,13,29,39,35,16,20,15,24,17,41,22,24,31,36,43,13,23,49,27,17,35,32,28,12,47,18,29,30,35,14,24,37,40,29,14,42,11,33,36,26,34,41,23,23,24,41,22,35,29,37,36,19,19,20,11,28,25,28,32,18,13,24,36,47,18,48,13,47,12,23,29,25,32,50,47,18,12,34,49,45,11,29,19,29,43,48,45,49,17,24,44,40,50,40,23,15,19,36,39,40,22,38,19,44,28,32
13,11,35,44,50,46,24,21,40,35,21,39,26,50,39,18,44,40,36,41,42,18,33,48,31,21,11,38,24,29,22,44,33,20,28,47,25,34,12,41,43,33,32,11,16,41,37,43,25,41,21,25,45,43,36,39,14,38,27,30,20,10,21,44,45,37,36,28,38,32,17,30,33,50,24,26,20,44,23,21,36,38,31,32,20,46,33,30,29,12,11,14,15,40,23,47,29,45,26,35,39,35,39,49,32,25,45,20,47,26,47,49,23,41,17,47,38,18,41,48,32,27,33,23,31,20,15,23,40,22,44,27,13,49,34,22,43,24,23,46,42,21,19,44,24,48,24,14,36,37,40,13,11,24,30,35,34,39,48,13,13,34,22,14,16,22,38,20,36,31,32,11,11,33,17,14,31,17,33,24,49,46,13,41,46,28,47,45,38,16,29,33,11,16,32,14,11,34,16,32,19,30,18,27,28,34,24,34,24,20,13,17,13,48,26,44,36,34,14,20,18,29,40,26,20,28,15,37,27,20,50,33,21,33,10,26,13,27,29,23,30,12,40,31,46,41,17,48,47,39,28,26,24,32,37,27,42,45,22,19,47,36,20,44,49,13,24,20,45,38,24,50,33,13,49,43,34,23,48,18,16,21,17,22,47,39,18,42,23,19,38,22,18,15,19,23,28,36,39,21,11,12,43,39,17,36,34,40,27,49,24,47,13,14,24,39,37,25,28,15,17,14,20,16,44,46,33,21,34,22,49,31,16,40,32,21,16,32,32,12,38,33,20,40,29,33,29,14,32,13,33,16,11,14,19,37,17,32,25,44,39,18,20,32,45,27,42,39,17,26,40,21,15,34,25,22,26,34,22,34,44,45,49,38,29,42,35,18,50,24,38,18,11,40,30,46,24,42,18,20,40,43,31,17,16,39,27,29,22,21,31,35,17,36,37,42,36,16,19,23,18,32,48,20,18,50,31,26,23,22,20,17,47,22,13,18,15,11,19,43,41,20,13,45,36,17,21,24,36,13,32,50,20,43,18,23,12,14,24,50,20,49,43,44,42,41,31,14,12,38,41,22,24,37,10,31,29,38,34,11,46,30,29,39,39,27,49,32,39,18,12,37,38,37,29,15,46,39,19,26,29,16,19,48,16,32,39,18,49,14,41,28,21,18,21,46,10,43,48,50,29,18,12,13,33,16,12,11,23,24,14,39,39,38,25,27,32,28,21,27,24,12,42,30,27,25,11,33,46,16,34,22,17,18,26,34,13,23,37,45,13,37,21,14,44,20,19,45,45,16,33,12,50,44,18,19,13,13,41,44,42,12,38,37,29,42,39,46,37,19,44,38,33,46,42,15,41,22,20,23,14,38,27,27,48,11,26,21,18,18,28,16,16,15,45,25,48,43,26,14,39,46,48,40,32,28,19,41,21,30,37,39,46,49,26,46,44,32,27,29,25,13,34,25,14,29,16,39,13,48,17,33,42,12,12,41,14,46,47,49,24,22,36,26,40,17,44,43,41,20,48,24,50,24,27,17,49,12,25,46,20,32,39,21,39,46,24,48,46,44,22,16,39,13,31,23,17,26,29,35,28,32,24,36,12,26,33,37,36,38,16,46,48,16,18,32,11,22,13,26,17,11,18,19,29,20,23,27,33,11,21,12,42,18,46,45,24,18,28,20,43,40,45,34,16,49,40,47,11,16,17,49,45,33,38,39,16,23,36,11,21,27,11,19,47,46,15,46,33,42,26,27,17,48,37,29,45,16,22,31,47,17,31,27,24,34,31,44,18,24,49,20,11,22,16,21,22,29,19,11,48,24,42,15,38,14,34,37,47,32,41,12,19,47,18,36,34,18,35,45,46,24,34,31,17,47,15,41,25,34,30,16,48,27,37,38,48,42,41,35,26,18,45,16,13,35,44,33,43,24,19,48,12,19,37,33,34,11,36,31,46,46,28,17,23,32,28,11,26,36,33,23,42,42,12,16,46,48,47,31,31,17,29,38,41,32,36,26,49,26,14,19,19,11,48,40,14,29,25,12,46,49,15,41,22,48,45,32,46,41,19,21,23,46,48,37,39,36,37,37,33,49,44,22,32,14,12,45,37,14,32,41,32,11,28,49,12,41,30,30,12,38,37,45,44,21,45,35,24,21,44,20,28,28,26,35,11,22,48,21,18,29,44,23,36,15,27,37,33,45,33,14,42,23,40,34,36,26,12,21,21,31,16,17,27,37,23,37,20,12,40,36,34,42,13,15,41,35,11,37
30,31,37,13,36,15,15,35,42,12,44,12,34,26,17,16,29,39,21,27,29,29,38,22,49,39,33,31,20,42,44,42,12,21,50,18,10,40,11,22,25,20,27,23,39,50,29,42,43,33,42,35,15,44,48,22,28,38,48,15,24,26,41,20,17,14,34,40,35,35,14,48,14,29,42,29,48,48,42,45,23,31,13,15,46,10,34,40,37,14,43,41,43,15,10,11,37,34,14,42,22,20,26,46,38,40,24,47,12,32,16,11,23,40,20,29,40,13,16,36,27,39,29,47,19,38,32,23,16,29,15,27,20,34,14,31,41,28,11,11,43,34,17,10,39,14,40,23,47,45,37,11,21,33,46,17,20,20,19,35,14,23,45,20,23,29,12,32,26,50,21,39,37,22,17,45,21,35,38,45,14,44,22,24,19,22,23,24,46,15,49,28,37,11,42,23,39,23,30,30,26,32,28,35,32,34,41,21,24,11,23,25,31,42,37,47,24,25,31,13,29,23,47,14,22,34,26,50,18,29,31,17,37,13,21,23,12,14,36,29,21,32,26,37,24,36,32,46,29,44,10,29,25,29,32,49,26,23,25,35,32,41,46,25,50,41,21,30,36,11,26,30,29,24,24,36,17,14,19,49,35,30,11,43,12,17,12,22,15,47,16,32,30,24,30,26,11,50,26,47,37,15,49,15,35,36,44,13,43,47,28,26,24,10,36,26,11,46,34,11,43,13,20,47,42,37,45,29,46,41,26,23,11,39,19,44,40,10,15,25,19,39,36,26,14,38,42,10,42,32,42,31,40,13,33,44,31,34,45,32,37,44,23,24,42,44,41,13,13,16,18,39,38,13,38,48,29,50,44,40,15,44,10,11,36,45,16,38,40,33,13,22,24,36,40,34,42,37,45,35,44,45,40,46,15,20,27,31,35,20,38,45,12,17,44,19,40,18,19,38,47,16,35,43,11,18,14,32,35,17,20,32,30,38,46,45,16,18,17,44,26,37,29,27,37,13,32,30,49,29,46,27,39,14,17,45,22,21,39,33,50,26,46,17,12,47,38,18,13,27,33,43,14,28,24,31,27,11,28,13,27,10,12,47,33,47,13,22,34,44,47,48,31,35,48,49,29,49,31,40,41,49,42,31,17,50,26,43,23,13,21,34,22,27,14,42,41,11,48,36,48,43,30,27,46,24,27,39,28,38,19,35,18,27,28,40,13,30,42,50,15,37,26,50,20,14,12,45,11,32,21,47,18,47,29,30,27,47,42,45,13,23,38,48,33,20,26,34,27,25,31,39,24,15,18,44,45,16,29,29,27,21,32,34,18,17,25,37,26,18,48,18,45,21,40,43,22,27,12,27,19,46,30,50,24,29,24,33,28,14,23,15,21,47,14,16,22,27,50,20,23,34,10,28,15,19,22,36,34,20,41,37,15,15,50,10,37,13,26,13,40,11,11,14,35,47,24,44,43,19,18,30,12,33,29,36,11,15,36,18,39,14,43,36,14,41,28,11,16,43,30,44,19,30,49,22,33,23,39,24,44,21,10,39,39,34,35,44,50,22,26,20,38,32,32,32,18,33,11,33,27,22,26,48,31,49,14,13,49,20,21,33,13,36,38,44,49,14,27,45,36,21,16,40,27,30,22,45,41,35,16,33,44,32,23,23,24,21,29,48,11,31,17,28,15,30,46,12,38,34,38,28,27,35,19,40,22,10,20,13,22,43,32,45,45,45,33,37,41,35,46,49,43,45,46,32,46,41,49,24,38,48,12,21,44,31,19,45,31,12,28,48,14,22,22,50,45,15,13,16,41,12,15,25,30,29,37,46,29,26,49,25,12,37,45,25,49,44,22,24,24,26,32,34,26,34,24,16,41,25,37,40,35,41,18,38,14,31,34,28,20,17,39,29,15,13,31,34,22,22,28,17,45,29,40,33,16,13,12,24,23,32,22,49,47,43,24,42,42,41,27,42,37,23,11,44,42,45,45,35,39,28,10,46,32,19,16,48,41,31,24,13,50,41,32,22,45,43,35,20,33,25,12,25,15,41,20,29,28,18,36,42,44,18,31,11,10,23,14,35,15,28,15,11,38,48,17,35,23,46,16,42,41,16,21,45,47,41,22,39,28,17,33,49,13,20,15,29,29,42,38,32,41,31,44,43,35,40,16,26,12,29,10,23,41,28,17,30,30,32,45,40,46,31,38,31,24,33,39,11,36,27,49,17,35,47,47,31,25,45,32,10,34,48,36,33,16,26,21,38
36,16,49,32,16,10,13,41,25,23,47,38,18,36,39,41,47,35,44,45,41,42,42,42,48,29,30,37,20,46,49,27,10,25,32,27,18,25,34,45,13,18,14,21,44,30,15,18,39,20,11,29,13,46,19,36,24,21,32,45,39,48,31,49,17,40,35,16,19,30,50,29,19,36,19,16,14,28,23,16,40,27,34,39,22,35,46,25,42,35,45,15,36,13,40,22,36,29,10,42,43,24,21,32,29,45,46,22,13,13,41,28,14,25,49,21,42,39,15,50,50,11,33,16,38,11,37,13,46,12,41,40,17,37,27,21,13,42,17,35,17,23,21,11,45,43,40,37,16,49,44,29,41,36,10,14,28,28,28,23,19,22,23,23,37,36,13,34,43,10,26,42,41,37,46,34,27,26,31,19,40,45,35,31,36,48,42,49,27,40,18,13,11,27,47,28,46,44,38,22,44,46,28,20,46,16,47,39,17,29,12,42,35,10,21,14,26,25,40,36,37,42,34,28,38,20,45,16,49,35,20,16,43,29,38,18,38,48,16,44,19,46,38,12,26,42,14,42,21,21,23,41,32,38,49,27,12,37,32,38,39,44,11,25,11,12,18,44,16,46,23,12,26,47,27,14,15,15,31,11,12,16,45,21,22,20,30,48,21,31,32,35,35,33,35,24,32,36,17,38,15,36,42,27,23,40,16,50,27,14,25,12,46,41,32,44,11,16,26,12,39,36,38,30,14,36,35,22,48,15,19,36,26,32,19,29,43,16,48,23,20,25,41,43,47,45,31,42,19,48,22,29,40,29,18,26,29,13,12,42,42,39,19,12,15,35,11,34,20,37,42,24,42,30,15,26,35,31,47,14,45,11,29,40,30,15,43,16,50,38,38,21,14,39,43,47,45,35,35,39,14,37,28,47,22,40,10,11,18,11,18,31,30,29,28,21,35,20,35,37,21,15,50,30,13,37,48,26,50,38,30,17,48,25,47,35,16,41,40,41,11,22,18,46,17,15,17,24,40,35,28,30,37,39,27,14,47,26,34,40,41,31,12,39,11,29,19,43,27,45,47,47,20,41,10,24,21,34,18,29,20,32,39,48,47,24,21,24,24,27,15,24,43,26,50,24,43,32,17,44,14,11,11,19,48,24,22,15,35,39,12,40,24,11,27,38,17,25,13,47,12,22,47,17,15,36,43,41,17,22,18,48,27,21,41,12,24,34,31,15,12,40,33,45,45,33,12,24,16,42,24,47,20,50,19,45,34,38,23,38,47,21,37,17,19,20,29,34,37,23,15,48,42,15,15,24,50,31,47,13,11,24,44,20,29,34,35,14,26,19,44,43,15,47,41,46,21,19,40,33,40,12,27,18,13,23,44,31,28,48,19,34,40,31,38,36,38,21,31,35,26,11,16,48,23,39,24,22,17,23,12,27,30,31,21,12,17,42,38,14,37,40,20,34,17,12,28,49,17,20,21,22,24,25,49,22,30,28,25,48,14,50,38,41,38,16,33,29,21,28,45,11,36,47,41,28,21,10,11,36,48,38,30,15,12,29,18,29,32,13,29,17,23,19,43,14,38,39,15,18,23,24,31,32,15,19,46,43,15,30,12,46,37,18,46,19,28,44,48,23,43,11,41,15,14,29,29,44,27,40,23,13,16,49,21,49,25,21,45,21,30,39,35,11,32,12,14,20,12,37,38,34,10,23,11,32,12,25,12,29,45,37,35,22,18,36,46,32,42,33,32,40,20,46,23,23,33,44,46,40,47,47,36,35,43,30,20,30,46,16,36,25,24,33,27,23,44,21,45,44,38,30,42,36,33,33,30,24,27,39,33,32,37,13,46,48,36,15,29,20,20,43,40,29,12,20,45,11,22,15,23,36,32,30,23,42,30,36,33,33,29,19,18,34,17,33,22,31,23,30,46,37,49,14,41,40,14,33,34,48,27,32,23,29,26,42,42,23,24,43,42,50,35,27,41,19,20,26,22,31,37,33,37,14,37,17,29,19,38,14,10,36,38,21,46,22,25,22,29,30,44,14,21,40,28,43,22,42,18,26,32,28,17,35,18,15,18,11,12,11,48,49,30,41,43,33,22,49,21,30,21,19,15,44,36,19,23,49,29,19,29,31,26,13,33,16,12,26,46,44,31,29,26,20,34,21,38,45,37,37,21,29,41,36,28,38,27,11,37,26,45,25,19,23,21,50,21,44,37,37,50,10,26,13,35,29,28,23,36,37,28,25,47,46,14,46,22,45,47,38
17,15,19,34,18,46,37,29,25,26,29,45,37,36,14,45,37,28,46,14,18,37,11,32,38,48,37,14,21,16,10,27,42,12,24,29,39,43,25,40,42,17,44,19,44,31,39,21,18,28,48,46,16,25,17,17,44,48,47,13,17,19,34,43,13,18,22,48,46,41,19,37,36,26,45,36,47,13,29,15,34,49,44,12,37,25,16,46,39,11,11,45,34,17,31,45,32,31,11,35,38,31,37,37,31,23,38,44,13,21,12,42,25,45,48,44,37,22,16,21,44,38,39,12,33,17,17,30,25,15,39,39,35,35,16,17,35,43,47,37,38,13,44,26,34,47,37,50,13,19,13,11,33,39,37,40,49,21,33,30,20,12,49,23,10,47,28,42,37,50,13,15,13,37,38,27,40,40,12,15,20,40,45,47,10,16,43,13,42,22,16,29,47,13,15,45,12,10,27,13,13,43,24,48,13,35,37,27,31,43,36,47,37,28,33,46,47,33,13,25,40,46,40,22,27,28,47,23,42,36,36,18,24,34,32,47,14,48,27,15,26,23,35,21,19,21,16,34,21,49,45,29,33,24,45,10,24,44,13,22,23,33,45,42,28,21,44,12,33,50,13,22,37,28,44,50,22,44,14,18,19,11,13,24,49,12,47,33,46,14,27,46,14,25,22,23,36,45,43,34,43,27,23,47,29,13,26,20,46,22,47,46,27,35,17,21,40,38,13,35,38,39,41,32,37,11,40,18,31,49,41,49,48,45,11,48,49,14,46,25,24,49,23,11,11,36,19,41,11,34,11,34,44,25,28,41,12,14,11,49,35,24,23,10,17,26,29,21,21,49,43,20,17,14,18,33,38,40,14,43,32,44,19,45,49,28,24,12,18,36,36,31,15,33,22,19,28,37,34,24,21,17,39,22,13,45,15,22,49,43,38,12,48,13,25,39,33,40,45,49,23,28,49,31,32,32,42,17,22,26,47,43,14,24,30,22,48,31,30,23,33,17,40,47,24,22,18,25,34,38,37,34,29,28,14,19,45,20,42,48,31,38,43,45,36,29,41,11,29,22,47,40,12,13,12,28,46,17,24,24,40,33,16,12,48,14,27,37,23,17,40,24,22,16,20,31,47,39,35,25,23,42,16,21,36,21,43,40,39,23,27,37,40,15,21,19,25,36,47,35,46,45,19,15,42,22,14,46,46,23,39,46,23,19,43,44,10,12,31,27,29,44,35,35,48,23,43,45,11,48,31,40,14,27,36,22,45,24,15,13,18,21,14,30,39,45,47,39,28,10,18,24,32,42,30,48,44,47,44,50,31,47,23,31,32,25,26,49,28,11,17,20,37,43,23,19,16,39,41,44,22,43,47,43,23,48,18,43,25,16,24,34,49,38,21,13,14,28,46,47,38,32,14,30,10,49,49,35,35,35,23,48,16,48,29,41,19,22,11,33,16,48,24,36,11,35,23,14,26,42,19,32,49,34,27,16,11,11,26,48,15,15,30,42,44,20,50,28,17,38,27,24,45,29,32,39,41,21,13,15,32,11,50,28,25,31,44,36,10,32,27,22,23,37,28,38,38,22,45,22,23,45,25,27,14,43,37,35,13,43,30,11,35,24,35,18,28,45,45,38,36,11,49,49,23,50,27,35,43,23,15,18,21,10,19,10,28,24,15,39,17,39,17,11,49,11,30,48,10,46,43,21,49,20,11,45,18,42,27,10,36,43,31,37,27,46,43,31,26,35,11,14,31,14,44,16,35,14,44,46,36,17,45,45,49,38,11,24,20,18,23,31,20,43,35,24,21,37,48,30,27,27,36,31,26,43,10,17,12,25,30,21,48,43,43,24,39,41,26,20,50,19,28,36,48,16,28,46,12,32,22,50,36,48,22,31,22,18,12,44,32,47,22,17,26,15,35,36,47,13,45,20,15,27,14,48,13,14,10,23,42,35,50,25,29,10,29,37,42,20,36,21,38,22,12,50,25,32,36,11,50,46,44,18,42,23,17,33,47,14,29,11,13,14,19,23,45,49,20,15,15,39,19,19,33,34,18,33,38,35,43,42,48,49,32,41,12,34,37,47,12,26,12,39,24,48,32,28,10,25,45,33,14,11,20,49,15,26,19,19,18,34,39,14,40,38,36,25,38,29,27,33,43,33,29,28,50,21,45,29,21,35,33,28,23,21,45,48,47,20,32,26,19,17,33,43,19,19,27,18,19,34,29,18,31,15,15,33,30,11,12,43,19,20,30,34,49,30,19,21
