The number of jobs:
1000

The number of machines:
10

The power of each machine at differnt speed levers:
(where rows denote machines: 1 to 10 and columns denote speed levels: v1 to v4)


18,26,36,43
16,21,37,45
12,20,28,34
18,24,34,45
12,19,28,38
14,27,37,45
16,27,38,45
6,22,31,44
6,29,36,44
20,28,36,45

The basic processing time of jobs processed on different machines:
(where rows denote machines: 1 to 10 and columns denote jobs: 1 to 1000)
45,32,16,28,27,31,31,29,28,45,36,39,12,35,43,13,37,13,18,43,16,12,30,43,13,16,29,26,49,13,13,38,13,20,25,45,15,32,14,35,23,40,43,26,48,21,34,36,10,24,32,13,16,31,37,21,43,47,17,41,41,14,33,40,36,32,40,43,41,41,18,24,24,14,17,21,18,43,37,18,29,29,44,38,41,40,32,30,23,22,13,12,34,43,28,46,18,46,45,12,21,48,17,11,12,14,23,47,11,47,37,12,18,14,21,12,14,47,42,43,12,32,45,24,20,14,35,29,34,32,39,45,11,49,42,39,40,38,24,25,14,20,28,13,36,19,33,14,33,12,21,13,45,11,23,16,33,38,29,45,14,27,42,21,17,25,39,14,17,25,11,16,23,43,11,17,30,40,15,37,45,49,14,34,21,44,17,46,39,29,40,17,29,27,36,42,25,49,41,47,16,44,36,47,25,23,16,12,39,44,21,16,12,13,26,24,16,42,47,39,24,45,39,35,31,33,45,46,20,10,13,12,10,49,29,29,23,30,29,29,34,18,16,27,38,16,47,37,49,47,35,10,18,33,18,14,20,42,18,34,44,35,12,42,34,40,47,20,40,42,33,50,47,49,47,24,31,22,40,41,41,35,14,36,14,43,12,34,39,30,12,32,23,25,25,46,35,12,14,25,33,38,31,12,38,12,46,39,40,32,29,33,39,32,43,26,35,17,38,30,39,47,26,16,36,41,16,15,47,48,40,27,42,35,37,19,38,49,42,14,10,39,11,43,34,28,20,27,21,38,21,48,35,27,49,11,32,15,39,25,38,42,44,18,37,29,14,18,15,19,23,18,39,11,27,44,19,39,26,17,12,14,26,11,50,15,31,26,16,21,11,28,44,12,40,11,39,30,27,24,18,18,26,14,27,27,20,35,16,37,32,18,29,25,27,12,38,50,23,18,11,24,12,43,24,16,41,46,15,16,15,32,44,37,27,21,24,47,12,16,14,37,35,19,45,45,14,14,39,40,25,31,41,49,15,14,24,28,23,41,45,22,44,28,18,25,40,21,33,36,31,39,30,46,17,13,17,28,23,14,40,18,22,41,31,33,48,28,45,44,39,33,18,43,41,46,28,18,16,31,27,21,14,45,48,39,15,33,40,21,45,26,16,36,33,17,18,25,23,36,16,16,15,22,15,42,44,44,19,30,31,14,44,40,22,48,10,26,23,16,39,11,39,32,14,47,42,43,12,21,41,46,14,19,34,41,35,50,30,48,42,41,32,43,36,17,31,29,20,50,24,28,25,12,23,36,18,32,16,45,28,11,12,27,38,36,34,25,30,33,48,31,36,33,26,20,40,34,22,17,44,47,31,31,28,13,22,11,38,13,43,48,14,34,38,31,16,37,44,29,16,22,11,31,38,46,45,30,34,28,49,39,36,33,24,37,16,41,12,23,46,29,25,15,25,12,19,28,36,15,27,12,14,36,44,41,36,32,38,23,17,23,24,48,22,42,34,17,32,16,27,10,20,19,18,13,34,46,28,16,50,22,46,40,44,14,37,46,36,15,18,10,38,21,25,32,29,20,44,45,45,26,16,13,16,30,47,17,38,32,32,30,30,23,40,27,32,14,19,15,49,30,37,41,49,36,11,41,11,41,42,27,30,41,47,48,16,27,21,32,25,31,42,14,20,24,24,44,28,40,45,18,43,29,22,12,50,18,44,10,34,26,47,18,46,36,22,39,34,12,30,29,21,48,35,25,19,18,16,19,34,15,41,24,32,33,28,16,43,33,47,47,44,33,10,26,17,32,45,40,28,30,29,17,17,49,48,42,14,42,43,30,39,45,50,38,16,38,46,16,31,40,44,30,37,25,33,44,27,15,50,50,41,41,44,18,13,37,43,17,21,31,23,21,10,30,38,45,19,34,12,29,45,26,19,12,27,30,22,33,30,20,39,47,19,12,29,44,18,12,18,35,37,38,28,39,16,40,38,36,41,16,12,20,31,33,26,30,38,12,28,49,12,40,40,11,44,31,26,24,15,10,26,31,42,14,42,29,35,44,19,47,15,35,37,44,32,25,38,24,15,48,11,29,27,25,26,50,18,28,12,36,47,48,31,19,34,36,24,11,30,18,13,31,25,49,35,15,31,45,29,16,34,33,15,43,33,15,41,18,38,18,32,49,43,14,17,21,11,10,45,23,20,14,33,16,28,37,43,34,49,37,49,17,36,28,22,28,49,47,38,19,42,15,15,41,16,10,12,15
50,17,15,28,39,32,48,29,46,33,15,16,50,41,36,32,20,44,45,33,15,44,39,17,32,18,42,49,43,33,30,50,40,31,45,33,43,25,26,38,13,27,28,17,46,28,50,24,14,35,24,47,32,42,42,37,33,19,19,29,47,22,19,19,19,32,12,25,21,39,22,43,41,28,42,38,28,18,19,23,42,49,39,19,24,26,15,32,42,37,11,47,26,23,28,23,35,32,45,49,26,12,27,43,34,28,34,46,21,21,26,29,18,44,12,38,46,14,41,19,47,32,11,28,41,20,16,29,19,39,17,17,46,11,28,29,14,18,42,16,46,27,28,13,44,33,47,32,27,44,19,18,29,40,33,32,38,31,19,11,46,41,34,25,34,41,42,32,18,17,18,29,30,24,45,46,35,25,41,35,23,47,19,27,28,27,37,22,47,44,14,23,20,37,19,27,50,25,43,32,21,35,17,30,21,27,15,13,34,40,39,25,46,16,21,25,22,11,23,44,20,10,11,15,11,23,34,14,17,14,13,28,33,24,46,20,21,44,21,22,29,37,15,21,28,42,40,48,28,27,15,41,44,45,33,14,46,40,39,32,42,13,21,40,44,14,26,18,42,28,15,18,42,15,15,40,31,21,12,38,16,41,35,16,33,29,19,16,22,39,45,33,19,19,12,42,33,39,34,18,12,21,29,28,14,49,45,38,35,41,25,45,28,13,43,17,22,42,42,36,20,11,11,23,41,49,17,42,47,27,48,18,25,13,33,40,40,28,47,22,13,39,12,25,28,31,32,12,23,32,24,14,36,32,14,20,49,16,18,38,27,40,47,22,31,44,46,19,44,18,46,22,22,40,21,34,27,11,32,44,27,15,13,13,45,12,20,44,10,25,46,22,19,30,45,16,12,47,11,18,25,31,38,25,46,41,37,18,26,34,41,25,34,33,29,15,29,17,13,35,35,28,42,18,44,37,37,33,24,40,34,36,20,36,13,47,44,39,28,46,25,38,15,26,44,13,17,42,38,33,31,38,39,47,34,43,46,21,38,26,18,21,17,42,37,26,32,46,21,18,46,11,12,42,45,25,46,10,14,10,20,22,28,30,33,27,37,11,45,28,41,42,44,26,48,10,14,42,28,27,32,30,44,46,17,32,42,25,23,42,14,15,16,11,44,18,15,24,38,50,30,39,43,24,20,34,39,39,23,19,47,37,32,22,33,20,18,34,21,44,40,27,21,19,13,40,25,11,10,45,25,12,33,39,41,49,25,47,35,48,26,20,45,17,14,45,40,12,26,39,49,23,39,15,43,35,17,38,25,33,11,21,40,49,38,34,37,20,43,46,27,24,12,11,41,34,45,25,44,25,45,40,32,50,26,13,14,18,28,42,42,39,21,47,25,40,22,40,18,45,44,29,50,35,28,18,38,30,19,33,12,11,34,32,19,25,37,16,23,39,47,36,29,42,48,39,39,16,43,40,49,44,27,31,31,21,25,14,48,22,25,44,31,38,29,16,32,16,16,37,18,47,36,30,38,25,42,19,20,32,39,30,18,49,30,33,26,12,33,48,10,45,14,33,49,40,26,18,44,26,10,44,37,30,40,26,33,25,25,33,48,39,17,22,21,18,10,44,15,40,43,18,41,15,13,11,13,36,14,46,48,37,38,43,25,10,36,24,42,14,46,44,34,22,23,21,42,19,37,48,17,17,44,48,37,29,31,33,40,27,45,24,49,18,19,23,13,42,30,44,37,39,29,18,44,36,30,39,13,27,16,49,29,43,28,18,11,41,28,18,28,32,12,31,10,42,37,29,34,24,49,45,13,29,34,11,16,33,21,18,41,16,33,18,40,34,21,12,17,31,47,18,24,41,41,26,27,30,39,15,47,16,38,20,16,22,14,37,10,17,41,12,43,30,47,21,35,46,50,41,22,36,29,29,43,47,35,27,40,39,33,16,31,35,14,10,28,43,42,40,42,19,19,37,23,50,30,19,30,13,38,13,17,46,14,41,21,14,36,35,10,12,19,11,15,43,21,33,36,23,11,47,37,13,48,23,25,20,14,39,47,28,33,40,38,47,29,46,26,28,26,19,12,13,47,48,49,35,32,35,32,47,15,25,11,13,36,20,46,26,14,46,19,35,36,32,19,29,47,14,26,36,19,24,12,45,29,11,49,26,20,16,32,41,14,30,21,30,17,33,12,33,49,19,12,43,47,48,43,20,28,43,40,32,40,15,21,25,43,47,21,48,36,28,12,37,10,27,42,41
25,19,31,31,33,43,23,40,22,14,38,23,50,37,40,36,47,28,24,25,18,26,25,15,20,34,41,48,41,19,37,40,35,19,30,15,20,49,26,22,23,14,30,25,18,48,44,37,11,35,42,49,32,37,24,29,20,49,18,46,34,17,38,12,23,36,44,10,36,11,26,12,34,49,35,35,20,39,31,12,28,20,34,50,11,25,42,38,19,27,15,41,32,15,24,37,43,47,16,16,12,32,48,14,32,17,17,33,26,41,14,39,39,19,15,50,25,19,15,15,22,39,25,16,47,22,31,25,28,20,33,31,36,31,22,20,44,15,15,21,39,12,41,18,50,20,20,11,21,10,27,12,14,41,35,21,17,18,23,19,45,11,22,14,14,47,33,11,41,19,42,17,24,29,14,35,37,48,48,17,30,41,18,18,30,28,49,20,36,33,12,12,20,41,32,31,41,17,49,48,20,42,48,11,29,32,39,11,44,11,12,43,22,28,30,33,15,45,43,24,22,11,15,12,19,14,32,27,43,32,12,25,37,24,21,22,32,30,29,40,22,45,31,31,17,12,36,12,35,23,21,38,33,22,32,24,19,32,40,44,27,13,35,42,33,23,15,35,33,40,49,46,27,44,11,40,49,15,15,39,29,47,44,16,48,18,13,44,11,20,10,35,25,23,45,29,27,25,50,27,11,20,14,31,43,41,12,26,44,28,32,39,22,27,16,50,31,12,38,28,29,20,34,24,26,23,29,20,19,19,42,30,21,43,46,15,46,26,27,20,43,29,19,38,31,48,41,48,45,36,36,41,18,30,35,39,33,34,47,40,22,10,43,47,18,45,31,13,17,29,44,24,18,50,12,42,46,32,37,26,47,25,42,44,31,41,33,14,33,18,29,20,29,48,31,35,44,15,38,22,15,26,35,34,48,42,34,23,20,30,22,47,28,16,27,17,17,10,25,22,44,21,28,22,28,44,45,24,30,43,11,13,26,21,47,15,39,45,48,19,33,48,44,50,45,48,23,41,46,41,50,13,24,34,16,45,37,16,13,36,14,36,33,19,40,40,40,20,12,34,42,30,36,37,30,29,29,42,23,48,41,43,30,17,50,15,33,16,38,15,12,16,37,47,45,42,28,15,32,27,29,39,14,50,33,31,49,30,24,23,20,15,37,11,25,33,30,20,26,47,19,37,41,18,33,38,39,37,45,37,31,24,11,43,28,49,13,47,14,11,37,47,26,12,16,31,12,10,15,23,40,48,24,42,17,44,38,19,16,29,17,17,42,48,41,30,47,32,33,47,29,30,50,35,13,23,48,23,17,34,35,11,31,37,32,15,17,39,32,38,42,34,25,17,41,46,41,21,43,13,24,41,44,19,25,30,40,35,14,12,26,19,40,23,45,15,20,43,35,22,33,31,13,31,36,17,10,19,15,17,10,30,14,24,33,21,28,32,41,29,12,21,32,39,18,12,23,24,30,39,27,38,30,31,48,11,47,39,42,33,37,29,21,46,50,50,37,48,12,40,43,23,35,45,23,46,42,19,49,41,33,50,49,32,39,30,35,28,23,15,17,45,16,39,25,38,12,14,40,24,33,39,29,25,35,45,39,47,16,12,29,39,19,39,39,10,34,32,15,25,40,22,47,14,43,31,33,30,32,43,31,45,40,46,38,31,27,17,28,43,11,19,40,36,47,42,43,20,33,46,16,11,21,42,28,46,12,23,14,28,18,11,28,10,31,11,37,32,23,21,19,30,17,28,26,49,47,45,26,46,50,36,35,21,35,49,44,16,16,26,49,37,17,37,33,28,19,34,32,45,37,14,11,18,12,34,32,34,16,25,31,27,22,23,11,46,30,33,44,35,48,30,38,36,22,45,41,13,41,27,49,14,30,45,40,36,20,31,22,47,41,41,26,11,37,48,40,18,38,23,18,48,34,35,14,15,47,44,38,10,19,24,45,36,15,36,12,21,26,26,32,23,33,26,45,24,47,49,13,38,21,31,45,24,33,44,39,13,27,43,19,20,10,42,19,24,29,23,39,38,34,36,44,11,20,49,44,37,25,48,20,39,42,24,45,47,37,21,23,10,35,25,38,10,36,22,28,48,29,38,26,21,24,36,47,44,25,35,16,15,47,17,39,37,32,41,43,18,11,30,21,46,13,13,30,13,37,10,31,50,47,25,27,46,19,30,15,36,44,40,48,16,23,48,40,38,29,38,25,43,20,40,13,15,11,12,21,46,38,38,48,49,28,20,44,16,26,30,38,26
47,22,21,48,20,12,10,14,31,38,40,20,16,49,28,34,33,33,19,12,17,17,31,11,28,11,32,26,35,30,26,33,43,31,18,46,32,28,30,23,26,13,15,30,46,43,36,22,42,30,13,14,33,47,27,39,35,16,48,30,11,48,12,12,34,19,42,11,17,37,15,27,42,42,32,24,30,39,17,21,27,40,35,34,33,23,31,26,47,44,21,30,34,41,23,40,40,43,43,34,14,44,19,45,29,15,13,15,35,31,37,28,37,14,20,33,12,44,29,24,39,16,29,22,24,19,20,10,17,37,12,49,48,13,38,20,38,44,36,32,29,22,50,19,21,20,29,31,44,14,27,42,14,45,46,44,37,15,21,13,37,24,30,32,35,27,47,13,20,30,14,11,41,14,48,25,29,44,39,39,32,49,34,18,14,46,29,18,38,42,11,33,31,42,22,28,15,39,48,35,41,46,40,44,48,45,23,21,30,16,49,16,47,22,14,25,43,18,31,11,42,33,22,39,29,41,15,16,40,12,46,14,26,20,21,31,14,50,43,41,21,11,41,41,20,21,20,36,48,17,47,33,40,39,47,46,19,24,16,25,39,29,29,12,34,16,31,18,23,42,12,34,47,44,33,50,28,48,41,23,48,21,38,29,38,14,41,38,45,15,13,45,26,42,21,30,42,24,16,34,45,37,14,41,46,33,15,46,23,26,25,16,29,24,27,43,32,26,21,24,21,29,41,18,31,22,30,49,47,19,11,49,32,44,13,17,17,38,44,41,32,42,29,17,18,11,28,35,29,45,25,20,37,34,21,11,35,32,41,40,19,40,43,11,44,25,30,27,35,29,46,35,26,27,14,23,12,39,35,38,27,40,48,10,14,13,32,23,35,24,11,13,36,33,35,39,38,11,10,43,30,12,40,15,15,23,12,17,27,41,35,18,37,43,32,17,27,41,47,20,45,48,39,25,26,30,44,18,42,39,49,24,26,44,18,35,16,20,20,27,21,43,24,47,21,30,22,30,40,25,30,28,29,32,11,32,23,14,50,47,16,38,19,19,14,13,39,32,46,40,42,38,43,33,19,15,25,42,46,20,36,11,27,50,15,50,16,42,16,34,48,11,47,13,18,48,36,33,16,23,10,24,38,17,30,44,11,21,14,28,43,19,27,31,20,46,43,16,28,22,47,39,17,27,22,49,36,22,35,25,37,46,41,19,34,24,38,20,17,42,29,38,13,42,28,47,39,22,39,26,27,15,36,28,50,38,46,49,38,22,41,44,30,40,49,50,23,17,37,11,34,15,37,40,39,30,29,46,32,41,40,11,26,13,42,33,41,50,27,27,12,45,30,30,33,25,43,18,47,16,18,41,38,39,18,40,29,42,28,14,23,11,14,28,45,19,49,43,38,46,13,19,21,33,43,43,38,34,11,19,15,50,32,37,43,28,23,45,46,25,49,20,37,46,40,12,17,48,43,45,36,33,17,24,35,44,14,36,42,32,29,20,21,15,22,31,12,48,41,45,24,16,40,27,45,50,10,33,21,45,22,37,39,36,21,45,41,44,48,43,23,47,16,21,10,32,27,15,43,38,15,23,27,18,35,18,27,32,12,47,40,29,17,40,34,39,14,42,11,19,35,37,30,11,25,18,16,40,40,34,42,22,38,16,43,14,41,45,20,15,42,38,31,18,46,48,18,26,31,44,35,19,42,43,36,49,27,16,41,19,22,30,27,13,27,11,47,26,42,29,41,27,30,43,38,29,41,37,27,19,34,40,36,50,38,16,24,27,28,16,43,14,18,44,30,25,47,38,34,37,27,30,24,14,25,10,28,39,16,21,32,17,25,30,12,46,38,15,34,34,32,34,32,38,27,31,35,14,31,12,49,37,17,22,39,45,11,49,19,45,34,27,41,29,17,23,46,43,17,22,23,19,44,37,44,18,39,29,50,48,14,37,27,48,26,36,50,49,36,34,46,24,26,47,19,10,22,43,49,30,50,20,42,42,48,44,46,30,12,34,45,32,15,45,27,11,14,24,13,45,19,20,19,14,25,49,40,38,49,47,28,47,42,32,33,39,48,26,28,34,14,20,37,37,39,26,49,27,20,49,47,23,16,48,32,13,22,42,48,45,27,23,26,19,21,24,37,48,21,23,15,31,44,19,42,37,48,21,50,28,31,48,25,34,48,24,16,19,15,40,16,43,29,37,48,35,35,21,37,45,42,11,42,48,31,21,29,15,43,38,36,14,25,24,10,19,21,27,25,27
43,47,11,44,22,35,38,17,30,32,22,31,13,24,41,19,36,36,12,39,13,13,34,50,28,23,20,12,13,44,25,24,28,23,11,29,25,26,46,45,14,41,18,20,37,48,45,16,39,43,44,39,15,41,48,38,44,14,47,10,29,19,12,19,36,34,46,21,44,33,44,38,26,14,15,45,29,25,40,42,17,18,13,23,22,41,19,43,45,39,42,46,28,45,17,22,47,34,37,37,38,31,38,15,17,44,28,48,22,11,15,28,50,43,10,22,21,28,15,31,24,19,17,20,28,43,19,30,48,39,35,36,26,12,19,34,13,12,11,14,48,22,40,23,20,26,39,13,48,17,24,44,49,30,10,32,29,46,40,17,17,30,12,40,28,37,22,21,40,14,13,25,31,49,22,14,22,35,24,15,12,11,38,37,14,36,50,17,43,18,37,27,31,36,41,30,16,22,47,25,41,11,35,13,38,47,40,19,40,17,15,45,41,35,28,43,29,17,27,24,44,35,30,23,39,42,38,36,48,15,25,47,25,37,50,35,41,16,27,46,44,14,24,31,21,29,21,35,30,49,14,32,21,44,38,32,37,12,46,21,31,43,39,13,13,31,18,40,36,11,46,23,47,26,35,38,27,37,21,38,17,23,44,39,23,24,26,42,22,12,18,41,11,13,15,38,44,22,41,31,12,19,10,31,41,22,45,21,22,20,32,38,41,45,17,43,18,37,38,37,11,11,12,40,35,48,25,38,31,18,36,31,30,20,13,12,38,44,18,36,29,41,45,34,17,15,42,31,40,36,27,14,17,34,40,30,10,40,23,10,25,28,30,30,18,41,16,46,41,35,46,17,16,33,11,33,47,16,13,24,21,20,38,31,36,45,42,47,18,26,32,28,26,37,26,32,44,50,49,44,17,41,21,16,34,40,18,49,49,23,27,43,45,17,39,12,20,22,18,28,43,25,28,41,20,34,37,42,11,18,11,30,45,32,39,23,27,12,39,14,23,21,12,22,22,15,31,11,12,38,20,22,35,23,41,47,12,34,15,29,11,25,33,23,49,13,42,39,25,43,26,49,30,17,31,48,28,45,31,15,40,46,37,44,18,29,42,41,45,28,31,30,29,31,39,41,19,25,23,49,21,11,12,38,20,33,31,15,29,46,24,32,15,21,46,10,42,20,20,18,26,37,41,37,18,36,22,31,28,47,50,45,30,44,20,41,13,49,48,25,28,17,21,10,20,28,33,39,38,36,12,44,48,39,40,14,10,37,27,40,27,20,23,43,25,43,49,40,40,39,25,42,46,43,13,11,19,15,40,48,18,42,31,18,44,39,36,16,19,16,32,36,38,35,14,40,35,12,23,28,49,40,15,18,49,18,27,13,16,34,24,24,43,43,12,26,23,41,17,34,41,20,27,19,37,25,12,31,12,40,12,47,37,15,25,29,38,47,34,27,49,25,20,23,11,36,50,29,43,31,23,35,34,47,30,36,14,29,46,18,12,39,38,32,11,34,18,23,28,27,40,18,36,29,24,11,47,40,37,47,45,39,45,21,39,46,14,29,41,29,27,12,47,43,29,37,21,49,33,23,12,30,14,35,33,22,27,43,45,28,18,15,46,32,28,36,25,19,46,11,29,32,20,44,32,39,16,38,19,16,34,13,31,38,15,19,46,30,10,18,16,18,40,27,33,50,40,35,49,42,29,13,41,43,27,48,33,49,42,42,47,10,18,15,42,19,19,30,46,36,46,44,41,45,31,40,21,34,23,33,32,44,20,20,30,37,38,15,21,12,13,38,28,36,41,14,25,37,10,38,40,14,24,32,28,15,24,19,12,36,15,22,14,32,14,18,36,22,28,28,43,47,10,41,39,12,43,26,11,35,17,42,45,47,41,10,36,15,32,22,33,39,47,46,42,42,43,13,37,14,35,48,46,13,35,16,22,37,16,43,19,44,26,26,46,20,22,42,14,15,32,16,26,39,38,37,35,35,27,44,28,18,45,40,11,31,16,34,49,36,44,13,27,24,17,23,24,24,49,31,50,48,37,45,19,14,20,28,46,43,47,49,28,31,32,25,33,33,25,26,24,46,29,30,11,42,40,24,14,26,21,32,13,24,19,35,14,41,32,24,27,15,26,15,46,11,26,46,17,25,44,22,47,21,17,12,28,12,20,17,49,42,40,41,13,27,24,28,42,16,11,21,27,33,29,12,31,48,21,49,28,28,34,27,31,41,26,49,24,40,31,41,42,46,25,37,37,46,50,27
28,44,35,50,36,20,17,22,17,42,50,28,16,35,41,49,49,25,20,40,38,42,26,15,30,39,26,35,31,48,19,18,30,29,44,10,34,18,15,18,38,23,43,38,22,41,47,30,32,39,31,27,30,23,47,38,22,22,38,30,45,30,19,16,48,32,10,44,15,20,16,22,33,28,21,32,22,11,24,17,26,16,38,44,45,46,11,47,34,50,21,30,47,35,19,42,41,28,21,49,34,24,31,30,17,47,36,39,22,11,17,15,24,22,50,14,13,33,30,22,45,47,35,32,22,47,32,34,40,45,28,16,17,37,16,37,28,24,28,30,42,46,19,25,29,22,21,46,45,47,24,23,23,34,47,12,26,22,25,15,42,25,43,43,24,29,37,28,28,10,43,17,24,43,49,23,46,16,31,40,17,31,12,31,40,14,46,33,47,34,50,36,19,27,44,38,39,33,29,47,42,33,29,15,26,15,19,24,40,44,40,43,24,21,50,14,12,39,19,46,23,47,17,46,42,36,19,37,43,41,18,24,24,16,47,47,41,47,21,27,48,37,17,21,11,49,41,15,44,13,31,45,40,36,41,21,41,14,28,36,27,48,14,14,36,13,27,20,12,33,41,18,34,11,10,29,45,23,12,13,45,20,27,28,29,32,26,44,47,45,45,19,43,17,29,16,42,25,28,21,27,34,46,36,23,13,39,48,21,14,13,21,43,46,31,26,48,25,14,26,37,12,28,16,34,30,26,17,42,22,38,36,18,38,21,33,31,42,31,18,43,33,11,19,48,30,38,44,49,30,11,40,16,16,23,44,26,23,33,41,41,40,17,47,26,27,46,34,35,35,49,28,29,14,16,47,36,49,30,10,42,49,48,32,49,18,14,19,12,20,20,16,45,47,21,49,22,46,20,14,16,16,16,10,21,49,20,28,22,39,23,48,47,10,33,32,39,35,40,10,45,43,34,25,36,25,38,17,37,45,12,41,27,31,24,28,49,21,10,13,42,36,15,30,38,43,40,24,15,40,14,15,41,50,30,11,30,15,21,23,36,23,48,17,40,18,12,14,50,49,32,14,19,29,13,34,29,35,28,12,16,24,48,14,28,45,21,43,29,28,33,44,21,40,29,38,45,27,14,34,42,34,47,22,48,15,15,22,18,44,42,33,20,39,33,25,43,46,48,22,26,37,18,32,21,11,41,19,47,19,19,42,32,29,41,26,20,25,37,19,45,34,24,17,48,44,31,36,28,32,24,13,39,35,18,33,48,18,44,10,31,20,17,40,31,40,28,36,39,24,39,19,42,31,24,49,34,37,13,36,49,24,45,18,30,33,38,35,20,33,49,37,20,36,38,34,48,15,30,19,19,25,31,22,45,36,10,48,11,23,47,48,32,25,26,38,35,32,32,12,40,47,37,14,45,16,40,18,21,37,49,49,31,27,29,37,25,47,43,42,11,23,38,36,16,44,29,23,19,13,37,26,22,23,48,19,17,22,17,43,22,28,42,40,29,42,12,38,47,30,17,30,10,26,37,13,22,22,26,30,30,17,37,38,22,28,48,26,33,33,31,40,30,31,47,25,45,14,15,19,32,34,29,27,50,39,49,36,19,40,46,41,34,15,26,39,16,26,11,42,15,23,16,40,31,44,22,40,14,48,22,12,46,44,39,13,41,50,39,21,21,36,40,14,24,42,48,10,18,33,24,37,11,48,23,28,27,15,46,29,41,28,10,37,19,33,30,46,41,48,47,12,23,40,47,48,42,23,44,43,45,50,26,18,50,12,11,33,15,48,40,19,12,17,36,32,26,20,49,33,32,30,49,23,13,31,42,42,37,36,36,36,12,39,35,26,13,40,29,46,32,43,49,45,39,41,15,28,28,12,50,42,50,19,46,29,35,48,22,32,26,18,24,12,15,43,43,12,11,39,19,15,42,10,17,21,30,47,14,43,42,20,43,45,41,27,17,10,28,30,43,25,20,19,28,36,42,24,13,15,42,25,48,32,32,38,23,15,49,25,16,11,46,14,31,42,13,16,46,32,12,17,15,49,31,20,49,27,50,41,50,19,16,12,35,32,15,35,46,31,47,21,31,14,46,16,34,47,23,27,25,33,38,16,32,30,21,27,48,32,28,49,24,16,18,45,12,18,13,17,46,20,14,17,16,49,31,13,39,41,11,31,48,34,15,34,25,28,32,11,42,45,36,30,17,30,33,15,20,22,46,33,28,43,38,11,13,31,45,36,27,13,20,11,48,46,30,44,39,42
49,40,25,13,20,14,21,33,43,17,17,20,26,16,25,49,21,35,22,47,12,12,49,46,16,49,49,20,38,47,19,22,26,22,10,20,13,17,42,11,20,21,43,18,16,36,25,30,15,34,35,50,42,46,33,21,32,30,25,19,50,20,46,23,37,36,25,35,13,24,41,30,11,22,22,45,25,15,41,45,45,40,17,38,12,12,45,45,30,25,14,11,12,29,30,29,47,22,19,28,17,14,40,41,21,41,38,32,27,28,45,43,35,37,41,34,18,21,10,19,42,45,27,11,30,22,48,41,30,29,24,14,22,22,47,46,50,16,10,20,11,35,48,46,39,38,50,47,34,25,15,42,25,46,39,12,17,30,15,13,45,44,25,20,18,40,46,23,33,39,33,16,32,44,48,49,19,25,40,44,17,43,23,11,14,12,39,20,31,14,16,15,35,17,50,28,48,36,49,29,11,14,36,43,39,25,28,21,41,43,34,42,44,18,34,48,33,30,42,43,19,40,22,40,49,20,44,20,26,12,32,29,14,26,14,20,43,14,48,41,38,14,40,20,27,26,12,45,22,10,45,40,20,31,17,25,49,27,42,34,11,17,47,30,43,46,38,17,28,31,28,34,35,45,32,14,26,18,40,37,28,37,34,25,20,16,20,28,50,46,33,32,25,25,32,46,23,36,24,44,16,46,29,29,13,29,37,34,50,13,31,37,48,41,15,16,33,28,22,29,31,28,43,46,14,25,28,44,44,38,34,10,19,34,23,45,28,13,36,30,47,22,15,33,44,32,31,40,13,13,14,10,20,19,27,49,39,20,11,44,49,11,13,24,10,23,34,17,23,12,45,14,14,20,39,46,30,31,33,39,18,34,12,42,25,35,40,24,27,24,21,43,41,39,31,42,34,14,12,18,20,21,37,24,48,18,18,29,27,48,24,14,17,23,33,19,35,39,12,45,20,17,20,38,25,16,49,49,39,21,16,10,26,13,45,23,17,23,27,19,25,35,14,12,36,17,13,17,20,24,46,19,31,32,14,15,34,38,23,23,41,39,28,45,50,44,12,49,36,18,42,17,19,43,40,46,30,31,16,45,25,40,37,31,40,44,47,37,16,49,16,12,38,16,31,28,45,37,16,28,35,42,26,37,30,32,48,44,19,35,41,42,14,37,43,36,45,25,23,22,28,47,33,14,49,31,37,19,50,46,16,45,32,44,36,43,21,19,31,29,40,21,42,19,35,25,48,24,36,28,45,14,23,35,43,15,49,32,34,15,17,40,42,13,15,30,12,13,29,39,48,12,26,37,32,16,42,22,15,17,42,28,41,44,14,21,13,17,27,28,41,42,46,27,14,15,32,14,35,49,20,29,15,39,27,42,46,14,33,25,10,27,17,18,21,50,18,14,30,24,33,44,20,18,44,47,19,32,14,41,46,36,12,39,34,27,29,27,12,23,29,43,24,39,33,23,42,46,41,25,16,49,47,14,24,10,29,39,24,25,35,16,26,49,12,27,28,44,11,25,37,18,46,20,40,18,27,17,46,46,19,34,48,46,35,13,18,11,16,29,19,21,34,22,42,46,45,12,17,24,34,39,14,45,26,37,22,17,39,28,21,39,11,44,37,38,36,15,40,38,23,17,35,33,24,14,24,38,16,30,32,18,31,17,44,30,31,25,48,28,48,47,20,33,40,24,35,36,17,41,35,43,38,10,12,19,17,13,20,36,33,16,45,44,39,38,36,11,19,37,32,23,29,45,22,28,47,26,50,37,45,16,35,49,23,19,44,15,35,33,41,38,12,44,38,39,48,10,19,34,31,14,44,31,14,11,18,24,18,24,42,28,33,37,37,23,33,30,17,25,46,33,15,39,15,20,11,45,25,21,15,45,45,24,14,44,23,47,31,22,41,27,10,39,34,29,23,24,26,43,38,12,34,17,39,12,29,30,37,32,39,15,30,18,36,37,15,34,39,36,24,42,14,11,35,43,40,11,40,26,44,37,44,41,24,14,12,24,39,45,34,24,14,42,15,45,23,47,16,27,34,28,12,11,27,16,40,33,16,18,38,46,13,28,16,13,11,48,18,18,39,17,39,33,30,17,23,22,22,28,24,16,34,28,32,21,46,34,26,25,39,40,33,50,22,21,50,48,27,13,33,14,20,14,28,41,49,34,30,28,33,39,23,20,22,44,20,44,11,23,26,46,27,24,47,30,22,45,21,47,26,10,30,38,14,24,21,29,13,29,31,34,31,48,32,37,25,12,26,16
49,26,25,36,43,27,43,13,33,37,33,39,49,41,28,43,39,39,47,12,23,26,43,24,44,22,46,45,23,25,43,29,20,17,11,23,44,23,33,50,31,27,12,19,10,26,48,21,48,46,13,25,38,38,26,13,33,47,37,32,48,37,49,30,36,19,34,35,19,48,13,48,39,29,33,29,24,38,29,30,26,37,32,37,29,43,25,39,46,49,39,44,34,32,39,21,41,20,11,38,34,47,19,46,11,48,22,38,21,14,24,18,42,36,25,28,28,18,36,15,44,41,29,43,18,12,21,13,31,15,41,29,13,29,31,32,23,27,23,23,21,36,39,12,43,41,13,43,26,47,47,10,45,32,48,48,48,11,33,46,35,18,34,38,47,31,46,44,31,12,28,47,30,37,47,14,39,38,15,41,44,29,13,43,41,21,32,35,14,16,26,49,29,15,41,19,21,31,48,40,17,19,50,18,20,14,15,12,25,35,45,29,27,30,46,41,23,23,21,45,36,36,20,19,10,20,30,16,22,23,20,25,28,15,33,35,48,17,26,37,43,32,22,30,19,43,12,38,43,25,42,37,46,35,24,44,12,13,23,38,34,45,50,34,25,29,15,27,50,19,34,37,48,34,32,27,20,18,44,35,29,23,41,15,42,34,41,24,19,13,34,41,38,17,11,43,33,11,28,44,46,32,38,43,35,49,34,36,47,29,42,44,26,42,25,25,31,13,47,18,47,26,26,41,33,25,48,19,46,49,27,37,20,45,41,45,41,48,23,44,35,15,20,35,13,33,24,26,39,35,18,17,13,36,17,33,36,37,42,50,12,41,16,23,13,43,43,36,13,14,35,17,30,22,43,43,44,18,34,18,23,17,34,42,16,15,21,28,17,39,49,19,28,39,34,26,39,24,42,21,16,15,43,40,33,28,45,33,26,24,36,39,46,27,32,32,10,21,17,41,21,28,31,11,27,47,46,41,44,31,47,19,49,39,30,11,22,38,24,22,20,38,24,46,36,33,27,43,15,17,13,39,30,32,29,21,28,38,43,20,15,43,48,50,36,12,17,17,36,40,41,43,44,41,32,26,16,37,34,43,29,18,28,45,25,46,34,29,11,31,32,27,30,37,15,11,45,29,21,39,23,49,12,29,11,30,25,35,31,33,12,29,16,12,33,34,16,33,25,16,13,43,17,43,22,49,24,50,12,24,46,16,40,48,48,49,34,11,13,49,22,48,29,43,25,43,16,35,30,35,44,10,36,21,42,13,43,45,18,27,44,43,19,46,32,18,43,37,11,46,35,38,27,45,22,39,18,12,26,46,10,41,35,31,28,43,34,19,25,15,22,21,18,31,29,11,15,43,25,44,31,28,39,43,28,25,10,37,25,18,23,41,20,12,19,34,30,35,39,22,33,30,17,37,13,20,36,36,23,43,21,45,32,26,28,31,16,44,33,34,27,17,38,15,49,23,33,18,16,22,49,11,27,10,47,30,10,20,19,14,27,28,25,47,41,13,13,46,40,20,20,41,40,28,21,20,43,49,31,50,41,45,12,35,31,21,21,42,20,46,38,27,26,29,46,38,35,26,20,27,21,26,12,28,20,50,41,50,50,26,32,32,16,25,24,34,32,26,46,48,30,38,40,21,36,13,23,16,48,17,45,46,23,38,15,37,36,22,33,25,29,16,29,46,29,31,25,30,11,29,45,11,38,12,15,18,43,27,46,37,26,42,21,49,20,35,17,23,23,26,40,44,32,13,38,10,49,47,13,35,46,28,21,22,42,12,30,42,31,22,46,16,12,15,40,25,47,44,15,14,24,21,13,31,16,43,26,33,32,42,29,39,48,40,47,44,34,27,20,16,32,40,38,18,29,27,23,38,30,43,26,47,24,42,28,38,15,18,24,26,32,43,31,48,22,17,49,12,29,31,35,26,16,13,24,28,32,12,35,22,16,10,14,33,25,17,43,19,18,25,44,28,10,41,11,34,36,29,37,20,15,18,24,50,26,15,33,20,12,17,46,20,20,13,32,12,22,42,38,28,37,47,12,41,15,43,43,48,13,47,47,29,29,37,30,37,44,42,10,19,48,21,33,11,33,23,14,13,23,12,47,30,14,20,28,39,34,13,30,23,48,21,14,39,37,36,37,48,43,13,14,41,49,37,15,48,39,11,25,14,46,17,47,26,11,16,48,19,24,35,39,46,38,41,21,16,39,36,21,46,21,13,46,28,30,46,19,22,33,37,10,12,39,42,39,36,25,22,47,26
11,44,25,33,47,29,10,30,10,44,31,26,25,25,18,22,43,29,37,14,36,13,33,23,23,39,32,36,14,32,32,26,29,48,37,10,42,25,14,26,22,27,10,36,32,29,17,11,13,33,50,33,44,14,17,13,31,17,18,13,27,42,49,14,12,44,12,40,13,43,47,43,28,36,49,18,13,31,25,50,48,37,34,31,19,27,27,30,15,40,28,35,23,29,34,36,42,23,48,33,28,30,30,29,14,41,50,41,36,33,42,39,42,28,28,32,11,22,11,24,16,37,13,49,38,36,10,46,24,13,36,27,18,35,40,39,37,22,23,22,24,24,20,35,10,30,29,15,50,42,12,49,27,14,25,11,48,42,36,35,11,36,47,45,42,37,24,24,11,15,16,24,37,25,26,28,41,27,12,14,26,35,16,15,16,21,18,44,46,40,33,11,42,45,41,38,46,12,32,20,34,50,30,49,25,27,50,11,35,13,41,19,30,17,17,21,22,23,47,22,16,49,20,43,29,34,48,17,31,37,24,28,47,48,30,19,49,11,46,13,29,29,29,26,38,13,46,18,48,26,14,14,50,21,34,29,41,27,43,17,10,15,18,48,17,23,20,13,50,16,45,33,17,30,15,22,36,25,30,16,18,28,25,45,19,32,31,29,46,25,18,37,29,37,15,10,50,30,31,30,20,45,17,18,25,44,17,47,33,19,32,49,47,16,22,49,22,34,21,47,41,29,36,31,47,35,40,46,30,10,15,29,28,32,49,25,30,21,39,12,44,13,28,41,22,34,20,30,30,44,25,49,46,47,47,32,33,32,22,19,35,19,12,42,17,32,16,25,25,45,43,23,40,34,14,47,10,46,21,17,19,27,31,37,32,39,34,44,11,34,23,49,46,31,28,50,29,20,36,30,15,27,21,39,48,44,32,33,14,40,39,30,22,49,23,31,39,22,16,49,13,13,40,17,24,34,15,38,37,13,38,45,47,35,21,29,22,36,47,46,11,44,24,47,47,31,49,34,13,38,25,30,20,40,34,10,33,49,30,24,11,14,32,35,37,50,47,43,40,30,42,40,45,27,15,40,21,23,18,24,44,46,48,31,43,22,37,17,21,39,30,21,49,42,45,38,26,37,30,23,27,34,38,21,35,28,11,45,27,44,45,40,50,41,20,34,35,49,39,21,14,15,41,44,15,43,48,44,42,45,45,14,48,37,35,43,41,28,45,32,20,14,43,23,13,48,19,13,49,32,16,17,26,37,12,43,32,15,11,41,40,47,49,19,35,14,25,13,32,11,45,30,42,46,39,28,35,48,11,11,28,14,13,18,17,37,48,32,45,21,20,33,15,28,47,38,15,49,19,32,49,27,22,26,14,44,16,14,26,23,26,42,32,28,49,36,37,32,38,50,28,34,18,34,20,30,48,41,24,13,46,30,35,12,34,37,26,22,21,34,37,17,46,17,12,44,44,13,32,48,14,49,32,12,31,11,14,40,29,26,48,24,46,22,28,23,15,13,26,28,49,14,14,38,10,23,18,45,32,28,45,32,25,47,33,19,24,23,14,10,20,39,42,19,37,40,26,27,49,16,34,40,46,12,27,21,24,12,44,38,36,25,47,33,18,18,42,26,41,48,21,23,47,31,33,46,33,16,32,47,22,14,34,31,33,12,46,40,12,39,37,23,11,14,17,32,29,32,45,22,29,15,23,48,50,31,36,22,10,21,30,48,43,26,49,25,15,30,21,10,28,48,39,47,40,45,19,11,15,48,20,24,43,35,49,23,36,31,28,25,32,28,26,25,32,33,29,19,34,41,31,27,23,14,23,36,45,39,50,32,24,34,32,31,24,30,14,15,26,49,32,21,40,32,41,47,19,35,50,28,32,30,47,16,25,21,42,26,11,33,11,17,13,42,13,37,30,36,19,22,33,29,32,39,14,25,39,15,47,10,11,11,15,21,47,14,45,38,22,35,17,45,45,38,17,40,19,39,43,20,42,25,23,14,41,41,46,33,30,36,16,31,17,42,48,22,17,36,29,23,46,38,18,12,24,44,32,28,28,41,39,31,25,35,35,11,49,47,31,21,25,46,32,26,35,23,45,28,12,33,23,15,30,50,12,42,28,18,48,37,42,33,39,30,12,45,34,26,18,37,19,15,26,14,20,10,27,13,10,32,21,47,25,24,21,36,22,32,20,43,22,25,45,32,25,12,28,39,11,19,49,43,38,38,29,38,44,23,44,41,49,48,45,21,44,40,30,30,43,30
46,30,35,33,27,39,40,15,34,37,32,21,49,34,40,39,16,27,29,22,14,26,27,35,25,19,33,17,41,23,44,11,27,20,13,20,25,15,27,16,48,23,17,47,34,30,18,30,36,28,20,35,22,43,28,21,38,21,11,16,35,34,49,31,20,32,18,18,21,37,43,20,25,18,13,32,42,27,15,25,12,25,43,44,37,35,48,33,42,30,24,15,34,33,34,43,40,31,49,48,23,29,23,33,38,34,41,10,22,27,22,45,14,47,11,41,30,42,24,34,27,38,15,16,25,39,14,25,46,48,32,27,32,17,31,15,40,36,49,38,50,35,39,43,48,13,41,46,19,18,22,32,34,10,30,43,30,38,33,48,22,22,24,26,16,31,26,35,49,24,12,34,13,44,34,20,26,39,17,23,16,14,22,25,33,18,19,10,35,16,35,40,30,29,41,43,47,16,15,24,23,43,23,18,29,48,28,50,47,22,18,23,37,32,41,10,22,35,34,10,46,40,32,40,46,18,42,38,24,14,25,14,48,42,24,40,33,11,32,26,36,50,44,15,30,42,21,34,41,43,15,47,46,16,38,21,25,23,43,41,12,37,10,26,48,48,34,11,15,23,34,27,43,15,46,26,17,17,36,45,19,11,26,18,18,33,13,43,13,38,16,32,26,42,12,23,24,31,35,14,46,38,21,25,46,18,10,41,10,32,19,14,15,30,25,46,36,31,36,16,31,26,47,20,24,24,43,15,36,42,49,15,29,28,47,46,34,30,42,25,32,23,29,30,27,44,46,41,26,48,34,32,20,48,27,34,42,44,13,40,25,29,12,11,39,49,19,43,50,33,22,27,37,25,17,50,12,44,49,49,47,35,43,12,36,33,49,16,24,16,28,31,13,14,34,41,27,39,38,26,42,24,35,33,24,14,31,24,36,31,15,20,31,42,26,13,37,45,50,39,38,48,45,25,50,11,14,46,47,30,40,34,37,36,20,45,13,40,11,16,26,42,28,11,19,23,13,19,48,35,37,11,39,18,46,34,42,15,41,15,26,42,27,14,43,45,45,45,42,14,34,23,37,22,30,29,36,11,47,35,38,19,39,43,30,44,36,28,32,47,11,12,45,43,16,40,21,31,36,33,13,29,13,44,44,35,40,49,28,47,41,32,24,15,18,39,41,28,18,46,19,30,28,25,48,46,15,31,40,42,15,16,34,21,47,37,25,10,20,36,40,20,39,23,31,45,17,20,46,27,10,26,49,18,21,45,34,16,34,25,16,24,16,12,49,39,32,16,26,24,11,26,47,11,36,32,41,21,32,18,23,31,22,49,34,20,20,47,14,49,37,37,32,19,32,38,24,17,25,21,33,47,31,32,32,49,28,11,45,45,24,45,45,38,10,46,19,30,48,29,11,37,38,24,27,44,16,21,19,11,31,48,45,44,19,33,46,13,17,36,36,50,26,48,25,37,20,48,46,45,13,46,44,26,25,15,21,41,29,12,45,18,40,15,11,39,10,25,45,34,29,43,42,46,34,26,42,20,44,48,41,29,14,29,44,38,49,19,21,43,20,49,37,49,38,22,18,23,17,25,10,29,28,45,23,18,35,35,43,14,16,44,35,49,27,19,43,35,25,36,47,13,48,12,31,16,43,20,21,37,49,42,19,35,11,35,16,10,48,15,23,12,44,37,10,29,13,40,36,28,23,38,42,41,25,33,11,49,26,38,47,40,13,44,15,39,30,16,16,38,47,34,38,34,26,25,20,23,41,43,17,37,47,16,26,21,43,29,20,31,40,25,31,11,41,40,15,29,45,21,43,38,49,25,50,17,30,48,36,11,46,38,48,40,43,11,12,35,36,29,33,46,19,38,37,21,18,15,50,17,37,37,15,42,12,35,12,20,50,43,37,47,40,46,34,21,17,38,43,19,18,31,27,34,20,26,16,45,49,46,16,21,10,49,39,48,20,26,42,18,35,35,36,42,33,28,38,24,50,23,36,36,24,30,16,16,33,34,32,28,31,43,33,36,21,23,22,14,20,24,33,37,39,16,13,26,33,45,29,12,11,34,42,19,44,35,47,49,25,14,44,35,17,16,31,18,44,18,32,36,28,39,46,34,33,25,16,42,41,28,38,34,20,36,17,23,29,12,16,27,26,28,39,44,24,23,21,30,23,24,31,26,28,12,12,15,20,14,33,38,11,26,25,33,39,30,15,48,48,14,30,31,21,47,37,31,19,25,12,27,27,19,15,17,31,12,28,22,41,26
