The number of jobs:
600

The number of machines:
10
The power of each machine at differnt speed levers:
(where rows denote machines: 1 to 10 and columns denote speed levels: v1 to v4)


9,23,35,44
9,23,37,45
17,25,36,43
12,19,33,42
14,24,36,44
17,29,36,44
13,19,24,30
9,13,35,43
10,16,23,32
8,27,34,41

The basic processing time of jobs processed on different machines:
(where rows denote machines: 1 to 10 and columns denote jobs: 1 to 600)
40,14,30,47,24,15,26,45,30,41,44,22,26,42,20,23,47,47,31,18,45,49,38,24,34,15,50,33,31,46,28,37,36,27,26,16,11,14,13,22,25,11,14,47,20,39,22,13,35,17,26,25,45,41,42,22,44,15,27,36,19,34,24,28,26,49,12,43,39,16,21,25,34,25,31,25,30,32,23,34,18,23,45,22,15,35,41,22,24,50,26,26,28,39,16,23,48,24,17,41,15,22,37,26,20,21,16,22,14,34,33,47,39,42,33,50,48,18,48,45,16,46,23,38,38,27,34,33,24,29,18,21,47,28,24,44,11,46,39,14,35,37,33,39,24,27,44,26,36,22,17,29,25,27,25,14,33,32,27,34,46,10,45,18,20,22,46,11,48,35,46,22,22,23,27,21,14,16,32,34,40,13,10,32,47,19,27,50,49,36,38,30,20,28,31,22,24,29,25,39,36,19,45,41,23,31,37,12,44,48,32,32,36,34,23,23,25,15,47,31,11,46,37,39,22,28,37,18,37,24,13,10,14,23,30,17,17,26,40,10,21,48,48,25,23,30,27,28,38,13,23,16,42,44,49,40,17,40,49,12,20,21,39,16,34,32,21,44,26,10,43,47,18,38,29,28,28,28,30,37,40,36,49,27,22,44,48,37,19,24,26,32,30,46,29,37,21,44,35,37,11,31,27,17,30,28,24,27,36,16,41,34,46,43,43,44,32,23,39,26,41,32,34,43,12,47,15,40,10,32,33,42,28,44,27,31,28,32,38,25,28,32,27,40,38,15,41,17,15,22,45,25,21,34,13,15,12,44,17,17,25,45,50,19,33,25,45,44,38,22,20,29,41,14,12,44,38,10,41,19,30,11,11,40,23,45,15,48,12,38,15,38,11,38,18,43,36,49,43,23,15,11,30,25,36,48,42,35,46,19,41,11,47,15,19,24,46,49,40,22,32,26,41,30,11,28,49,46,47,20,43,23,26,44,26,11,29,11,32,16,29,29,27,10,10,48,11,32,32,42,13,23,13,40,23,16,37,41,38,40,13,22,29,37,37,38,25,44,11,21,28,11,16,32,46,26,38,36,16,43,44,38,44,12,18,49,27,37,14,26,46,24,11,29,18,14,39,12,27,38,46,40,32,22,50,23,21,14,46,29,31,32,43,28,33,19,18,36,27,29,22,19,19,45,40,41,38,49,36,24,19,22,48,11,23,33,13,29,26,12,12,31,46,36,16,17,39,12,26,37,31,14,14,35,38,42,22,44,30,27,36,32,35,39,13,40,46,30,30,31,43,27,42,38,27,42,32,44,20,32,34,16,32,34,30,13,48,15,50,45,34,15,21,16,20,44,19,48,27,38
45,16,20,15,29,39,18,38,24,42,31,29,47,24,18,35,41,42,19,18,17,26,20,14,40,18,40,43,18,24,46,44,16,25,35,31,49,33,48,10,44,23,18,41,49,48,47,45,40,26,30,29,41,15,24,43,22,17,26,48,42,39,21,12,40,49,34,36,41,37,30,22,43,47,36,49,35,28,28,23,21,48,43,49,14,41,43,41,15,23,44,19,15,17,29,16,45,20,22,44,38,34,20,33,44,49,37,36,41,25,18,15,24,28,20,37,49,20,39,30,39,13,40,22,15,11,45,36,27,25,36,39,38,17,33,32,40,35,29,31,24,20,28,45,37,42,45,43,28,30,20,33,19,20,49,16,13,15,40,23,16,21,48,44,15,20,12,48,46,39,32,15,37,38,35,38,15,43,46,48,33,12,38,42,43,45,27,11,12,15,45,44,13,40,13,48,41,47,34,19,29,19,16,10,14,34,13,28,47,13,21,15,14,13,11,17,31,39,24,19,17,23,25,18,20,40,25,26,14,16,32,30,42,44,39,44,41,13,18,48,34,25,10,40,21,28,30,47,15,26,12,14,28,36,25,44,19,41,37,46,41,33,47,49,31,16,29,43,22,30,15,32,14,32,45,24,28,40,24,18,36,35,35,23,21,17,12,29,23,43,42,37,27,46,11,38,33,49,15,24,20,23,22,46,10,43,34,41,41,31,25,45,38,37,19,37,27,44,36,21,21,32,13,38,25,39,50,30,26,15,20,48,10,43,41,39,15,49,44,18,48,33,34,47,21,48,46,39,19,16,45,42,26,37,49,29,41,29,40,41,23,29,39,15,26,16,14,20,17,21,33,43,43,35,11,10,15,31,30,30,41,40,27,24,13,21,37,38,47,49,21,19,42,11,33,13,31,45,35,42,45,14,42,22,21,24,31,36,20,26,35,40,20,35,15,49,20,24,39,45,34,11,27,46,12,46,11,37,20,49,26,30,16,20,29,41,12,37,40,17,46,39,26,43,27,24,46,24,49,37,17,12,26,49,49,16,46,18,33,21,39,38,11,32,25,39,12,35,21,16,44,26,35,20,42,37,33,17,35,13,38,26,31,27,14,47,29,42,19,49,41,43,18,20,43,12,23,47,39,39,24,17,36,24,27,13,35,45,11,26,45,39,12,34,40,32,44,14,27,23,26,23,16,12,27,48,25,37,39,21,49,33,11,11,13,27,11,13,28,30,26,14,34,26,44,47,14,42,33,37,34,42,18,11,32,42,46,44,36,16,49,12,39,24,25,41,17,42,40,40,14,17,47,47,45,11,38,39,34,45,20,35,18,38,23,25,31,23,47,32,35,17,22,13,17,43,12,23,14,44
45,24,31,18,27,30,39,26,28,15,43,37,48,34,30,28,46,25,31,16,42,42,34,33,30,28,20,34,49,26,39,40,33,40,28,37,25,25,37,43,28,28,44,50,48,35,37,12,38,13,41,15,40,12,11,45,46,43,27,23,13,17,16,25,23,22,14,44,19,12,39,17,13,23,26,48,36,43,11,26,17,18,45,48,47,41,39,45,15,15,30,16,35,44,32,46,26,14,48,42,41,19,22,23,39,42,32,36,16,13,30,13,41,25,46,29,12,27,15,39,40,19,41,29,29,43,24,19,44,28,28,50,45,27,39,30,14,27,33,24,19,34,16,19,29,30,37,36,49,38,12,28,29,23,41,33,43,36,30,22,26,19,13,36,13,17,20,42,14,23,38,33,30,45,23,45,41,11,35,45,30,34,47,40,16,34,13,28,37,15,29,37,48,11,29,46,25,37,20,42,15,50,14,36,29,42,32,34,43,43,38,34,42,35,20,45,47,50,15,17,30,32,17,48,44,15,41,33,49,42,44,49,41,36,32,20,20,37,13,19,36,17,25,27,15,28,23,26,39,16,45,44,22,20,24,46,11,12,35,22,25,17,32,29,33,32,37,29,14,28,23,29,16,43,10,18,22,33,26,13,30,39,38,22,32,10,38,42,18,43,36,38,28,46,14,21,27,26,34,30,27,12,23,32,19,32,31,48,28,23,43,39,39,15,24,15,24,50,28,45,36,24,17,17,36,25,32,42,12,46,13,42,10,20,12,31,42,12,33,22,15,41,29,31,19,38,35,18,46,15,42,20,32,22,16,32,29,44,14,40,20,24,33,30,41,40,44,32,12,15,26,19,24,20,17,33,39,13,13,18,43,25,21,33,22,47,36,38,15,13,30,25,40,32,18,36,15,14,26,45,28,14,44,30,25,49,27,50,26,31,50,20,33,11,35,19,19,37,31,20,49,16,47,13,37,49,28,35,46,20,35,49,16,48,50,46,48,49,21,12,12,20,32,48,20,27,26,32,17,44,15,23,36,20,26,44,39,43,10,46,43,46,20,20,37,20,34,15,34,29,18,19,22,22,19,44,23,17,44,44,37,34,27,48,12,13,47,12,41,24,17,18,22,25,38,24,11,31,19,23,35,17,23,31,46,39,26,17,30,34,22,48,35,38,29,44,46,36,37,13,19,32,47,10,21,36,28,19,29,13,15,50,41,12,36,49,30,46,22,12,29,29,30,21,20,49,29,25,32,28,32,29,42,48,34,38,45,30,38,29,41,27,43,30,38,19,44,24,47,44,15,13,30,41,46,29,18,38,40,31,32,49,44,39,38,23,22,30,36,21,38,34,29,46,46,12,16,12,49,36
44,31,43,43,48,41,15,33,42,18,17,36,12,42,42,12,19,25,33,46,12,49,44,22,36,20,34,17,11,14,45,19,17,42,29,15,24,41,22,36,28,37,21,27,22,18,25,32,21,12,45,38,29,33,23,21,14,12,33,50,16,49,35,20,32,15,50,20,16,19,48,23,43,23,10,44,21,28,30,30,48,38,14,26,18,29,41,45,15,49,19,29,28,34,24,48,41,30,40,48,45,18,30,38,44,18,24,48,21,14,38,30,39,27,19,10,21,44,42,23,14,36,49,12,17,13,42,36,41,20,45,16,26,27,47,32,25,18,27,25,16,18,35,18,14,18,11,11,38,39,29,17,48,30,28,15,19,34,32,49,23,13,47,49,23,11,35,14,34,30,25,28,45,40,40,22,50,37,18,14,44,33,20,50,43,29,49,25,48,44,30,19,30,19,35,11,26,41,27,40,13,41,14,44,38,42,15,20,14,11,45,20,10,19,29,14,33,21,15,39,20,49,24,39,49,47,36,37,39,17,46,45,32,35,25,15,39,46,22,31,48,30,31,44,18,45,34,13,24,26,14,12,33,35,19,29,39,39,32,19,14,24,14,34,45,21,40,45,38,36,21,43,29,25,22,21,21,44,40,30,45,25,34,31,42,25,15,48,38,26,40,16,18,22,25,14,23,45,11,18,30,45,27,40,40,15,46,31,25,47,42,48,28,28,43,26,32,10,44,37,32,31,13,30,10,13,31,23,25,25,40,35,46,19,13,31,29,14,13,27,21,21,44,19,22,22,37,49,36,27,25,49,30,20,26,12,22,37,48,10,30,15,35,42,16,37,20,32,17,30,10,42,16,14,19,15,38,38,24,26,49,11,43,44,33,42,36,23,12,27,47,14,13,41,12,15,42,28,29,46,32,35,16,16,25,27,23,24,24,13,45,48,21,43,30,17,44,38,27,19,48,14,47,18,24,12,32,19,14,29,43,44,47,15,47,19,21,40,13,15,39,43,24,37,16,26,44,42,43,42,39,34,31,13,11,13,46,33,27,11,25,41,27,33,40,32,23,24,28,49,28,22,45,38,12,34,25,23,34,48,46,27,13,42,25,20,38,36,33,42,49,47,38,27,40,26,38,30,19,16,42,16,42,30,48,19,24,44,49,25,29,21,32,37,36,12,27,35,12,13,30,25,43,20,31,17,19,45,14,33,45,33,13,35,11,12,44,14,33,28,40,12,41,25,46,29,42,20,32,50,26,32,33,19,50,14,13,24,27,45,47,49,29,23,37,42,35,21,48,25,25,29,23,14,50,18,48,48,33,28,39,46,42,49,20,39,18,30,49,14,17,18,17,37,44,25,41,23,34,35
33,39,15,38,15,18,49,17,28,50,35,19,20,19,50,16,18,48,46,34,42,34,34,33,44,39,16,33,45,50,27,27,14,35,35,46,43,27,29,31,44,34,11,28,30,45,35,14,46,24,32,23,38,22,21,45,36,22,42,36,32,38,23,14,29,42,19,11,12,47,31,27,29,45,18,45,20,13,33,33,31,45,28,11,37,42,36,38,42,24,17,43,34,34,42,37,15,44,17,44,14,20,31,21,12,19,48,36,39,43,44,35,23,28,20,17,15,11,25,16,49,50,16,13,32,40,30,15,26,31,28,28,35,37,10,27,31,20,35,29,11,44,42,45,29,43,31,17,29,50,22,38,43,21,11,47,11,37,46,41,20,50,11,24,50,46,32,16,18,24,20,26,17,26,44,11,16,18,38,27,15,21,10,48,31,13,46,40,17,16,47,44,38,28,29,44,11,42,23,17,31,30,30,25,14,37,44,46,26,17,45,16,15,47,38,33,11,39,43,12,49,27,31,17,31,27,29,38,49,48,39,36,45,48,14,25,41,47,48,40,34,38,42,46,37,32,15,23,50,16,34,47,26,20,14,21,29,30,14,27,18,35,43,28,14,16,34,45,38,22,38,50,45,34,11,32,45,19,30,41,46,45,28,29,33,13,32,21,46,27,29,18,32,30,13,13,35,42,28,27,39,12,42,18,17,12,45,26,43,14,15,31,37,36,32,11,41,44,16,18,46,28,43,27,46,12,32,14,34,37,13,25,11,23,36,14,13,38,11,10,20,17,46,37,35,31,11,35,21,30,33,39,11,40,37,39,30,47,46,26,16,10,15,28,15,29,31,26,47,28,13,17,46,45,26,30,11,16,14,28,21,30,49,17,25,12,45,44,16,48,19,46,46,30,17,48,27,32,20,41,46,14,50,35,49,18,13,10,19,46,25,33,13,36,24,16,44,38,31,28,38,48,11,20,19,24,48,20,31,38,25,19,48,40,20,25,37,35,13,33,34,13,31,43,39,27,20,41,41,44,19,49,37,30,26,39,49,46,37,32,36,15,35,50,16,31,28,13,50,18,30,13,24,30,40,43,13,13,25,27,10,18,30,38,30,12,26,33,11,43,43,26,48,20,28,30,32,40,49,35,41,19,16,28,46,44,26,36,39,32,28,40,32,30,48,28,38,44,13,21,39,15,17,31,44,28,35,42,30,11,32,50,35,39,11,23,39,24,24,39,24,47,23,43,41,17,41,12,33,23,33,43,49,27,49,23,16,40,39,32,14,29,24,38,14,14,19,38,23,33,38,30,26,33,29,27,32,30,16,20,14,13,30,35,48,12,20,10,46,35,48,11,39,28,50,27,37,20,20,35
13,49,20,29,19,16,14,48,11,14,14,40,24,22,23,26,20,22,42,48,48,43,43,19,17,27,38,34,32,17,21,28,48,26,17,38,30,17,35,27,37,24,15,49,46,41,23,47,12,50,16,19,43,15,43,49,35,25,49,31,30,22,19,25,29,32,13,45,33,11,46,28,16,38,38,25,47,47,37,24,40,47,17,20,18,22,33,48,37,36,34,23,41,31,18,43,37,13,47,13,38,36,35,19,17,38,14,44,31,18,18,30,44,44,16,36,30,21,38,25,47,50,49,12,41,30,12,30,11,49,25,28,46,18,47,35,14,27,30,16,25,21,33,45,34,33,19,48,18,26,32,24,20,24,21,22,43,47,29,35,48,25,37,29,35,37,35,10,41,17,37,37,11,40,41,28,21,46,14,27,15,20,41,37,23,45,15,44,29,46,19,28,25,11,40,33,38,20,45,12,13,26,27,41,28,26,17,15,30,12,33,45,42,12,38,41,24,43,39,35,14,22,37,43,35,39,35,21,40,32,14,15,38,37,36,42,10,40,27,11,30,34,25,30,30,34,43,23,48,40,32,19,32,27,35,14,10,24,11,47,48,45,20,27,31,48,20,34,14,25,35,21,24,15,25,32,46,34,30,45,19,12,36,13,35,25,41,29,27,12,42,12,24,40,31,23,17,35,13,48,49,27,36,45,12,49,14,24,17,35,17,44,41,27,49,11,43,41,22,38,32,11,28,32,35,49,38,42,39,35,15,16,27,40,32,18,26,21,30,31,40,28,16,48,17,15,16,33,40,33,50,40,26,38,22,16,47,50,33,49,49,39,37,42,18,11,29,14,42,16,43,17,16,19,39,21,48,44,44,23,22,46,26,27,36,14,50,12,25,37,42,41,42,30,39,21,28,30,47,37,14,24,18,38,37,27,11,28,37,27,26,40,13,38,26,12,41,21,46,39,16,13,33,11,17,39,40,25,48,43,26,31,25,29,36,14,35,42,19,41,35,29,19,17,13,41,11,48,12,42,28,25,15,16,15,14,37,20,38,19,49,34,37,44,25,17,42,45,17,12,23,26,39,40,23,11,18,23,40,23,27,38,19,46,22,31,19,23,46,23,11,41,12,37,12,46,13,42,45,34,14,37,37,21,41,10,16,34,43,37,17,10,45,35,15,20,18,33,16,39,13,44,32,16,19,41,38,42,41,31,34,44,46,26,49,27,19,21,41,36,17,32,47,14,50,35,32,17,45,40,43,32,29,29,37,17,23,47,15,48,31,33,30,32,31,19,35,46,32,15,40,19,46,25,33,47,18,47,21,18,21,45,41,21,43,21,25,47,21,37,32,17,45,20,44,44,48,16,28,29
39,43,25,48,24,35,24,28,22,44,40,41,48,22,44,28,14,20,35,30,14,15,37,34,13,26,21,13,31,48,29,28,36,41,48,41,27,20,16,45,15,38,30,17,26,17,23,23,36,13,38,18,39,35,12,16,43,36,45,33,24,16,19,17,11,44,43,26,38,12,20,26,42,25,31,14,24,47,33,40,28,39,23,44,24,42,12,47,34,34,36,14,44,22,18,16,40,26,18,50,11,37,15,15,31,48,11,25,21,46,16,19,15,33,28,28,38,38,22,16,29,10,38,34,44,26,28,30,45,33,36,40,41,38,22,12,45,47,42,41,40,34,11,46,30,41,16,12,49,40,18,39,28,48,12,49,32,34,28,30,44,30,20,44,29,47,49,20,31,39,21,38,37,45,22,11,18,35,31,50,16,10,27,37,49,17,17,29,43,30,14,16,32,11,45,48,49,27,23,19,17,35,29,39,25,32,26,45,50,14,14,33,49,40,18,25,36,34,13,33,35,38,18,45,35,24,40,15,19,41,49,23,46,41,15,25,25,46,29,31,29,16,32,50,40,30,34,45,19,28,13,45,40,23,45,44,11,21,29,37,31,22,39,33,46,29,22,16,31,27,49,41,37,42,44,49,42,45,41,17,33,17,49,11,35,37,38,44,16,39,21,37,17,14,21,34,35,15,45,35,15,45,30,21,47,28,10,32,37,19,21,29,41,12,20,12,11,11,49,30,29,46,28,11,47,38,34,16,49,25,46,19,42,11,32,19,39,12,28,30,45,28,12,50,50,18,21,28,48,15,27,28,38,23,24,26,32,43,12,37,29,32,42,15,14,39,43,12,24,17,36,23,27,17,34,22,41,10,24,20,30,43,12,24,11,49,11,43,27,30,49,50,19,15,39,28,49,24,26,24,40,27,39,44,42,42,31,33,33,50,29,21,17,24,15,23,21,16,33,47,18,26,33,50,47,26,23,18,43,39,36,49,22,36,39,13,35,30,15,26,47,27,38,24,48,22,20,30,11,24,38,30,33,16,39,10,43,20,11,40,38,16,41,20,20,35,46,37,40,16,42,30,45,28,30,22,47,10,19,31,11,31,11,40,46,47,39,18,23,10,21,17,43,15,15,38,17,20,48,11,46,21,10,15,10,50,44,43,29,29,22,30,42,32,44,34,35,48,46,43,27,29,35,38,42,35,43,17,11,33,33,46,18,24,27,33,49,25,46,47,39,44,32,25,41,37,11,20,15,16,23,40,14,41,20,12,18,32,38,31,38,17,30,35,21,46,45,22,39,30,27,20,32,34,28,44,39,44,12,41,46,48,45,23,34,33,26,12,49,26,47,13,29,11,21,23,30,44,43,12
37,15,38,23,46,35,13,38,18,16,26,39,25,43,47,26,24,14,15,20,19,45,33,42,44,16,45,36,20,18,21,31,34,39,32,46,47,35,16,28,40,29,34,15,22,42,50,47,13,41,15,39,19,18,16,11,31,13,41,23,11,16,29,31,46,24,15,39,39,38,27,15,46,27,12,32,16,21,49,20,12,39,32,26,25,17,30,31,20,50,45,12,41,49,13,42,16,17,32,34,31,39,29,46,12,38,37,44,46,41,17,18,16,21,28,23,35,14,18,26,38,12,24,41,38,11,18,12,11,26,18,41,28,33,41,28,40,34,39,42,37,20,35,44,20,35,38,46,50,40,21,45,15,42,28,33,15,40,32,29,48,45,21,43,50,47,45,49,23,40,34,20,41,13,36,47,11,29,14,18,23,22,43,42,20,47,41,17,45,40,38,25,32,19,28,35,45,47,32,46,17,16,13,14,46,30,45,45,25,14,16,46,46,27,18,14,18,31,33,45,24,11,49,19,31,20,47,23,37,33,39,28,15,14,18,49,22,38,26,13,34,28,40,32,37,11,40,17,13,25,41,36,17,34,37,15,34,18,11,31,35,22,22,23,46,50,46,46,47,24,45,49,33,41,19,43,10,33,27,17,32,40,12,22,22,31,41,47,16,25,16,40,46,48,26,38,26,28,21,35,18,36,19,39,12,18,11,29,27,43,24,20,25,20,19,15,20,29,35,13,24,42,36,16,26,50,34,13,37,41,25,27,18,37,17,23,40,28,22,43,37,39,38,22,27,31,44,18,37,17,33,29,14,40,19,14,40,35,49,44,33,40,29,14,43,46,25,16,20,44,25,47,26,19,28,22,35,27,30,22,41,48,26,43,45,48,24,18,37,24,39,28,10,40,28,33,28,22,42,29,28,41,34,26,25,17,33,14,25,15,34,21,22,41,33,46,10,22,37,36,26,38,41,23,48,46,17,36,23,37,29,24,20,49,49,16,45,38,49,29,12,26,36,47,24,39,42,36,16,47,21,16,21,42,36,41,37,18,14,27,12,34,10,18,17,27,47,44,42,14,12,38,10,38,16,29,41,28,38,27,34,42,32,14,21,42,15,38,18,49,46,39,32,25,38,12,12,25,10,41,19,12,13,41,12,13,21,48,27,37,47,23,40,50,49,21,19,22,33,19,33,41,38,25,49,15,27,47,39,21,32,34,48,26,42,43,30,47,39,12,37,37,13,35,19,18,11,15,10,40,36,47,42,47,18,41,29,12,13,45,39,45,20,42,12,46,17,30,30,47,22,10,44,33,47,48,23,34,39,28,44,40,20,47,41,21,25,10,24,44,44,14,42,36,42,17,47,46,47,35
39,30,25,26,18,20,21,21,46,23,23,41,24,14,27,18,47,45,38,28,41,33,36,40,17,31,39,14,10,29,42,32,28,48,29,23,10,30,49,44,14,15,21,14,37,25,50,23,22,20,44,17,40,23,49,37,29,34,41,35,20,13,25,19,49,14,15,36,50,33,38,29,16,13,30,45,39,32,17,44,24,14,22,32,47,35,24,36,34,46,35,29,23,48,38,34,39,23,24,13,14,34,20,13,39,19,10,25,16,46,35,18,27,19,18,14,13,20,17,46,27,34,35,16,38,28,16,38,11,30,30,28,30,16,35,19,45,44,20,32,30,17,38,41,45,15,29,34,27,48,12,30,12,48,31,35,43,38,31,11,44,44,16,27,25,10,45,12,26,41,27,30,42,47,42,50,43,49,50,37,46,12,32,28,22,24,14,45,38,32,41,11,42,38,36,49,50,24,43,32,39,11,36,37,45,27,41,48,31,30,32,39,48,20,35,44,22,34,50,36,13,33,11,26,31,13,19,42,35,47,18,24,27,34,42,46,41,30,27,37,46,33,17,18,46,10,38,45,12,38,20,50,11,18,47,35,45,48,47,41,30,36,22,20,47,40,25,37,12,22,50,17,27,24,22,23,33,11,19,48,48,37,50,29,36,13,45,43,48,32,13,50,21,31,28,29,43,23,42,27,16,28,42,31,27,39,37,11,15,36,13,47,36,42,27,35,34,49,49,33,42,23,31,37,23,42,36,17,26,10,11,40,22,14,33,36,25,37,27,37,20,28,27,23,42,35,29,15,27,44,32,28,41,34,33,13,47,31,26,44,17,16,27,44,12,20,43,37,27,11,21,36,33,25,30,23,16,25,37,46,38,47,35,23,48,36,25,23,42,25,36,23,39,39,11,33,22,23,36,16,27,49,35,42,23,31,40,27,31,41,39,46,42,43,28,26,48,35,19,17,46,44,14,13,18,32,40,12,14,38,39,43,20,17,16,18,15,26,36,11,47,46,32,38,31,36,13,39,29,14,31,14,13,40,17,28,26,43,19,44,18,12,40,33,42,37,26,25,28,44,30,11,43,50,50,35,27,37,38,42,22,27,48,50,39,49,11,29,21,43,13,37,42,23,13,34,41,39,19,19,31,16,20,47,23,32,12,38,14,20,19,31,20,34,32,43,19,41,37,38,23,17,13,20,37,44,12,45,46,25,31,35,36,20,24,47,28,35,18,40,13,15,16,20,17,46,12,40,35,13,16,24,38,26,34,34,24,49,25,23,30,41,46,16,26,26,43,43,40,16,46,14,34,29,41,19,13,20,41,10,11,23,26,21,11,21,30,18,34,36,46,26,47,20,43,27,45,28,19,34
38,42,11,24,18,24,27,20,41,29,30,32,15,23,32,43,34,34,43,40,45,20,22,41,31,49,46,26,28,17,22,47,36,18,45,15,26,17,41,33,28,13,29,11,21,46,27,49,33,38,24,43,37,27,32,39,40,45,34,36,31,49,40,11,46,42,26,32,13,41,19,17,31,37,29,10,35,11,27,18,25,17,47,27,28,15,32,10,48,45,29,29,15,43,10,43,25,16,32,16,36,43,49,11,49,18,21,29,48,42,11,26,18,32,41,14,11,26,47,47,33,28,42,17,27,20,35,18,38,30,16,47,26,20,39,24,29,32,50,42,48,44,21,31,30,17,15,14,49,10,17,26,23,33,19,15,16,33,38,41,29,47,27,41,43,49,23,34,20,33,39,41,24,28,31,17,47,12,24,13,17,32,31,44,48,42,35,29,43,41,43,14,44,49,29,29,22,27,43,35,21,18,40,26,18,46,24,33,44,18,18,50,35,20,32,25,16,37,15,42,37,12,48,11,48,22,14,40,45,48,21,16,47,18,34,22,20,19,17,46,43,30,19,12,32,17,39,17,24,22,35,39,27,49,39,27,18,36,42,39,17,18,34,18,14,26,11,20,38,22,27,18,40,16,37,16,17,32,41,14,33,17,29,27,46,26,41,48,30,31,32,37,28,27,11,13,15,41,40,19,12,41,15,23,34,36,25,36,20,42,21,18,16,21,38,27,39,49,28,31,45,13,20,29,39,34,42,47,42,11,41,50,22,37,24,44,39,30,32,11,16,46,32,49,50,36,49,33,31,38,49,42,39,21,26,32,11,37,40,20,27,31,35,14,31,30,16,41,12,29,49,21,48,43,13,11,36,46,48,38,25,34,47,25,17,24,48,25,45,28,34,49,34,36,33,36,17,42,12,21,47,48,21,28,13,49,13,27,47,24,20,15,29,20,15,14,32,47,29,49,16,38,31,48,31,11,21,14,40,31,13,10,26,27,15,38,25,20,32,16,28,49,41,41,31,23,46,14,23,29,23,35,24,12,38,20,41,24,30,19,12,17,35,16,45,30,49,17,47,46,39,37,14,32,29,36,31,47,36,21,36,49,15,17,35,50,24,45,27,29,44,34,41,39,34,10,38,21,35,12,40,39,49,10,12,17,24,46,24,34,27,32,50,24,31,41,50,49,10,24,10,11,45,41,29,32,18,21,10,45,29,17,12,15,29,19,10,41,29,28,33,33,15,24,30,33,47,13,47,23,30,24,14,20,38,42,36,37,50,39,10,42,11,32,45,31,18,22,18,23,36,11,30,38,40,10,15,34,13,49,23,17,25,36,30,31,38,18,47,42,17,13,45,41,35,35,24,45,34,34
