The number of jobs:
300

The number of machines:
10

The power of each machine at differnt speed levers:(where rows denote machines: 1 to 10 and columns denote speed levels: v1 to v4)


7,27,35,44
7,17,38,45
17,25,31,38
6,14,21,38
15,29,36,43
6,19,37,45
14,27,34,42
5,19,32,45
5,23,31,38
6,16,31,39

The basic processing time of jobs processed on different machines:
(where rows denote machines: 1 to 10 and columns denote jobs: 1 to 300)
46,34,46,40,11,16,34,15,32,28,21,43,49,43,38,44,32,20,19,37,29,48,44,38,18,40,35,34,49,41,39,30,39,19,41,22,17,17,24,38,22,17,36,34,18,18,45,39,18,47,41,26,43,24,50,24,29,25,36,50,28,27,42,42,34,21,12,24,49,40,13,49,36,26,38,41,30,35,14,39,13,14,41,16,26,22,37,43,42,12,15,16,46,21,32,20,43,36,24,26,26,18,26,11,13,43,18,34,16,43,35,28,36,15,48,13,22,38,45,38,39,27,35,18,44,38,17,40,38,17,32,17,28,35,35,14,11,10,45,35,22,21,16,16,36,47,39,48,43,44,13,39,31,48,31,31,43,16,14,13,33,11,19,22,30,19,26,19,39,47,16,18,50,23,31,49,49,28,11,21,49,30,15,22,27,16,33,17,32,28,34,13,28,25,23,37,30,33,50,31,11,22,45,46,42,30,18,11,38,44,18,42,20,18,34,31,18,49,49,37,43,39,47,38,35,11,37,14,26,28,47,31,34,30,36,40,40,37,11,31,19,19,16,32,22,20,31,38,24,44,38,30,46,12,29,21,17,24,25,39,27,45,15,16,22,46,41,23,26,44,20,47,26,36,42,43,37,14,23,21,28,41,13,46,44,18,24,21,22,20,26,27,15,35,43,47,46,44,22,13
24,17,34,26,17,34,34,35,30,29,42,34,45,44,21,15,12,27,31,37,39,48,42,29,22,10,11,16,32,22,44,20,12,32,48,33,33,30,21,32,47,31,45,49,33,26,26,11,20,23,37,21,41,37,45,34,17,24,28,36,40,29,29,30,41,13,12,34,22,34,43,13,36,16,19,21,44,39,36,30,17,32,15,39,22,34,13,35,35,22,40,11,37,37,48,16,11,41,23,45,23,46,44,16,10,30,13,30,42,29,40,25,46,11,19,38,33,28,29,36,23,15,44,30,48,44,29,31,33,27,30,21,40,43,12,22,44,14,23,12,27,40,27,30,11,34,14,48,13,29,22,18,13,49,46,35,32,50,31,40,41,37,42,20,22,38,27,13,41,33,45,13,33,19,26,23,20,45,12,16,49,43,43,25,36,33,46,41,12,48,30,27,32,21,40,29,15,27,13,44,33,42,28,34,18,43,25,13,26,19,26,18,29,38,14,24,40,14,24,25,32,31,36,28,20,15,47,42,16,31,49,20,26,32,33,38,35,36,34,17,27,41,16,37,21,34,36,19,49,20,18,21,50,47,48,12,15,36,22,10,29,12,47,21,21,41,27,37,25,34,34,17,47,35,13,34,37,25,42,19,48,37,29,41,22,47,18,30,34,29,21,41,29,46,45,24,29,44,21,26
40,48,33,42,44,47,39,27,20,25,43,40,45,43,35,29,27,31,42,31,47,49,44,39,48,26,29,29,22,25,37,40,34,25,22,36,40,13,13,20,40,32,16,39,17,45,35,26,14,48,21,29,38,48,48,35,17,17,36,48,15,23,18,24,28,21,27,11,27,46,40,17,19,22,38,13,20,28,23,21,21,31,24,11,19,48,17,27,27,39,26,45,50,20,44,47,28,30,40,50,30,17,32,27,17,11,24,47,20,20,16,47,20,17,19,48,45,49,37,16,46,30,26,28,17,31,29,47,35,41,28,24,36,20,15,34,18,22,39,42,25,47,27,35,48,27,16,24,19,41,25,21,38,47,14,30,16,14,30,46,24,20,10,24,43,26,37,16,31,32,43,37,44,34,15,20,46,25,15,39,33,38,45,44,30,44,18,31,18,18,19,12,21,44,27,20,14,49,39,15,28,19,45,28,27,48,46,32,32,18,11,32,48,20,31,38,43,27,30,37,29,32,12,48,28,49,10,28,24,26,48,49,27,44,36,43,41,19,49,23,24,16,17,11,29,44,20,42,39,28,30,17,13,48,34,13,14,11,41,41,38,49,15,17,35,12,36,17,45,23,11,23,17,31,49,19,19,39,35,44,38,40,13,24,20,47,31,20,18,49,41,46,43,38,38,22,31,39,24,23
45,27,49,15,21,24,37,21,23,21,32,17,46,23,49,37,21,33,46,22,16,42,21,24,36,28,37,38,27,23,28,27,29,28,42,19,42,38,37,30,31,12,48,32,35,24,49,37,10,37,14,27,19,16,16,38,35,24,38,35,38,41,12,17,36,24,34,22,15,14,19,39,25,44,32,24,20,33,21,23,45,27,32,15,20,39,25,29,22,48,25,39,43,36,26,35,20,20,40,32,21,45,11,27,25,27,20,23,28,34,34,23,42,34,49,16,15,14,49,18,25,20,44,15,28,50,44,22,33,40,19,40,14,21,45,40,15,38,33,26,29,16,46,37,13,27,19,33,50,27,10,47,30,20,31,33,26,18,14,18,41,40,19,24,28,24,27,31,48,15,47,45,19,34,35,36,27,38,41,12,34,30,41,39,23,25,21,44,14,39,11,49,18,49,46,11,24,16,40,48,14,38,45,46,30,42,43,27,37,31,33,44,46,39,18,26,24,39,46,40,41,26,37,29,13,48,42,30,24,46,36,11,50,41,45,26,47,15,28,46,19,14,15,32,38,16,32,12,24,48,31,29,23,42,26,34,26,22,46,27,15,24,24,12,38,22,12,45,12,22,17,40,12,23,38,14,16,35,17,42,11,21,45,19,14,13,16,41,43,34,36,36,27,28,13,26,17,43,38,18
37,23,16,19,41,19,38,29,31,37,19,42,25,35,40,26,19,16,46,28,31,34,19,16,31,42,49,28,23,19,30,19,49,47,49,48,40,18,22,22,36,22,48,35,17,50,47,33,32,40,42,43,40,15,41,23,28,41,12,49,39,28,39,49,32,17,28,12,39,13,33,15,17,34,44,28,35,18,33,32,45,21,40,42,17,35,22,17,35,47,26,10,49,28,29,38,25,25,17,22,26,48,17,16,10,14,39,37,34,28,24,36,38,35,20,42,27,37,39,25,32,28,24,35,43,31,36,23,42,15,42,20,37,35,42,29,40,11,30,48,41,28,31,37,21,31,22,44,11,13,13,41,16,25,13,20,30,49,33,37,37,45,33,28,23,28,24,44,11,32,12,30,43,38,44,35,34,42,12,32,20,27,19,43,36,32,21,38,48,23,48,12,41,21,36,39,36,27,27,33,45,47,44,35,23,25,14,18,37,15,30,35,14,40,35,37,16,31,39,31,27,12,30,16,30,49,27,14,39,38,46,28,44,27,11,17,14,33,40,43,37,12,30,22,38,40,18,50,23,38,39,23,41,46,12,28,47,28,28,45,24,49,22,22,13,21,47,27,15,16,47,17,22,44,12,17,30,14,45,39,22,18,49,24,43,41,27,14,26,15,38,46,16,10,47,28,34,29,14,41
29,33,43,49,50,32,50,16,47,21,32,38,13,44,39,27,17,42,25,18,30,12,43,48,15,26,39,50,30,48,14,28,27,48,44,42,13,18,11,20,22,42,37,21,36,27,26,32,34,48,25,20,19,40,23,17,32,48,36,27,18,45,44,11,27,50,19,16,18,13,38,15,40,23,39,12,22,29,30,43,29,19,31,34,44,10,26,21,43,16,18,24,29,40,33,26,47,32,20,18,14,25,26,37,49,38,43,45,18,40,44,32,40,37,44,16,49,43,26,17,28,25,17,31,22,46,12,28,16,36,27,26,14,30,21,50,42,23,11,39,14,28,17,11,13,11,24,47,49,38,15,21,28,40,22,47,49,15,26,12,31,28,36,43,28,25,22,23,29,43,26,48,22,15,30,15,13,28,26,27,48,22,10,17,38,21,46,38,49,18,23,43,42,39,16,38,22,48,34,50,17,34,30,31,32,20,21,26,33,36,36,46,31,28,42,12,48,10,41,15,48,16,28,44,36,49,31,24,26,39,43,26,49,34,25,22,23,21,34,29,28,44,36,46,12,15,18,46,32,27,34,24,22,49,12,47,15,44,38,46,13,46,38,45,47,38,16,37,44,27,50,37,36,32,26,50,24,37,20,37,14,44,42,11,48,47,28,42,19,31,46,27,37,45,14,16,22,33,34,28
48,37,28,26,44,19,12,23,44,36,16,40,25,37,25,37,46,48,27,37,18,18,48,22,21,20,24,13,23,32,33,32,42,17,13,40,23,13,45,32,28,39,17,16,27,47,38,36,26,18,37,46,37,33,27,47,27,37,14,21,42,16,17,44,17,14,27,25,24,14,44,15,40,23,43,27,32,32,24,22,25,47,40,13,15,15,21,39,19,12,39,17,35,21,31,28,30,24,25,13,17,20,11,46,28,33,12,14,29,36,17,31,26,22,19,30,25,20,23,10,20,18,14,43,15,43,21,50,14,39,21,25,25,32,25,13,17,38,32,36,42,44,34,47,26,22,34,12,23,19,40,49,23,47,41,20,41,33,20,31,18,21,19,16,33,41,45,12,36,33,41,18,12,32,28,15,34,26,16,10,13,24,34,19,47,29,45,14,20,35,35,32,20,47,11,10,17,48,31,24,42,46,17,39,13,35,49,30,12,37,33,15,27,28,32,33,15,27,45,42,15,48,43,24,42,22,32,26,16,21,21,22,33,38,48,49,21,24,12,30,44,39,31,39,42,15,36,28,39,26,39,22,39,34,10,18,46,25,18,16,44,26,33,18,17,14,27,36,26,37,48,28,35,17,34,34,19,41,17,27,33,38,25,21,22,33,24,19,30,24,18,17,20,10,41,30,35,21,25,29
32,29,30,19,14,16,33,26,27,19,11,19,35,13,22,27,48,44,39,36,29,23,19,32,36,47,19,15,25,38,12,19,19,19,16,14,46,43,36,20,48,21,32,48,44,28,19,34,45,46,33,40,33,48,12,26,48,10,22,44,43,12,50,27,31,49,29,30,43,26,23,50,35,42,45,24,40,23,18,42,32,27,32,24,33,20,20,35,32,11,12,28,35,47,42,11,50,49,35,46,30,14,29,11,36,22,27,22,45,30,14,14,19,29,18,18,28,40,34,43,44,15,12,48,17,21,46,38,33,12,38,29,25,29,29,26,13,33,23,32,27,13,39,31,46,43,44,15,20,47,28,27,38,47,27,21,30,48,20,18,29,43,31,47,13,39,13,33,47,47,26,15,41,42,42,33,21,28,27,11,41,37,35,20,34,26,40,13,26,31,14,13,38,11,32,21,30,21,24,12,34,47,37,48,36,40,42,28,21,21,12,42,14,39,34,11,35,23,36,33,44,46,37,17,20,23,38,33,13,50,26,39,27,41,26,16,31,46,23,40,47,36,18,16,30,32,12,15,19,45,34,23,22,25,33,23,15,49,15,45,11,20,46,22,30,20,41,27,38,46,23,32,34,39,45,40,47,17,16,46,25,40,42,44,10,15,32,18,35,30,29,16,48,32,36,37,48,40,41,10
49,30,37,35,31,20,38,29,13,46,40,30,29,42,47,34,33,36,15,39,31,43,38,19,35,21,29,32,34,20,10,26,22,16,23,36,36,15,47,46,23,32,36,31,25,18,47,17,42,45,12,40,40,28,43,35,36,38,45,16,32,28,24,10,13,43,35,11,28,18,15,20,23,20,31,39,19,30,16,12,19,24,28,39,13,35,20,48,35,18,24,16,40,19,29,48,35,40,33,21,26,30,32,24,28,20,26,31,14,33,48,46,38,28,46,13,34,41,43,13,23,20,33,20,47,14,28,31,50,42,10,44,49,30,30,31,15,30,45,23,43,35,27,34,44,34,49,13,15,25,39,43,19,41,33,41,27,25,23,41,10,31,22,26,42,32,13,39,25,28,45,42,37,45,13,25,32,12,22,13,21,42,19,16,15,15,24,35,22,45,26,36,48,45,47,23,45,29,28,48,39,21,24,19,29,26,13,41,42,46,12,35,12,29,34,27,19,45,39,38,20,18,46,43,42,21,18,25,47,40,14,16,28,25,46,23,46,37,46,34,42,14,33,25,13,19,31,18,41,33,32,22,44,13,35,38,41,16,15,31,25,17,28,43,34,46,32,12,26,28,21,25,38,47,37,15,28,49,14,14,47,50,38,32,25,31,49,27,23,20,26,38,47,16,37,10,40,18,26,18
39,15,34,49,36,41,11,37,30,29,44,39,17,28,45,24,28,18,45,29,42,24,42,22,19,37,23,45,14,46,14,17,32,40,40,20,32,12,20,12,35,27,23,46,27,11,40,47,28,26,20,35,37,38,32,45,17,29,46,19,11,28,25,43,19,15,18,20,43,35,38,12,13,43,27,32,43,27,49,21,27,18,14,21,27,34,16,49,50,17,49,18,24,45,12,17,11,31,41,30,40,39,12,18,43,15,33,31,46,40,39,41,15,40,21,15,28,36,44,48,33,23,11,28,31,31,28,30,11,39,24,38,23,34,32,24,13,36,11,19,26,21,47,32,13,47,40,26,33,36,19,20,48,22,10,34,21,16,45,19,25,15,43,30,31,17,30,49,12,32,47,34,35,39,25,27,48,24,42,22,20,26,47,26,10,25,12,39,18,35,11,36,41,47,13,48,34,18,38,48,32,18,47,27,19,36,50,36,48,33,45,43,13,25,42,34,34,31,26,36,38,19,36,20,47,32,41,42,31,41,13,28,44,33,29,22,30,46,26,19,37,26,18,41,31,15,48,13,18,23,48,20,40,49,17,40,20,33,43,32,49,46,15,42,12,37,43,16,12,18,33,26,45,19,30,18,15,13,33,11,38,39,13,32,47,25,11,18,24,14,27,47,41,18,29,43,14,48,15,41
