The number of jobs:
800

The number of machines:
20

The power of each machine at differnt speed levers:(where rows denote machines: 1 to 20 and columns denote speed levels: v1 to v4)


17,24,31,40
18,28,36,43
18,29,37,45
14,23,33,40
11,22,33,42
16,25,38,45
7,30,37,45
10,22,36,43
14,23,32,44
9,20,27,35
15,24,30,44
17,25,32,40
10,27,35,44
18,25,36,44
6,20,30,44
9,16,31,43
20,29,36,43
19,29,38,45
15,20,30,45
11,22,36,44

The basic processing time of jobs processed on different machines:
(where rows denote machines: 1 to 20 and columns denote jobs: 1 to 800)
11,47,23,29,33,36,29,49,29,18,27,23,22,44,20,35,14,26,49,34,39,22,37,44,42,16,46,35,22,18,28,14,26,46,15,38,42,22,49,47,15,40,29,48,18,13,31,43,28,28,25,39,29,46,48,18,24,23,20,26,28,29,36,29,34,24,17,35,41,11,42,44,18,44,34,22,12,25,34,19,35,25,23,34,13,24,31,39,39,28,12,14,16,10,25,28,37,39,27,22,39,20,15,45,37,28,35,28,40,29,19,21,26,38,37,24,42,34,40,34,46,36,37,49,42,31,49,10,24,22,19,33,16,17,19,12,40,24,20,16,33,14,15,26,34,23,49,17,16,11,30,44,45,43,26,48,11,45,30,23,35,32,31,46,50,35,50,29,23,40,11,29,33,35,27,28,10,15,36,31,50,50,27,33,20,35,27,27,19,13,15,40,10,26,40,28,25,40,21,28,37,30,21,17,35,16,43,32,26,19,35,26,17,19,46,21,35,25,50,23,40,14,20,36,50,27,38,44,36,14,43,27,48,37,28,14,32,12,38,48,16,45,29,14,17,38,44,39,50,46,26,41,22,27,12,36,42,33,30,42,34,15,13,29,50,22,25,24,26,12,11,32,34,43,38,12,44,21,21,26,50,16,23,47,24,47,48,20,11,44,22,12,20,15,13,20,33,24,29,19,24,36,48,36,14,40,15,17,36,21,38,11,49,17,30,36,37,43,10,37,38,39,17,15,16,45,23,23,42,34,32,33,41,15,15,38,11,29,25,38,32,46,50,11,27,12,14,20,35,19,27,22,24,16,32,16,33,36,20,12,43,24,30,14,48,30,41,27,31,26,16,40,37,16,45,14,35,42,32,15,45,11,36,23,35,20,10,39,10,46,22,45,18,36,37,13,34,45,20,31,21,42,23,30,38,28,13,26,33,18,26,29,46,42,40,12,17,32,10,35,24,23,11,21,22,19,40,35,41,46,43,46,21,46,41,27,33,22,11,34,19,16,42,33,12,46,17,35,15,23,33,49,22,26,22,20,34,25,43,17,35,39,37,23,18,40,30,19,40,20,40,33,12,15,29,44,27,46,29,19,41,49,11,29,11,36,29,13,13,33,24,11,34,45,19,44,18,41,38,36,12,11,38,29,20,50,42,12,27,15,41,42,32,32,49,34,34,18,15,38,18,12,47,17,13,39,34,48,43,33,18,16,50,36,35,27,31,46,13,34,45,40,21,39,47,21,40,25,42,27,37,31,15,40,44,17,28,20,18,41,38,37,49,29,20,37,37,46,43,24,35,25,11,49,19,37,24,19,21,36,33,42,23,43,38,33,16,33,38,46,32,16,20,31,13,24,41,19,26,18,20,22,31,17,46,17,35,39,27,45,20,14,34,47,18,37,13,44,42,19,33,42,38,27,10,35,41,42,36,35,49,26,28,42,19,44,45,39,42,47,50,36,46,29,24,10,26,20,33,37,24,45,35,23,14,33,43,16,17,33,21,24,29,14,33,33,18,44,15,33,40,40,24,14,28,35,28,36,21,40,24,13,19,34,19,40,48,46,41,42,43,30,40,27,15,37,13,26,45,18,13,46,36,15,49,30,11,49,23,38,24,41,40,12,27,38,38,16,13,11,31,43,17,25,16,42,19,46,47,45,46,35,16,44,50,44,22,10,35,50,43,20,32,41,31,34,49,22,19,44,44,41,50,14,41,41,35,21,35,34,35,25,38,42,29,16,44,29,25,44,24,14,28,37,11,28,14,41,45,21,21,22,46,42,21,23,19,28,15,17,42,38,33,21,20,45,27,22,34,13
13,29,49,13,42,14,47,26,26,22,28,22,37,24,40,47,21,48,45,14,30,43,39,26,16,10,23,22,17,42,36,18,20,14,12,29,43,36,24,39,45,12,37,38,16,31,36,12,31,16,26,29,29,36,25,14,41,17,25,22,50,47,22,40,41,47,49,47,23,27,11,31,11,11,18,17,25,25,45,37,13,23,35,26,11,29,35,34,35,30,43,30,11,38,34,12,25,44,48,22,36,27,15,45,36,28,39,19,49,15,43,34,21,19,26,22,48,23,46,38,18,46,45,41,12,43,20,12,36,50,30,48,11,11,47,47,16,34,44,27,45,46,48,47,24,45,16,14,38,33,42,16,24,12,42,32,29,45,16,18,27,32,34,24,16,31,32,24,11,17,19,19,15,20,39,16,45,13,13,25,30,16,45,31,41,19,49,14,17,44,19,17,41,14,31,42,18,39,12,41,46,21,28,26,46,17,20,39,39,16,10,13,29,29,16,19,23,21,22,38,23,16,26,31,32,40,49,16,44,35,24,36,42,20,45,46,34,39,34,16,46,37,33,32,41,19,48,29,16,37,42,19,22,25,18,24,34,20,16,46,42,15,28,11,19,40,35,38,32,27,29,34,42,11,37,38,39,26,28,30,49,39,16,20,15,24,15,19,38,14,38,50,46,11,19,42,26,45,35,25,50,12,44,46,47,20,12,18,37,18,16,10,48,37,41,38,30,11,20,29,20,34,44,28,15,25,37,44,49,50,17,34,34,16,26,32,31,25,29,17,13,30,12,45,42,30,12,23,43,23,33,47,18,43,40,19,14,40,30,46,25,44,28,43,29,23,15,24,19,27,24,22,38,18,32,12,43,49,27,48,33,47,44,24,14,50,23,14,31,47,38,31,12,27,44,15,44,28,32,44,22,17,40,10,18,36,34,18,45,14,15,11,20,40,44,27,28,41,34,23,30,13,43,46,45,45,45,38,41,40,28,22,20,33,33,37,38,26,40,23,28,19,16,35,26,26,41,16,32,47,23,18,43,24,21,41,17,23,29,50,27,32,43,15,19,19,33,28,35,36,47,28,28,35,29,11,10,25,37,43,11,35,17,13,42,21,42,47,19,21,15,34,31,31,34,35,19,47,47,44,23,17,45,27,23,13,36,17,21,35,41,45,24,50,49,22,35,36,47,50,27,10,22,14,19,36,37,17,11,15,42,12,14,23,40,33,26,31,29,18,14,25,20,40,22,45,41,42,48,46,16,38,28,42,41,24,20,28,26,24,38,39,28,45,10,26,12,28,15,29,21,33,22,29,29,49,38,12,38,21,11,39,38,32,33,43,48,21,34,13,36,29,39,48,31,26,32,48,24,25,21,27,24,24,18,14,27,41,33,17,29,33,41,14,38,11,25,20,48,45,21,26,40,32,15,42,19,39,23,47,45,20,38,35,32,13,42,28,43,41,41,39,43,19,23,28,14,42,14,37,36,35,26,38,27,42,25,21,36,47,20,50,42,18,34,18,11,46,37,25,15,24,42,35,37,32,46,47,25,49,28,25,44,36,45,12,35,29,14,23,47,17,21,23,42,41,42,30,19,39,36,12,23,22,29,24,40,49,18,14,30,42,26,21,38,45,25,36,47,14,41,24,47,43,38,39,31,30,29,23,39,26,49,36,23,37,28,41,48,19,28,32,32,18,17,38,36,49,43,35,42,12,24,13,40,48,22,29,41,45,47,32,23,20,39,34,20,45,26,36,50,11,39,25,37,39,30,39,49,29,46,35,17,44,37,24,21,24,27,40,44,47,43,23,49,44,33,12,44,11
16,27,30,33,36,17,30,10,25,49,43,10,29,26,49,29,22,14,12,31,42,35,48,20,42,48,36,28,25,29,14,33,21,39,17,38,46,38,20,32,20,34,50,20,21,28,37,40,48,46,35,12,37,36,22,19,14,43,38,43,44,23,46,31,17,49,29,44,45,18,44,14,31,33,27,40,45,33,37,44,44,16,26,45,17,48,20,44,13,18,43,44,24,36,46,15,29,41,34,32,20,12,23,23,21,40,31,34,28,11,33,50,11,37,21,39,31,32,14,37,50,46,31,26,19,28,30,41,32,39,48,25,18,19,21,16,49,14,37,47,47,35,37,42,44,14,30,31,29,29,38,24,25,24,19,44,42,22,41,44,25,25,17,28,33,15,47,35,36,12,35,35,22,32,36,33,29,42,28,19,35,49,30,42,16,40,12,48,34,18,26,13,46,16,37,25,48,50,27,36,39,25,22,19,43,30,47,27,43,37,26,42,46,43,24,25,47,23,34,35,48,40,16,31,30,42,41,21,25,12,48,34,16,21,41,23,46,48,47,11,38,15,19,29,36,38,22,46,44,12,48,29,42,19,41,47,38,20,42,49,15,19,18,12,40,43,16,12,44,42,32,47,26,28,39,38,46,31,15,39,44,25,18,37,23,22,49,21,19,30,48,13,13,10,39,50,36,30,28,44,34,19,33,21,13,42,20,23,33,39,46,14,44,47,34,37,30,31,15,35,11,45,35,27,16,28,22,12,47,41,32,35,31,21,31,36,35,17,20,20,44,32,29,18,19,12,30,22,28,22,35,11,22,47,36,25,39,21,35,42,33,21,16,25,13,11,41,32,11,21,38,27,25,48,17,22,42,13,49,10,18,14,23,28,12,17,42,29,44,46,37,43,28,11,25,17,37,10,13,25,42,25,14,43,34,48,17,42,34,40,34,36,24,50,19,11,26,21,33,40,12,47,13,35,36,19,22,41,23,11,32,16,41,32,48,12,28,18,50,41,44,46,20,17,27,26,29,17,34,12,16,34,19,20,35,35,12,16,45,11,49,37,31,15,45,22,38,17,34,13,28,46,29,32,46,35,28,44,35,27,19,12,34,44,40,11,41,23,43,38,11,45,36,25,12,27,50,19,14,47,28,21,41,13,19,45,15,16,15,24,13,19,16,33,11,23,31,49,35,30,31,11,17,31,31,19,36,22,40,26,36,26,34,34,17,40,17,18,23,25,47,28,11,41,45,20,36,19,25,18,47,20,31,31,49,20,20,16,33,11,26,36,40,44,39,32,36,42,28,28,14,18,31,18,18,16,32,32,35,18,45,49,16,48,38,35,41,49,41,35,44,35,21,42,38,14,35,29,28,24,12,31,23,30,49,27,17,27,41,13,33,41,13,26,26,31,39,17,47,37,27,12,12,46,18,38,33,33,30,16,36,17,26,28,31,48,21,49,47,15,13,33,21,15,11,15,27,24,15,48,47,16,42,15,32,47,14,31,40,19,44,19,17,27,23,34,10,24,17,33,14,34,21,13,39,22,23,33,37,36,20,27,26,23,26,25,31,22,22,42,25,21,26,13,10,27,32,27,40,23,30,36,46,24,39,46,29,39,19,30,20,46,25,42,23,32,12,25,36,49,39,13,35,17,44,15,43,36,13,18,17,46,47,14,22,16,20,15,28,25,25,18,43,26,45,27,46,22,11,22,45,32,28,47,46,37,49,39,48,46,40,45,18,22,23,13,49,15,28,14,20,13,45,27,49,44,49,41,40,36,37,45,44,39,48,25,34,21,25,18,34,23,37,23,13,36,25,13,44,19
46,46,11,28,19,17,35,14,21,11,18,22,42,42,32,29,19,49,35,25,20,28,33,38,46,24,41,50,36,20,49,15,38,45,13,40,40,23,33,26,12,20,30,31,25,27,30,48,40,18,39,31,30,33,16,45,44,27,12,21,50,46,10,49,29,31,27,25,27,36,13,42,39,28,20,14,23,23,43,46,13,46,17,12,13,25,43,20,42,42,35,16,45,44,26,38,30,47,26,31,41,20,37,26,37,47,23,48,16,44,43,21,10,38,38,48,39,45,16,48,30,45,24,32,37,30,23,34,45,31,17,44,36,13,25,38,12,20,10,28,36,20,12,21,29,11,37,45,26,49,48,34,19,22,40,36,31,11,22,43,47,25,43,18,26,11,15,40,26,43,32,34,11,32,22,39,48,42,25,31,21,38,43,35,49,12,24,41,23,37,29,26,45,23,31,23,13,29,34,28,35,38,26,17,27,24,44,38,13,37,39,42,23,32,28,26,20,14,35,38,21,26,39,22,19,17,30,20,10,23,16,46,19,28,13,10,19,44,25,37,27,11,24,42,12,44,38,28,10,16,21,15,13,49,21,30,26,30,32,42,35,35,41,36,45,47,49,36,24,32,44,12,24,39,48,12,13,40,16,44,28,19,48,48,18,23,14,21,35,50,41,49,18,10,35,13,39,33,26,41,38,48,36,30,28,47,49,48,39,11,21,45,21,41,13,21,46,32,25,21,40,16,31,24,29,30,36,23,24,16,23,21,44,17,11,25,33,22,49,30,38,13,35,12,21,31,29,46,17,23,42,10,34,15,47,19,16,15,45,35,40,29,34,29,31,34,24,28,49,13,28,22,15,31,37,18,47,12,11,17,35,13,40,28,22,18,20,22,46,47,28,18,16,43,45,20,48,23,43,21,35,33,32,34,32,22,28,23,32,43,11,23,29,14,33,12,32,21,37,38,44,20,31,42,47,12,14,35,39,47,16,23,33,21,42,27,36,11,45,44,11,42,30,11,30,20,35,44,15,27,47,16,41,38,11,39,42,27,15,10,14,45,28,50,10,44,20,13,48,23,45,15,26,45,35,26,33,35,50,42,24,14,38,20,22,11,17,21,47,25,27,18,46,40,46,45,21,38,21,23,19,34,38,48,26,40,15,21,26,37,19,19,41,17,27,26,29,47,24,40,36,42,18,18,32,19,29,27,40,44,31,24,11,45,14,36,33,17,47,46,26,43,49,27,20,15,41,18,42,34,29,38,49,43,33,32,39,47,13,41,20,26,32,20,14,34,23,48,45,17,23,12,14,13,16,43,11,39,18,44,45,26,22,44,40,20,11,16,28,27,42,42,16,24,20,34,11,19,22,27,41,48,37,41,15,31,30,17,29,32,45,47,30,33,39,21,25,31,50,41,48,11,46,44,16,22,24,43,40,25,19,45,50,22,38,46,22,40,14,44,36,38,30,37,45,42,23,17,37,10,37,43,38,29,17,21,49,21,48,47,43,37,40,26,34,12,36,13,44,15,24,37,20,41,27,43,22,45,44,34,34,24,18,48,25,40,16,13,15,29,33,46,22,29,14,11,46,37,33,42,39,24,38,24,30,19,13,28,11,17,36,39,36,30,44,40,38,13,47,46,23,32,27,43,37,19,50,26,40,20,35,45,39,12,42,38,34,37,15,41,15,28,33,27,12,25,18,16,42,22,35,10,42,28,45,42,25,37,19,28,14,23,21,13,17,26,37,24,22,42,42,44,19,43,18,27,11,24,27,11,45,28,15,31,27,39,23,44,45,39,42,23,28,35,43,44,32,46,26,21
13,16,35,18,43,17,41,29,20,22,41,32,16,14,11,18,30,22,21,29,14,14,12,39,12,22,22,40,20,37,13,30,45,28,45,27,30,12,22,24,40,46,39,44,16,36,41,23,36,19,22,20,28,39,39,50,34,11,40,43,47,43,25,43,40,38,41,11,19,35,41,24,37,47,42,28,32,25,24,48,19,32,31,29,45,18,47,22,36,44,46,27,20,39,40,30,42,14,31,22,34,22,15,24,29,23,20,22,34,37,43,11,49,28,22,29,44,41,27,23,14,25,19,22,34,24,23,15,34,21,24,14,49,34,24,28,35,43,14,28,16,36,43,48,31,20,48,12,46,21,42,50,34,17,49,50,31,25,18,30,32,41,27,21,35,34,29,33,29,14,30,11,21,41,12,20,47,24,21,14,38,15,17,29,49,25,26,37,24,27,39,13,27,40,30,27,42,42,19,14,12,40,16,43,46,34,43,49,43,17,44,45,39,16,39,43,25,17,37,30,27,47,17,46,13,27,16,38,10,13,40,41,37,18,45,34,14,49,32,41,41,42,22,31,49,47,22,15,23,18,21,18,49,39,20,44,43,39,42,18,18,11,35,29,13,48,26,36,30,26,29,39,25,32,41,45,34,15,46,15,43,34,33,49,41,17,16,21,38,50,34,47,22,39,41,38,19,27,48,14,48,15,26,50,14,29,34,34,33,42,17,29,33,19,43,12,17,43,27,12,49,38,16,48,27,35,11,16,37,18,20,15,43,47,39,31,18,33,16,42,16,20,33,37,38,38,14,17,30,50,32,35,21,19,21,48,31,30,49,17,30,27,39,18,12,42,11,31,33,23,15,45,19,46,19,44,18,18,37,24,13,41,21,30,10,30,14,44,29,48,21,37,22,36,38,40,47,45,33,29,21,20,40,38,32,49,13,30,17,36,24,11,35,20,12,32,16,42,13,26,29,26,11,26,30,49,13,47,43,44,43,19,49,23,40,13,27,25,28,19,49,16,19,46,25,40,38,18,49,32,23,48,41,42,13,38,22,37,40,20,15,31,43,20,35,37,21,46,19,42,49,47,28,45,45,13,14,17,23,37,21,22,47,12,28,16,48,30,13,11,37,41,30,31,19,34,18,37,33,11,26,13,35,45,21,33,50,46,38,45,25,50,31,47,33,31,36,24,37,37,15,40,41,17,49,36,38,17,49,19,46,45,49,19,21,26,34,35,10,23,27,44,49,17,19,24,28,34,33,14,43,23,24,19,14,43,11,16,36,30,35,12,48,10,42,28,18,44,45,34,43,14,20,28,47,22,48,29,20,26,41,21,15,30,34,23,12,31,49,38,33,48,27,38,19,28,24,22,29,29,31,17,38,36,38,30,44,22,21,30,30,42,12,13,34,36,29,33,12,35,28,13,14,37,49,40,46,29,23,47,14,33,42,46,29,14,18,20,12,45,13,39,28,15,43,32,29,21,37,13,33,16,36,17,42,41,42,36,22,28,11,25,17,27,39,37,12,36,32,11,27,15,12,30,49,33,37,40,34,21,44,39,16,12,31,20,35,32,18,13,39,38,29,28,32,48,26,10,16,35,42,12,22,29,34,33,32,35,16,35,42,42,22,39,33,20,35,37,15,38,16,14,19,16,45,24,40,10,14,10,24,15,29,44,43,43,43,27,14,34,48,23,45,46,14,50,16,48,44,29,44,50,49,35,47,31,11,23,14,23,32,24,21,29,31,30,11,12,16,31,31,19,48,14,15,13,24,47,28,36,31,17,48,33,49,22,47,20,31,44,31,35,27,33,49,34,24,36,13,22
18,12,15,41,15,43,29,39,32,22,20,14,36,19,12,20,32,13,17,30,47,13,50,12,19,45,19,45,30,14,21,34,22,30,47,29,29,48,43,24,38,14,42,37,11,11,24,31,12,45,36,43,32,36,26,17,16,17,15,31,38,32,47,18,39,32,34,50,14,27,39,40,43,27,10,24,21,19,35,31,37,15,35,28,15,45,37,49,29,41,14,19,38,14,25,46,33,49,12,18,35,38,13,33,50,42,23,22,19,34,29,24,24,10,13,15,26,17,33,19,18,17,34,18,31,46,39,45,35,16,44,41,26,40,31,45,29,42,20,33,30,15,25,25,49,47,46,35,11,46,34,45,18,44,46,48,27,16,25,11,33,31,18,17,47,24,27,42,39,49,26,18,41,43,21,12,25,31,26,45,13,39,48,25,22,46,47,31,21,29,31,39,28,26,35,16,40,29,35,41,30,48,43,47,49,13,29,15,49,23,48,44,12,19,16,47,23,43,47,18,50,40,34,38,12,42,38,20,15,42,34,36,40,20,45,33,46,17,50,32,11,25,12,30,13,15,18,22,26,15,29,43,28,13,26,11,38,16,39,11,26,49,38,43,48,30,36,18,17,42,39,23,15,23,29,37,17,22,33,49,43,49,37,26,42,28,30,45,32,18,31,24,44,30,27,39,40,33,38,11,30,34,46,48,22,48,47,43,20,15,16,28,18,30,36,11,11,42,42,18,36,23,25,19,30,27,40,36,27,43,26,21,13,19,23,44,13,26,27,15,41,16,25,13,17,12,29,29,18,30,37,42,48,49,42,11,10,14,13,37,36,47,45,29,18,11,18,41,49,48,29,21,12,40,40,20,42,38,17,46,25,24,30,25,43,11,35,25,40,30,44,37,45,45,12,47,12,14,48,11,20,46,45,16,47,34,13,29,39,33,19,45,48,37,40,34,37,24,46,49,10,24,41,44,44,40,47,22,49,20,36,36,45,47,47,45,16,41,16,49,19,10,10,31,41,47,26,26,29,32,44,49,40,48,42,48,27,50,13,31,30,33,49,12,13,13,18,50,46,47,46,35,19,23,29,15,33,28,38,37,49,32,46,43,18,25,29,28,45,17,26,25,47,44,38,13,46,10,14,36,16,22,36,13,48,41,43,40,40,41,11,18,42,36,20,11,33,38,37,49,23,48,31,29,25,20,20,14,17,18,12,19,33,22,27,24,47,23,21,26,43,33,30,26,19,49,11,30,13,16,22,27,31,25,19,14,21,49,47,48,39,16,38,47,10,26,12,42,48,23,19,14,21,23,12,36,18,29,33,34,28,27,10,29,48,42,18,14,45,48,37,14,39,15,44,18,13,25,28,18,22,45,20,23,18,42,23,43,31,18,30,48,34,26,44,36,44,37,32,14,14,13,22,11,43,31,11,48,36,35,36,18,37,27,28,36,22,13,49,30,50,19,26,14,46,27,47,42,45,35,43,23,49,27,32,30,13,30,27,32,24,28,35,47,35,41,14,25,43,49,27,47,10,29,13,50,18,40,32,31,16,16,47,25,45,36,39,46,16,26,21,30,42,39,32,29,19,30,23,50,45,49,25,38,40,39,35,29,28,33,16,30,30,34,23,40,49,49,34,26,48,21,45,47,50,46,23,12,40,11,19,42,29,30,40,30,12,43,19,30,27,27,43,40,30,20,24,15,27,36,18,47,18,20,21,38,50,48,17,35,28,23,41,47,50,19,12,47,24,36,32,12,35,17,34,34,25,15,47,11,31,22,21,43,48,36,38,42,22,14,38,15,26,16,32,35,38,44,10,50
38,45,35,26,11,15,18,27,35,10,14,13,45,32,16,21,35,33,44,13,47,17,45,11,12,45,26,45,38,41,29,48,26,22,19,33,21,49,29,29,17,40,27,44,49,45,40,26,49,23,25,27,28,12,34,41,47,15,12,47,21,24,27,12,22,29,45,15,40,14,46,41,37,37,32,46,42,16,26,41,22,42,22,40,30,10,39,33,35,27,13,46,37,18,47,12,46,42,30,45,42,11,23,12,30,43,46,33,11,22,20,29,32,49,14,17,32,17,45,13,15,31,44,11,46,21,37,32,19,15,12,43,35,26,34,18,31,13,45,12,33,46,44,32,41,41,26,48,49,10,41,15,28,38,24,43,25,28,41,12,32,26,25,11,19,22,14,38,42,35,37,16,18,27,18,34,46,39,24,40,31,42,28,28,36,47,42,40,38,29,11,35,35,27,24,13,14,46,14,48,11,38,17,23,31,26,15,39,38,14,27,25,13,46,11,28,18,29,14,33,37,38,14,35,13,36,35,36,41,24,28,24,32,26,35,44,44,11,39,40,39,22,19,36,31,21,29,27,33,24,34,47,36,26,32,42,37,13,36,41,13,11,17,10,32,33,45,12,20,37,11,38,35,29,30,48,41,13,15,39,42,35,45,49,25,32,38,41,29,37,37,44,20,20,47,47,25,31,22,14,45,45,29,31,26,32,17,29,37,39,37,26,39,49,36,16,37,13,19,16,32,47,46,29,48,49,19,43,33,33,30,40,17,24,16,20,15,31,16,27,26,33,32,38,33,22,17,20,31,14,39,41,40,26,44,18,23,39,35,27,40,44,41,37,45,12,44,12,49,49,30,28,25,50,29,28,42,22,19,36,50,46,18,19,38,38,34,40,13,27,20,34,37,14,25,22,21,10,14,32,25,33,32,37,34,16,42,27,36,33,35,13,44,12,13,21,23,22,49,47,42,38,39,47,14,40,34,46,38,30,49,41,14,32,18,36,26,27,50,26,19,11,15,36,22,45,37,13,37,18,17,48,15,16,13,33,42,43,39,21,49,37,36,16,37,33,47,35,10,10,38,42,35,25,36,16,43,17,26,30,26,24,10,17,46,32,44,24,14,48,22,13,34,36,33,40,35,31,23,36,33,25,37,29,16,17,24,15,45,43,47,31,24,19,47,38,26,43,20,36,13,30,11,19,25,33,19,42,48,22,35,43,31,34,24,42,45,45,12,21,11,36,28,30,10,44,25,19,15,15,13,19,39,19,10,42,26,17,48,30,22,46,23,14,15,42,29,27,19,33,33,32,12,33,25,11,38,35,19,47,24,19,39,49,47,18,46,21,41,38,36,45,35,48,43,12,24,45,17,13,28,28,12,15,28,42,24,30,20,31,44,41,44,28,23,14,38,20,10,19,22,43,26,17,33,46,36,49,12,23,22,30,25,38,42,42,44,10,17,14,14,21,12,43,46,12,40,48,22,12,22,45,47,19,22,40,28,35,35,46,39,34,40,43,27,16,15,20,47,27,16,21,30,13,38,19,19,49,27,37,15,23,35,44,19,36,33,26,13,16,16,46,26,28,45,40,34,49,21,30,13,15,37,33,28,22,16,10,11,47,13,42,18,17,26,39,36,20,28,30,15,16,19,32,11,39,47,40,33,29,39,27,20,21,41,15,39,34,13,18,43,34,47,11,15,25,46,39,48,14,22,36,41,39,16,20,48,33,45,14,12,33,23,34,29,38,50,39,27,32,46,48,29,37,21,19,14,15,38,34,29,42,33,31,31,20,37,13,34,31,23,25,28,40,46,18,38,17,15,15
42,30,23,21,38,17,26,41,12,36,45,42,30,41,21,21,18,31,29,23,37,37,40,17,13,22,36,30,10,27,28,27,47,10,33,33,44,12,29,15,23,27,39,49,36,35,20,13,44,34,23,44,31,36,49,18,26,16,24,43,29,39,23,29,12,28,39,34,16,45,37,25,33,23,20,29,33,43,24,17,36,29,45,37,16,33,20,24,30,33,16,33,10,44,22,26,23,47,28,26,28,35,24,26,23,30,32,43,38,21,42,16,33,36,12,39,29,46,25,12,27,42,25,19,14,17,27,16,25,31,38,37,13,33,31,49,24,24,20,26,18,45,39,15,48,43,39,34,11,21,32,18,50,30,37,46,15,19,32,18,10,17,46,12,27,39,17,49,15,26,12,22,29,38,13,39,28,49,46,12,18,14,15,49,13,36,11,40,13,41,11,28,35,48,14,17,31,47,37,37,19,30,44,35,30,11,41,36,32,37,34,48,23,28,14,48,27,19,21,22,42,40,12,43,27,26,47,41,24,37,14,12,21,39,38,15,31,10,11,28,20,14,35,38,30,28,48,22,31,28,17,44,39,35,33,18,28,27,47,12,29,30,37,11,41,17,46,15,38,17,49,19,40,17,37,34,40,49,45,47,32,39,18,12,44,38,11,33,43,22,17,34,36,16,24,13,41,30,18,47,29,26,48,36,35,41,39,44,35,19,11,32,37,26,26,24,20,44,24,43,24,15,47,46,45,29,39,42,16,11,48,39,24,19,16,32,25,47,20,31,46,46,11,42,46,37,13,34,41,26,33,44,29,34,22,35,20,15,32,24,49,13,11,10,46,13,36,15,38,24,49,30,13,32,22,27,39,47,39,47,41,36,43,16,44,16,15,44,49,24,34,48,20,44,13,42,14,21,30,46,34,48,33,28,25,36,36,25,30,10,45,13,25,28,47,29,40,36,32,45,34,46,44,29,25,18,23,28,22,34,45,41,10,49,12,44,37,16,43,50,23,43,19,31,33,21,42,35,27,27,19,42,41,50,38,15,40,24,16,34,30,37,30,46,39,38,13,37,36,25,28,26,38,18,35,24,32,43,29,32,32,32,35,20,50,47,14,22,41,24,29,20,25,35,32,42,41,15,50,10,16,27,43,12,32,10,30,23,41,45,47,23,20,17,20,12,41,34,48,28,22,45,48,44,30,35,15,45,39,39,12,24,33,30,42,27,38,30,22,46,18,43,40,19,12,32,41,27,36,27,37,35,29,46,35,33,42,33,32,36,19,47,45,16,31,20,35,19,47,43,10,19,16,26,44,42,49,13,25,28,15,43,12,20,24,36,32,35,34,24,21,39,14,48,23,43,36,11,22,11,47,42,48,20,35,20,22,14,41,21,42,48,14,46,47,39,19,19,28,10,30,42,17,22,42,25,42,17,32,43,28,16,22,47,31,18,26,12,40,49,33,11,13,41,23,38,47,44,45,13,30,30,43,43,38,23,36,21,43,29,13,43,28,35,46,30,13,12,49,25,30,36,24,43,36,20,11,29,17,24,42,13,44,25,27,22,23,16,40,18,40,24,49,35,39,11,33,25,15,13,26,29,30,29,46,13,41,22,41,17,30,30,19,36,16,37,47,48,15,35,50,44,12,32,34,15,36,48,18,39,15,17,12,37,29,37,35,10,13,47,39,37,13,32,46,23,36,18,50,37,39,13,39,19,38,48,29,13,20,27,45,40,22,22,27,30,44,32,37,38,44,14,12,35,42,42,23,31,34,43,40,35,46,44,13,21,29,14,40,38,34,48,17,30,43,34,26,38,35,46
16,38,37,29,24,14,34,13,40,33,28,34,23,35,24,19,50,35,29,40,31,33,41,45,39,27,47,34,29,32,19,18,36,16,18,49,19,47,36,48,26,25,41,20,45,35,28,18,11,16,30,33,22,37,35,49,40,12,38,30,25,12,44,20,23,14,32,12,23,40,12,45,31,24,28,48,18,11,20,40,35,31,47,14,41,19,33,23,19,25,46,24,49,23,23,47,48,41,23,26,42,42,31,12,21,33,47,38,43,12,18,26,29,17,20,23,11,44,24,34,41,20,40,24,29,45,41,40,39,18,14,25,37,40,47,22,22,22,35,28,18,30,38,29,10,45,39,12,10,16,26,40,42,35,26,25,31,13,45,49,31,36,37,29,13,34,22,35,22,12,33,23,34,26,32,17,19,25,21,14,49,13,19,29,23,20,47,33,31,22,43,20,27,49,49,34,36,15,47,34,46,35,39,32,19,23,23,18,36,12,11,27,11,38,40,17,25,30,19,35,15,35,29,21,23,17,45,43,27,49,31,11,23,22,41,26,24,22,12,30,28,25,36,37,26,38,46,42,34,15,47,18,43,31,26,31,26,12,16,34,40,34,36,40,39,18,21,17,50,40,16,20,22,27,15,46,33,11,47,22,29,47,46,45,12,42,17,37,24,45,19,48,23,38,26,13,26,39,16,16,26,47,43,21,45,22,28,48,39,11,41,42,13,17,24,11,24,26,45,10,46,37,31,22,19,18,36,20,24,48,36,41,11,45,35,38,40,24,43,10,35,18,49,18,12,21,16,27,34,22,19,22,47,43,13,37,39,45,15,18,38,30,48,34,43,32,31,44,21,32,27,28,21,20,12,29,42,15,23,21,45,26,24,30,45,26,16,37,37,10,29,33,43,40,27,44,29,49,36,27,20,15,32,42,35,23,39,36,14,50,39,44,44,36,13,20,44,49,50,32,44,44,35,30,20,27,13,21,17,13,28,31,30,36,22,32,29,44,11,29,35,18,43,22,49,36,48,20,36,12,21,35,25,17,22,22,34,15,35,13,20,36,40,25,45,18,45,50,31,39,35,13,17,21,33,13,25,22,48,41,15,14,15,12,15,12,47,26,29,42,50,20,11,31,48,17,10,42,39,49,18,44,43,13,31,22,25,18,46,32,43,14,13,50,40,33,37,28,44,19,45,29,41,41,45,39,17,27,46,40,21,18,25,13,46,49,24,12,41,15,50,11,28,16,45,28,29,47,20,13,15,15,21,33,22,48,46,36,22,49,22,40,16,14,35,48,38,26,15,31,18,47,42,12,44,36,17,49,47,29,23,19,47,43,39,20,47,25,21,38,47,16,29,31,43,44,18,24,19,14,33,46,34,17,33,26,17,35,45,35,41,42,42,28,32,36,42,20,27,48,32,23,42,43,25,22,23,33,11,44,39,18,40,11,15,40,44,33,32,17,23,31,16,43,40,35,21,13,24,37,33,13,24,26,34,14,24,10,31,15,21,35,37,48,25,49,20,37,19,27,36,20,34,10,39,44,19,35,23,11,37,36,33,14,42,17,42,45,34,16,27,48,29,38,15,28,47,29,22,22,16,33,41,22,45,21,39,43,11,22,22,18,48,39,11,31,25,36,32,14,15,34,23,33,49,33,10,43,28,27,42,43,28,37,16,28,48,34,37,45,16,43,48,20,19,30,15,21,42,17,23,24,13,20,12,49,35,31,38,23,23,29,33,41,38,41,22,35,18,33,44,37,48,16,14,27,22,49,13,26,12,37,25,27,25,46,21,12,11,13,15,45,32,43,13,40,47,21,15,47
37,35,38,46,45,36,21,45,43,37,29,50,14,48,31,32,11,36,13,34,41,42,22,30,43,36,41,33,46,21,41,34,50,18,17,40,37,25,25,41,18,37,23,10,45,34,18,39,12,35,22,27,31,34,33,21,34,10,39,34,26,29,44,49,42,27,23,25,26,17,26,11,32,11,26,10,14,27,40,26,49,33,13,35,16,20,32,32,36,34,47,42,21,33,24,26,26,40,41,42,38,12,18,37,40,24,11,44,27,17,28,41,16,24,15,17,19,43,24,24,21,48,42,44,16,33,45,31,42,50,35,40,50,16,15,23,29,45,13,18,21,16,25,38,35,40,16,22,12,29,27,50,31,43,27,16,43,15,38,35,30,45,40,48,15,29,46,22,41,31,43,30,27,20,46,37,13,39,26,49,17,23,18,42,18,12,40,34,13,20,14,14,43,27,35,19,21,14,46,31,22,19,20,28,14,19,27,18,12,35,34,12,39,15,45,28,35,33,48,15,25,13,21,19,13,39,17,50,28,25,40,41,50,39,28,30,30,44,34,18,29,43,38,38,35,47,15,45,34,35,26,12,22,13,38,16,12,44,31,16,20,12,40,43,14,43,11,16,37,23,17,30,32,44,50,37,19,37,39,49,37,31,14,46,39,48,28,36,13,45,46,31,27,28,50,35,19,42,33,40,12,45,28,16,11,30,38,18,37,25,33,33,19,18,22,20,20,27,26,21,23,38,37,16,38,33,50,12,22,46,44,44,23,45,40,31,35,42,25,23,13,12,17,49,22,29,39,28,18,21,16,18,18,16,34,41,18,21,45,27,42,20,33,36,20,17,20,15,48,12,29,16,44,42,18,29,23,15,29,38,14,17,47,37,24,28,14,24,29,26,27,11,41,42,29,12,47,38,34,45,20,28,43,11,33,37,43,12,17,26,39,38,38,46,47,15,20,23,45,38,19,23,36,36,46,13,30,28,43,34,10,27,23,49,43,27,38,49,22,12,43,49,46,35,24,24,31,21,46,39,24,44,37,19,23,28,25,36,40,13,15,32,17,32,28,43,44,25,14,21,18,33,31,17,12,17,29,48,17,45,18,24,38,33,38,30,37,36,30,34,39,48,21,18,22,44,33,14,14,43,49,37,30,19,25,28,29,21,35,21,32,47,23,35,37,28,30,18,49,14,29,40,33,29,11,46,24,22,15,16,20,22,47,35,12,36,12,20,45,41,16,26,25,35,31,29,46,19,30,40,32,48,30,36,16,48,27,35,29,40,20,15,28,31,22,24,12,35,21,16,11,23,14,22,40,16,26,17,41,20,15,42,17,38,39,28,30,43,37,42,33,49,45,17,42,24,48,11,46,48,48,40,23,43,40,29,37,12,16,19,44,36,49,29,13,49,29,38,17,41,44,48,35,45,13,33,29,24,38,10,47,22,37,15,12,16,23,17,27,11,11,35,50,36,38,13,34,23,32,24,18,27,32,31,38,48,17,21,40,35,41,33,22,39,45,44,48,31,13,31,26,40,33,27,24,13,30,39,32,36,34,19,21,42,16,26,37,30,33,48,27,26,18,45,19,50,20,32,45,15,11,49,47,47,32,22,19,39,49,33,10,50,35,28,37,27,44,38,20,47,17,36,41,42,41,35,26,36,48,21,27,16,26,17,37,39,48,24,43,21,29,49,49,30,26,29,26,10,49,21,23,40,41,20,21,42,38,48,22,24,27,22,26,39,29,40,41,44,28,22,48,24,41,34,35,35,33,11,44,37,21,49,47,24,16,18,28,44,17,31,16,14,45,12,31,32,15,48,40,32
23,25,34,49,27,30,11,13,30,36,21,19,24,32,36,45,28,30,26,24,42,21,40,39,46,37,28,14,48,18,47,35,25,39,22,46,47,15,31,45,12,50,23,18,48,22,46,22,11,47,41,43,19,34,28,11,38,15,23,32,30,38,47,10,34,35,30,29,10,36,32,28,37,36,10,41,50,23,44,42,16,27,39,40,14,18,38,11,43,35,16,42,21,45,40,11,40,31,39,31,44,21,24,44,26,50,25,12,38,40,49,34,23,10,13,47,38,31,20,44,34,12,29,48,45,33,32,30,15,23,16,11,30,48,25,48,36,35,19,10,28,19,50,23,24,42,37,31,45,23,20,27,17,46,25,38,45,18,13,27,43,37,35,37,22,24,46,13,10,13,45,45,40,24,12,18,38,22,47,35,14,33,43,27,34,40,25,46,26,28,30,48,16,33,29,23,30,33,15,29,16,43,47,28,42,29,20,19,11,38,20,42,11,18,43,42,38,31,33,27,29,29,26,21,24,14,20,27,22,12,38,23,20,43,46,24,24,28,20,49,25,14,43,15,27,14,48,36,19,44,25,31,21,46,20,27,39,36,36,17,42,16,15,27,19,49,26,22,40,45,28,34,40,22,44,19,43,31,22,33,27,38,21,19,38,40,30,22,20,34,13,42,18,48,26,43,23,40,44,34,49,33,30,48,49,39,41,33,37,34,27,31,25,42,30,31,27,50,15,15,20,16,20,49,30,18,20,21,26,38,16,28,45,28,38,17,44,17,13,21,19,31,28,32,46,22,17,32,27,14,24,19,49,39,46,38,24,43,49,13,22,48,43,25,15,13,49,37,40,14,19,24,41,45,14,43,38,27,44,20,29,29,16,25,32,18,35,42,20,21,14,14,29,28,40,42,33,38,31,17,28,34,20,27,48,21,30,16,10,19,42,32,10,29,32,47,43,10,45,17,20,16,16,27,43,24,21,30,41,33,38,37,44,17,29,15,43,11,24,16,35,40,19,30,45,38,41,39,35,25,21,18,42,42,11,31,49,40,15,33,19,39,41,28,21,29,23,31,26,49,42,44,19,34,44,20,27,13,47,45,40,47,42,24,31,41,19,46,19,48,21,45,39,50,37,48,27,46,13,38,30,40,20,39,36,42,22,15,44,47,26,41,10,50,44,13,13,20,50,48,14,30,50,39,50,22,11,14,34,35,18,48,37,15,33,11,34,36,34,25,34,44,28,15,10,23,34,37,47,14,29,14,19,50,25,28,15,38,39,34,48,47,36,17,45,36,32,18,31,36,37,29,41,22,11,26,48,15,35,28,34,12,42,24,21,15,49,46,22,50,40,44,27,49,20,22,43,43,29,23,17,26,50,24,40,22,45,17,21,31,33,50,42,40,47,30,11,18,17,45,49,12,49,33,11,40,42,30,48,20,42,39,18,30,42,15,15,23,46,34,39,12,44,29,39,33,32,31,25,41,36,43,35,29,19,26,25,48,48,41,40,43,12,24,21,23,17,42,23,20,38,49,11,20,21,34,43,13,37,26,47,31,22,42,36,14,49,11,38,20,46,42,18,17,28,37,36,24,13,47,39,37,21,37,23,48,17,31,20,29,15,26,18,43,24,22,13,11,37,39,27,48,12,31,22,13,34,49,12,47,31,32,42,27,29,37,12,19,34,28,25,48,46,13,19,23,37,17,20,14,49,15,43,36,38,45,13,46,49,19,39,40,30,26,26,47,30,47,12,19,23,19,39,12,14,16,27,32,26,46,12,13,23,17,34,30,24,38,22,49,28,38,12,38,14,11,16,24,15,43
33,48,44,15,17,23,34,30,28,31,21,29,29,17,19,35,23,45,20,22,34,18,45,39,26,34,49,22,29,11,34,30,10,34,48,25,40,47,22,12,32,16,15,23,14,45,35,38,32,28,33,18,29,35,33,27,25,41,30,25,12,18,29,41,42,30,26,34,13,34,16,43,32,50,50,23,49,16,25,48,41,16,44,15,31,11,39,45,26,43,45,20,22,47,32,37,19,33,30,28,33,11,19,49,46,33,11,39,34,16,37,23,27,21,28,16,45,20,45,10,27,25,22,31,42,48,35,41,19,11,12,47,30,25,29,14,38,31,41,35,14,49,38,30,48,29,38,37,32,31,24,28,26,41,23,19,37,24,19,19,14,12,21,29,34,34,33,15,20,41,25,39,13,45,33,24,19,16,14,20,18,21,15,45,36,17,37,45,27,11,34,28,27,45,25,33,35,22,35,34,47,26,45,42,43,50,50,44,35,11,50,48,26,13,13,34,28,13,44,34,19,29,20,26,35,26,21,13,35,28,28,28,10,24,18,15,48,39,40,24,25,30,19,49,24,28,48,45,33,26,21,43,23,47,14,14,18,35,25,11,25,15,24,40,27,45,35,39,26,22,28,44,36,38,23,36,46,24,47,14,48,47,31,11,41,23,32,20,20,32,27,10,23,42,46,31,32,24,25,14,26,30,22,11,16,28,26,41,47,30,47,32,18,31,37,23,23,35,36,40,29,18,44,27,42,13,31,11,38,42,48,48,23,32,37,46,48,16,33,17,36,16,27,19,13,45,35,40,24,24,38,25,36,15,17,47,35,47,28,28,36,40,13,19,48,28,22,15,49,21,33,26,34,15,30,38,35,25,38,13,14,16,36,40,30,30,21,28,26,50,19,26,12,41,39,21,34,36,43,49,30,30,32,29,14,14,37,47,22,33,18,27,18,19,31,33,37,36,34,31,17,13,39,29,37,42,20,29,17,14,14,43,40,15,25,17,46,29,25,48,26,42,24,32,31,16,50,14,28,40,16,47,35,33,43,30,20,36,15,35,24,17,48,20,39,26,11,11,11,21,45,24,16,22,11,25,21,42,21,35,19,47,25,42,17,13,38,15,26,12,33,46,20,49,22,31,31,36,22,14,39,23,30,26,22,29,36,38,24,28,23,18,30,28,17,50,20,32,19,26,18,49,26,47,14,26,37,35,23,45,32,42,26,29,32,23,17,44,35,48,33,33,14,20,23,15,22,40,29,19,17,40,23,18,39,28,43,31,44,16,35,16,26,30,15,20,48,35,28,25,23,47,47,31,28,18,25,44,29,35,20,24,32,40,13,42,38,31,28,32,25,40,11,42,19,18,15,19,46,38,44,29,12,35,28,43,18,47,25,15,43,16,20,25,40,28,12,29,45,27,24,12,24,48,46,32,15,50,17,43,10,13,23,39,32,17,26,12,38,20,42,27,10,10,50,36,30,20,14,22,35,17,29,42,33,24,43,43,30,37,21,24,43,16,32,20,22,12,28,20,28,47,45,27,33,33,10,24,12,36,18,22,27,15,33,33,24,48,19,35,25,31,44,41,23,22,13,10,19,47,16,44,36,49,43,48,16,26,25,40,49,22,50,12,44,22,27,35,34,15,31,23,40,36,47,36,20,27,24,39,14,27,34,29,32,23,25,20,42,25,17,38,40,50,34,24,35,22,27,28,28,17,28,30,18,29,44,39,47,39,40,14,13,19,32,45,33,14,44,11,10,21,38,12,41,40,13,11,39,37,15,40,44,49,30,27,22,12,33,28,24,34,25,33,43,43,14,21,13,16
25,11,48,22,43,42,19,31,38,29,42,42,42,47,31,23,29,28,37,35,46,30,37,48,34,32,48,20,34,47,20,24,17,14,22,49,44,21,34,36,40,11,22,22,29,13,28,42,17,30,20,15,40,23,48,35,38,45,50,46,16,17,12,18,13,10,28,25,32,49,38,28,29,48,37,48,12,47,41,39,28,35,35,11,27,11,25,35,10,42,15,22,41,28,46,27,40,39,11,27,15,44,32,23,30,29,26,15,48,21,39,43,21,22,32,44,15,14,19,38,33,37,22,14,20,41,21,46,41,41,31,31,37,39,27,38,42,18,24,18,38,16,49,32,16,12,14,14,45,37,33,28,46,39,46,29,41,13,27,28,13,29,49,20,48,32,30,20,19,13,34,32,50,33,25,20,45,46,32,39,11,12,21,48,34,23,49,12,37,14,47,24,48,38,31,48,39,14,42,25,38,32,45,34,37,27,41,35,44,38,13,49,31,25,48,12,47,40,42,19,11,25,13,39,48,12,45,26,19,11,36,48,11,38,41,38,35,25,19,20,41,10,43,28,14,26,42,15,12,42,48,20,49,21,32,38,27,28,27,20,21,32,46,43,33,47,26,29,40,43,17,42,25,23,39,32,44,46,47,41,29,38,48,23,34,14,47,43,44,38,26,33,39,34,26,27,12,14,24,42,43,40,14,33,39,45,17,23,48,12,16,23,22,39,21,33,49,36,43,15,28,27,47,17,35,12,46,11,33,15,35,39,41,23,34,32,32,13,26,35,40,31,34,19,34,26,44,28,11,13,35,33,12,48,43,40,14,46,43,35,15,14,46,15,27,21,20,48,37,40,33,32,43,24,27,14,19,27,19,41,12,11,13,33,26,50,49,23,49,37,24,31,16,18,15,35,24,24,44,26,15,35,26,18,21,40,42,24,46,33,31,38,39,14,17,22,27,32,22,14,32,33,20,49,22,40,27,21,26,36,44,21,47,14,48,48,49,14,17,34,19,39,44,42,23,47,45,37,46,41,30,23,15,37,19,15,50,26,33,33,34,16,27,23,37,18,45,21,36,34,13,33,23,36,24,25,25,33,21,21,31,12,43,36,11,49,31,43,40,44,32,23,16,43,20,33,47,30,44,45,26,32,39,19,49,47,48,41,19,24,15,43,18,42,46,12,32,30,24,18,26,43,38,21,49,13,14,14,35,39,43,21,39,15,22,28,13,39,29,17,15,37,44,20,11,31,23,21,48,42,47,47,17,30,20,18,28,42,46,44,49,16,44,33,29,20,22,34,15,36,17,38,46,42,35,14,30,18,15,34,28,45,19,49,44,11,40,30,32,13,48,49,22,28,32,14,39,38,33,19,27,16,36,44,43,23,24,44,18,12,16,36,47,38,15,46,27,19,44,41,13,24,45,20,21,46,36,24,18,11,22,48,33,38,41,38,47,29,30,27,24,44,41,24,20,11,27,49,10,25,44,20,11,16,25,14,48,36,34,48,17,14,48,20,12,42,37,44,12,39,44,14,32,49,43,19,42,25,30,37,14,39,26,16,14,37,46,26,49,12,42,38,33,13,10,35,17,40,41,11,29,21,44,44,43,10,29,27,11,44,46,28,17,25,27,30,44,30,17,45,47,50,36,23,10,18,11,20,18,16,20,43,28,19,40,28,48,24,45,33,34,29,18,22,10,31,10,17,43,28,46,25,17,48,45,18,14,28,19,50,20,31,14,13,20,42,36,25,18,45,32,13,25,34,12,47,37,13,40,20,18,17,34,50,29,45,41,18,16,22,35,41,40,35,10,49,23,33,32,38
45,46,30,33,21,43,34,22,41,48,31,41,14,26,20,47,38,21,37,11,28,25,11,49,44,19,46,15,31,32,38,30,45,45,33,36,35,43,41,13,48,40,34,12,25,19,32,13,44,47,26,36,40,16,34,22,39,27,29,20,39,28,25,33,27,47,14,36,40,33,36,16,29,39,31,20,22,11,12,32,14,36,31,49,41,31,21,13,33,50,16,45,18,31,19,36,26,26,28,44,36,19,20,33,32,16,39,13,21,16,34,26,40,35,17,24,20,16,24,27,46,12,43,48,13,17,45,16,48,20,41,30,28,41,18,12,25,12,36,21,23,37,38,18,31,29,32,25,37,29,14,41,17,25,44,23,22,30,24,26,23,43,15,23,19,26,45,37,46,26,40,28,31,36,37,43,46,35,46,31,12,33,40,21,38,10,31,27,34,42,12,32,18,32,16,44,16,34,37,32,34,22,26,49,21,21,47,46,27,15,40,33,13,44,15,19,13,35,48,37,45,43,10,41,18,13,28,14,39,47,25,38,30,14,14,36,26,13,14,34,47,35,24,42,31,24,35,46,13,34,46,34,18,39,45,21,29,47,18,30,13,50,28,12,45,24,21,35,40,12,30,30,29,45,30,49,19,17,33,22,16,24,27,48,12,28,41,35,22,11,20,32,36,35,11,32,48,49,24,27,10,25,11,28,30,15,27,38,50,20,15,31,43,17,29,27,30,30,30,40,21,42,27,18,22,38,28,33,32,27,23,29,12,36,23,28,43,27,35,29,32,46,48,16,41,32,46,19,36,28,12,30,30,35,34,25,39,36,18,15,21,36,47,25,39,11,37,25,47,45,15,31,23,14,43,14,23,30,18,19,33,12,33,15,32,43,16,13,45,49,36,44,29,45,36,17,50,40,45,35,30,32,20,37,16,41,16,40,31,36,10,22,43,44,41,27,25,15,23,48,33,15,13,27,48,45,40,46,43,14,47,48,10,25,31,15,43,49,37,38,18,19,43,21,15,21,38,21,24,36,49,49,38,17,13,17,33,10,15,25,22,35,47,11,12,39,33,35,34,43,11,18,24,15,42,40,32,48,18,15,27,26,36,37,47,37,23,19,10,33,33,32,19,25,46,49,48,21,14,30,32,15,40,33,15,21,22,27,39,39,26,16,41,28,17,19,24,35,27,16,37,31,45,20,23,49,25,46,40,12,40,10,27,44,33,37,32,29,45,21,18,37,33,48,20,16,45,44,44,21,17,46,40,48,37,13,29,22,21,24,48,26,14,25,29,11,25,43,42,33,29,24,21,14,41,25,39,37,37,37,32,39,42,18,12,31,24,31,28,43,10,13,14,12,46,38,21,12,43,18,46,49,12,17,35,26,28,26,24,31,24,20,30,48,36,45,28,35,39,45,42,35,14,23,16,35,40,39,30,32,20,23,42,20,40,16,14,18,27,34,44,15,18,14,22,40,27,30,31,46,29,11,34,36,45,37,21,17,31,46,32,33,50,23,24,25,19,29,21,32,38,35,21,27,36,17,31,26,46,39,34,36,39,45,35,20,13,23,42,36,34,49,16,20,36,24,50,44,31,14,15,38,25,45,31,47,46,37,29,39,27,37,47,20,17,20,49,17,15,33,34,15,30,17,42,14,45,16,29,16,25,32,41,29,29,47,25,45,46,19,11,19,19,40,20,25,28,42,42,26,41,32,49,21,45,12,19,15,49,37,28,30,14,47,40,43,29,13,28,49,36,37,38,20,43,46,35,16,42,36,31,24,21,26,41,23,31,38,33,28,12,47,38,43,32,39,18,34,27,42
26,36,37,18,47,27,25,15,45,27,22,25,20,35,37,49,15,24,36,24,44,40,18,34,32,45,16,38,41,16,39,11,29,36,40,33,31,34,43,20,22,30,26,45,37,28,30,13,33,44,30,10,18,42,22,19,17,31,42,19,12,15,31,34,34,21,41,41,10,21,10,48,37,24,11,24,30,28,48,44,24,37,27,28,20,24,49,40,32,37,31,40,34,28,41,36,20,15,36,16,43,18,39,19,35,44,27,38,34,46,41,25,31,38,24,28,47,25,20,20,45,33,29,39,49,12,21,19,12,17,19,22,42,18,29,23,12,21,31,23,13,43,40,21,24,36,49,31,34,47,16,43,16,12,37,47,21,15,50,44,42,25,18,38,31,30,44,41,22,29,45,25,27,12,20,37,15,11,25,49,44,20,24,12,29,36,30,44,38,50,18,22,50,45,15,13,47,19,35,30,44,10,43,30,22,21,29,46,13,46,28,41,39,11,31,31,25,28,39,26,37,23,50,20,35,35,44,28,46,15,24,40,23,14,19,49,15,16,23,49,20,13,13,27,11,22,11,46,30,32,24,10,43,28,43,35,33,44,27,45,47,29,42,22,19,48,28,14,43,28,19,26,13,24,33,24,35,30,35,46,10,14,34,11,12,28,34,21,33,16,45,22,18,41,22,38,20,44,18,44,20,37,40,14,48,43,24,42,48,48,45,31,14,28,40,22,48,49,20,17,30,50,19,18,39,25,30,19,28,32,25,30,12,28,14,26,34,33,48,36,28,32,47,35,24,43,11,29,20,13,28,15,26,43,21,23,20,32,32,22,11,14,22,23,18,34,24,26,20,31,50,37,24,38,44,26,15,17,14,41,21,29,35,19,49,18,16,33,12,28,37,17,47,35,24,20,20,28,25,18,19,13,33,18,47,47,35,40,36,38,12,27,40,24,35,17,46,26,11,41,11,13,33,49,47,29,47,12,31,44,27,46,12,21,32,24,12,31,47,20,34,16,45,49,42,47,47,27,43,14,33,25,37,15,24,37,37,30,34,28,26,43,16,14,27,30,12,10,15,27,37,11,14,15,34,34,12,49,37,45,18,34,46,27,41,26,24,39,21,33,22,49,24,34,27,28,34,19,20,44,31,13,50,38,47,16,32,19,11,21,22,44,31,38,11,12,32,37,17,49,18,47,47,45,10,15,29,36,19,24,33,35,35,21,28,25,21,39,19,33,46,43,35,44,33,43,41,25,41,14,34,15,14,16,32,27,19,49,24,49,12,39,49,31,30,16,36,15,23,36,12,15,47,25,12,15,30,22,23,38,22,41,41,44,36,20,17,17,34,24,19,38,49,37,47,37,18,13,12,32,18,46,23,19,40,38,41,27,19,21,29,30,23,11,27,40,49,49,43,19,37,47,37,20,39,27,29,22,38,42,21,28,46,15,12,35,24,16,33,15,27,40,47,31,35,24,37,27,22,37,19,43,32,26,25,49,14,17,39,28,39,18,20,38,45,28,44,23,16,48,16,26,21,23,43,19,10,21,47,12,35,28,12,19,45,14,32,44,44,45,36,31,26,22,24,23,27,44,28,35,38,42,45,43,28,11,44,20,17,24,48,16,41,13,21,20,36,13,24,46,10,44,18,28,14,21,30,33,45,19,23,43,32,49,25,43,43,46,46,31,17,49,42,29,13,29,14,17,46,35,22,14,33,34,40,46,38,33,10,40,29,49,16,23,12,29,17,11,45,24,39,47,47,16,50,11,28,40,20,43,15,27,26,44,14,32,47,39,48,48,49,21,43,35,50,36,40,10,21,26
14,10,35,46,43,20,47,36,45,48,37,45,16,38,38,42,36,17,50,34,47,46,26,22,46,23,31,10,31,10,18,10,11,23,17,40,31,49,46,22,37,18,43,41,12,35,26,14,38,39,45,18,16,35,33,19,17,13,32,20,11,48,41,10,15,37,43,17,41,36,20,14,27,43,43,36,26,20,37,48,31,41,12,43,40,37,38,37,16,11,22,12,44,16,39,29,14,25,19,42,27,26,45,14,31,13,17,10,37,16,39,29,46,24,16,43,22,25,19,49,33,47,18,20,46,39,33,21,26,12,11,41,36,50,20,38,40,35,18,25,12,24,43,22,40,33,25,49,49,26,30,40,11,17,45,26,32,21,46,38,17,44,32,33,32,17,15,38,46,46,49,17,19,49,31,37,16,36,23,48,41,48,28,40,25,49,36,40,11,31,13,12,25,37,24,20,24,30,46,18,25,28,30,29,41,39,36,30,14,34,28,36,47,37,19,27,43,33,22,29,27,44,13,44,19,49,28,47,38,10,31,45,37,26,35,49,34,11,33,18,15,41,45,35,42,22,17,33,24,45,38,48,45,16,22,16,15,42,30,16,22,20,13,42,17,11,30,20,45,50,11,17,48,30,20,44,47,16,43,36,41,49,14,46,34,31,13,42,28,26,44,19,11,32,43,30,29,28,25,42,19,28,19,44,19,35,30,22,16,21,24,27,49,48,38,48,14,17,20,23,38,41,41,46,13,16,45,25,48,45,37,30,34,33,18,17,40,45,30,32,27,37,42,22,47,48,30,49,16,20,29,15,48,26,47,44,50,48,19,33,43,22,50,19,49,15,46,12,49,37,14,50,31,46,11,40,47,15,27,39,36,37,35,47,42,32,15,42,35,25,17,26,29,16,48,17,42,33,20,33,42,42,38,19,15,20,48,48,41,21,14,13,29,34,31,26,50,35,45,21,26,32,48,35,23,10,21,40,35,40,16,12,41,47,18,25,41,34,16,47,19,34,32,36,19,10,17,38,20,35,33,43,14,45,34,47,17,49,44,38,10,12,37,18,17,46,43,22,28,21,12,36,42,19,15,32,11,28,37,39,32,38,30,17,38,27,41,12,19,27,28,26,29,27,31,32,27,10,11,21,23,35,16,29,39,23,24,24,32,35,17,40,25,31,22,47,19,30,36,27,12,25,44,12,20,21,30,20,43,25,25,24,33,38,37,47,11,19,17,40,48,34,42,20,35,11,18,15,24,31,36,37,37,30,10,12,22,37,34,20,18,41,25,25,13,21,16,16,11,30,34,12,20,39,46,47,22,41,19,46,34,15,29,10,11,16,46,47,49,37,21,37,25,42,21,22,23,20,28,22,20,40,46,25,49,47,43,49,19,33,18,50,49,32,11,34,25,41,31,11,23,27,31,38,20,28,25,34,44,37,28,24,46,38,30,49,35,11,13,42,36,43,12,19,26,30,36,33,26,19,35,25,32,34,40,44,15,29,36,16,21,35,31,47,18,18,48,50,28,39,46,44,27,46,43,38,42,32,12,30,14,16,50,26,37,48,37,20,26,37,30,29,29,46,26,33,25,16,41,26,11,28,38,37,32,39,41,24,27,42,48,46,37,27,18,39,26,17,16,32,13,44,40,17,47,37,40,23,14,42,43,18,28,22,13,45,19,43,13,22,23,48,16,25,24,32,42,42,18,12,48,45,44,23,47,40,14,48,14,44,12,11,49,36,30,49,26,34,48,41,45,17,11,35,11,35,10,17,48,29,19,40,24,15,20,10,22,38,22,39,28,27,40,35,45,16,16,32,49,23
13,12,19,50,39,31,15,16,49,41,33,26,46,13,26,14,39,19,35,19,44,29,45,48,28,17,49,21,48,18,35,26,17,22,42,27,34,18,30,22,37,10,25,11,32,17,42,39,14,42,34,26,23,28,20,37,35,48,49,46,42,11,42,28,28,40,36,28,44,13,40,38,29,18,31,38,36,48,15,36,21,45,46,12,31,43,25,41,20,46,20,46,19,16,49,49,26,38,16,10,27,35,12,22,11,40,12,20,11,45,23,35,10,45,44,48,31,25,43,32,18,35,11,27,13,43,32,45,30,48,21,28,33,28,45,48,34,34,11,40,25,26,13,31,37,29,41,41,21,43,42,42,26,25,39,23,31,14,13,14,43,21,44,43,43,25,14,15,40,24,22,41,30,36,33,30,35,25,39,46,20,10,17,22,14,18,13,33,45,42,25,40,10,20,45,47,29,37,22,10,14,41,37,24,42,46,37,44,17,24,12,37,26,17,24,48,34,11,46,18,44,43,15,14,36,31,15,36,29,29,24,14,49,12,25,37,44,39,31,38,44,34,48,31,43,18,47,38,11,48,36,45,32,19,48,13,27,19,47,40,17,31,26,28,33,17,31,27,27,33,11,26,39,47,41,45,13,11,45,39,27,25,13,43,12,22,21,35,44,43,28,18,30,11,16,13,47,41,11,44,27,43,26,49,23,41,29,44,16,21,19,12,46,18,49,27,43,34,11,38,39,23,33,48,50,17,43,44,43,31,35,33,15,47,47,46,16,17,33,21,15,44,44,20,29,13,27,12,18,46,42,15,23,35,20,49,42,16,20,50,38,27,36,18,37,13,21,44,13,15,11,47,19,23,18,36,27,22,27,39,28,36,15,22,23,19,40,21,45,11,32,33,38,25,26,50,48,21,18,29,11,10,28,33,14,30,44,11,11,47,26,33,10,38,17,28,36,23,30,14,40,11,35,48,40,34,41,47,38,12,28,14,33,29,40,14,46,22,19,18,11,49,20,44,45,46,21,23,33,34,21,32,17,47,33,24,22,47,33,40,43,35,32,41,41,32,42,18,15,42,49,15,16,16,44,24,29,26,27,46,26,19,48,24,26,38,49,39,26,45,14,10,46,21,10,13,41,30,18,14,26,44,35,37,37,27,30,20,37,20,20,35,19,11,31,10,16,48,50,29,47,28,29,12,15,33,15,42,25,16,35,45,40,15,27,14,23,11,45,27,46,14,12,45,12,33,37,23,32,37,30,18,14,17,30,12,13,19,23,24,49,46,39,46,27,21,29,12,46,18,15,24,15,18,35,29,41,37,17,14,31,24,19,35,17,19,32,38,32,32,24,41,49,42,32,13,18,25,27,34,30,41,14,12,42,38,22,24,24,14,34,23,13,16,32,43,29,22,18,36,22,38,31,13,30,36,35,50,36,47,24,31,44,43,38,35,21,27,47,30,12,48,46,40,45,39,50,16,40,41,14,45,31,31,16,26,41,49,27,30,27,50,34,12,12,15,10,36,45,23,48,14,31,47,12,18,22,40,18,23,22,14,32,40,19,32,34,17,34,13,15,49,22,22,39,17,36,38,35,48,12,43,49,18,45,45,38,39,43,35,20,41,22,14,46,36,42,13,42,18,25,34,41,15,14,33,22,14,49,46,21,40,19,22,38,32,42,33,10,38,46,49,13,47,16,15,12,25,22,19,41,11,36,43,29,15,12,31,46,12,37,19,23,24,19,48,12,36,29,48,15,47,43,13,25,23,32,35,20,36,34,26,11,31,26,39,49,13,13,33,37,13,33,41,31,42,37,17,38,36
39,18,14,12,30,35,11,35,48,43,33,24,21,41,41,15,15,47,21,33,33,35,24,41,24,22,13,49,22,33,30,21,48,11,21,17,11,49,47,21,18,29,37,12,44,35,35,31,49,34,50,21,37,38,33,38,41,48,19,36,40,32,35,14,18,21,31,14,41,41,16,14,22,47,20,23,43,44,40,20,10,49,47,26,40,30,39,42,43,27,28,47,36,12,19,41,28,13,35,21,20,13,27,34,42,43,30,36,18,43,33,11,46,39,21,14,25,34,43,19,17,23,42,48,43,26,35,39,34,31,28,33,26,10,18,39,15,44,42,26,14,42,12,20,19,22,44,12,21,50,49,17,17,16,31,43,37,49,15,44,39,37,48,49,36,15,23,11,42,41,27,17,25,47,41,14,41,20,16,49,49,14,43,48,10,26,47,39,23,10,26,49,35,42,42,44,27,22,35,13,10,23,43,48,28,36,41,43,33,33,31,17,26,37,42,13,38,15,38,21,46,28,45,22,30,44,47,11,40,30,42,16,38,29,32,47,29,26,48,29,18,34,45,49,35,35,19,34,40,25,45,42,12,22,41,14,46,30,13,35,28,40,14,26,18,37,28,41,34,44,12,18,19,40,49,16,49,43,40,22,24,14,41,25,15,17,15,44,18,16,43,47,34,37,47,24,45,32,34,44,29,14,45,41,47,22,16,22,49,10,32,41,17,49,25,40,36,40,32,11,11,24,11,36,44,39,17,30,40,31,49,11,38,41,38,18,30,42,25,34,25,43,49,39,15,35,17,39,36,11,13,34,14,12,35,22,12,40,26,17,32,46,45,36,38,30,42,22,12,48,33,19,46,49,24,16,35,37,43,34,18,13,20,16,13,35,16,12,48,49,48,19,36,15,15,36,26,13,16,45,46,10,49,21,36,18,28,50,14,44,41,32,29,46,26,28,44,27,34,40,36,37,23,23,40,49,27,42,38,38,18,16,44,32,11,31,44,44,43,10,18,39,35,16,39,32,27,10,13,11,41,50,17,27,12,22,35,43,44,16,12,27,45,34,13,29,39,19,47,26,19,17,38,50,24,13,26,28,11,27,25,32,27,42,34,17,46,45,45,19,35,28,19,36,30,35,30,19,18,40,42,44,47,26,45,33,28,28,28,48,48,32,48,28,14,45,25,42,21,39,32,27,27,10,23,12,48,48,14,32,27,12,29,13,11,12,18,21,45,28,38,43,39,36,36,20,26,26,31,19,30,39,25,42,35,18,45,42,31,29,30,35,42,14,29,21,11,44,24,16,42,16,28,13,46,30,25,33,16,43,43,43,20,30,26,30,46,40,45,15,25,10,25,12,43,11,41,26,45,43,28,18,23,31,13,46,28,22,33,11,16,13,22,32,21,24,46,40,35,28,23,17,13,16,34,27,46,31,16,37,26,36,34,20,20,19,40,12,40,21,43,28,20,22,29,34,22,32,41,32,15,14,44,22,48,46,34,47,38,33,16,25,33,16,39,37,33,28,44,14,12,17,23,32,28,21,34,26,26,35,27,15,30,30,11,12,48,48,45,26,48,31,10,27,31,12,21,48,29,30,25,46,47,41,43,35,26,37,26,17,49,49,12,14,35,13,11,18,28,15,24,22,45,23,29,33,21,27,47,14,16,18,42,47,40,36,24,10,42,23,13,13,45,25,33,38,30,38,43,40,36,25,22,26,33,42,50,40,18,17,12,15,13,26,39,12,43,47,23,33,40,47,21,29,38,40,18,44,20,25,18,23,28,33,19,49,42,27,46,40,23,13,26,32,35,47,34,35,36,25
32,42,50,36,22,49,46,25,22,19,18,35,20,16,49,39,23,47,21,14,47,39,35,24,30,46,29,12,12,47,40,26,50,17,44,16,39,43,50,44,36,17,41,46,46,21,17,18,22,27,41,13,28,23,36,39,45,40,36,41,20,34,34,33,17,43,29,36,29,13,13,14,24,40,24,16,49,22,39,28,15,32,14,12,19,26,44,11,13,12,47,29,44,26,13,40,27,28,17,42,36,48,35,39,29,44,24,46,47,39,41,12,27,32,26,43,39,34,32,13,39,50,43,36,21,50,10,20,38,34,23,42,24,24,25,13,45,11,47,35,42,19,47,44,38,27,35,18,22,49,30,12,23,25,21,12,34,18,39,17,29,11,37,37,24,40,34,21,23,37,41,16,15,19,30,25,19,41,15,18,15,27,44,37,47,12,23,15,12,20,26,43,14,37,16,18,42,48,45,49,31,15,41,13,11,28,12,13,34,18,49,26,39,48,45,26,49,25,28,43,41,16,28,13,49,31,27,40,37,44,18,37,45,40,24,39,26,26,19,34,49,14,49,28,48,43,17,21,22,33,25,16,48,39,25,29,30,42,18,16,18,42,11,29,46,29,48,16,20,18,12,42,36,11,13,43,37,28,18,20,29,36,28,47,27,48,43,42,11,15,15,49,37,21,23,29,32,15,32,30,29,15,26,41,45,15,11,26,28,24,37,25,32,41,40,35,37,44,45,20,19,30,25,42,38,28,21,13,37,35,45,26,40,48,31,35,15,48,41,17,41,11,15,46,20,37,40,33,38,49,44,25,42,39,30,48,38,15,18,35,18,17,45,17,28,16,40,48,35,31,24,42,42,45,29,37,22,21,33,42,48,35,48,30,23,22,45,28,50,15,31,30,14,11,24,36,17,26,37,26,40,19,23,16,25,34,37,27,49,43,20,24,11,26,37,17,32,47,48,47,16,43,16,17,25,46,45,48,42,25,38,12,24,11,15,47,29,16,35,47,14,47,35,25,15,44,40,36,18,40,15,33,14,20,20,50,20,47,44,20,30,22,49,18,36,11,12,23,16,36,12,49,28,43,38,15,43,29,16,37,19,43,35,50,26,47,16,14,44,16,46,15,44,11,11,25,23,22,26,44,22,26,23,28,11,39,34,25,29,21,24,19,38,46,32,32,33,12,26,43,37,42,14,21,28,18,16,33,24,25,31,11,10,20,28,31,44,48,42,28,49,42,21,47,25,40,41,10,30,19,44,16,45,22,15,19,11,41,33,13,48,16,31,46,22,11,29,38,25,34,14,15,46,17,39,39,15,46,49,27,47,16,32,32,44,43,28,36,24,49,30,35,40,30,31,12,25,26,16,33,49,29,33,14,29,39,18,40,45,22,42,12,24,23,45,25,49,17,48,25,29,13,23,17,27,34,42,23,38,30,40,36,48,23,20,22,11,19,40,27,13,31,17,13,16,48,43,27,14,13,38,45,42,10,40,47,17,25,33,11,37,10,37,11,10,25,12,10,47,28,41,42,21,11,39,25,49,37,17,47,31,12,33,44,22,45,11,28,47,12,31,26,39,49,13,43,19,29,15,33,16,13,12,44,46,50,46,48,12,36,12,45,13,30,26,11,24,26,49,22,48,35,14,27,48,45,45,15,24,39,41,33,38,19,28,26,47,48,11,35,15,11,25,43,23,41,34,39,45,24,34,17,15,40,50,13,14,29,20,12,45,21,16,41,33,35,20,33,24,29,38,43,24,11,23,17,44,50,23,11,27,46,14,25,37,41,17,45,37,25,38,18,37,29,24,49,33,37,43,36
47,26,12,49,36,41,13,14,30,44,25,43,26,44,11,45,17,24,32,29,13,25,40,21,17,44,28,18,35,14,20,49,19,39,14,33,38,13,34,50,47,50,50,24,14,18,29,35,22,37,11,36,11,49,29,23,19,32,35,30,30,17,37,42,37,26,11,41,23,20,45,11,20,39,44,22,25,14,46,39,37,25,11,26,23,44,47,30,48,39,26,41,45,11,37,38,47,11,44,47,31,29,26,24,46,34,12,12,35,10,16,14,36,39,11,26,12,39,41,37,39,33,28,14,25,27,18,48,43,25,36,39,23,35,11,17,22,36,40,41,23,38,14,48,35,37,26,33,13,36,18,24,44,11,41,43,49,29,10,19,24,17,17,18,25,10,28,17,37,46,23,43,33,34,40,30,25,12,33,39,43,48,19,41,36,45,19,38,35,35,27,46,48,17,19,20,38,14,23,20,49,22,38,42,22,39,20,15,34,21,46,39,11,14,14,21,47,13,15,22,48,41,21,48,47,31,27,38,11,23,47,50,19,24,40,11,41,46,13,19,39,32,21,30,19,38,50,13,21,47,18,18,37,41,16,28,16,25,35,37,44,16,27,33,22,46,12,10,10,32,47,49,41,14,50,12,26,48,18,42,47,35,30,14,46,24,40,14,16,31,38,46,50,49,45,28,38,39,35,47,20,45,11,41,45,15,35,38,19,44,21,40,32,38,36,15,46,26,23,31,36,36,44,40,49,37,49,48,21,49,16,31,39,34,50,27,31,28,33,41,22,29,37,31,18,17,21,11,15,23,20,20,43,34,41,21,44,40,45,26,11,30,26,16,11,23,39,38,49,12,31,42,30,32,34,17,44,37,19,31,45,45,21,32,35,48,11,16,43,34,24,38,37,40,36,38,45,36,43,31,47,50,19,23,43,45,18,32,10,24,34,40,14,14,35,24,21,45,15,18,28,21,11,20,43,44,34,28,35,30,23,41,14,46,12,36,35,12,26,27,44,47,19,10,10,41,29,44,38,14,48,37,34,23,37,24,49,32,30,22,18,40,23,17,24,31,33,27,39,43,25,12,31,39,46,35,42,23,49,12,39,38,23,34,26,42,46,46,30,31,47,28,11,44,19,36,37,17,42,48,48,18,37,10,19,41,41,34,22,13,22,50,27,20,45,27,38,39,22,49,37,18,12,43,39,45,36,33,34,14,17,26,45,47,25,11,19,13,15,30,15,27,34,12,27,46,49,42,26,37,12,27,37,50,19,23,11,37,42,37,45,25,40,35,46,25,39,39,37,45,36,15,17,39,38,43,20,43,15,29,35,12,33,17,16,49,11,44,47,34,37,26,33,21,38,50,31,12,20,25,33,24,29,29,24,31,20,44,16,19,10,41,19,34,28,28,43,46,36,12,43,48,25,24,48,45,29,19,13,40,31,11,42,30,20,22,41,37,35,32,26,47,10,32,50,11,33,24,41,11,24,41,27,27,26,21,40,30,26,45,31,20,38,37,16,20,24,21,48,25,50,30,20,33,38,41,18,11,44,27,36,41,45,28,47,16,21,34,41,20,40,44,18,23,28,23,48,27,16,46,23,17,20,16,20,21,30,34,24,35,10,34,49,17,16,47,19,17,31,39,10,49,24,11,19,18,20,41,20,27,44,42,40,37,36,42,14,33,11,10,19,37,33,45,49,19,22,14,44,28,41,41,36,29,10,43,35,20,26,44,12,32,15,13,41,41,29,18,32,26,22,49,34,16,40,42,19,49,24,34,20,16,40,46,13,41,48,38,43,48,15,16,17,45,13,34,45,45,13,35
