The number of jobs:
300

The number of machines:
40


The power of each machine at differnt speed levers:

(where rows denote machines: 1 to 40 and columns denote speeds levels: v1 to v4)


12,25,37,45
16,21,33,43
17,29,38,45
19,30,37,45
5,18,25,45
17,23,35,45
10,20,30,45
20,30,37,45
15,24,38,45
11,16,32,43
6,20,35,43
7,25,31,38
7,12,17,44
19,29,37,45
19,25,36,44
11,26,38,45
9,25,35,45
16,29,37,45
9,29,38,45
10,25,36,44
14,24,33,44
19,29,37,45
7,25,32,45
12,23,31,39
18,29,38,45
5,8,25,38
9,13,32,41
12,28,36,44
8,17,36,44
20,27,35,42
11,25,32,39
20,30,37,45
13,26,38,45
8,28,35,43
10,17,33,40
18,26,33,41
18,25,35,44
15,29,36,43
7,26,37,45
17,26,37,45

The basic processing time of jobs processed on different machines:
(where rows denote machines: 1 to 40 and columns denote jobs: 1 to 300)
46,11,24,17,37,39,20,21,25,30,31,19,41,19,32,32,31,13,37,48,24,47,13,42,42,28,37,37,25,49,19,33,45,32,12,28,25,16,45,23,18,30,37,19,31,44,30,33,16,27,48,46,39,32,41,16,49,42,38,14,50,41,38,29,32,33,26,30,14,24,15,50,36,30,29,44,50,30,20,21,19,13,14,27,43,28,29,31,41,48,11,24,32,32,11,28,35,12,37,27,22,48,13,46,18,24,32,41,41,12,23,40,15,11,23,45,13,48,48,43,49,16,23,38,30,47,21,19,20,20,15,28,48,31,17,40,40,19,35,40,34,26,48,24,49,40,46,34,50,49,42,38,13,44,13,40,28,38,32,35,37,27,42,37,23,29,11,47,25,39,19,18,41,21,49,26,40,45,35,29,44,49,18,27,30,49,15,15,38,29,12,48,17,36,24,47,15,38,14,20,29,38,16,39,39,17,26,16,44,46,31,26,29,17,17,32,36,37,30,25,49,34,19,20,13,47,29,35,20,42,49,17,37,24,13,46,42,11,48,15,45,33,42,11,36,26,11,21,14,38,16,16,26,26,12,24,44,22,16,23,43,15,24,24,11,15,46,44,28,29,13,47,19,30,39,45,29,49,48,25,40,23,32,23,15,24,45,36,12,50,39,32,11,43,42,10,44,16,32,37
40,14,43,45,10,32,20,48,11,32,24,28,13,39,26,16,31,28,38,46,36,21,41,32,24,36,29,45,39,20,28,26,38,26,18,19,34,41,37,23,16,49,12,48,31,47,15,49,11,34,30,42,33,46,33,40,33,18,24,29,34,25,14,21,34,27,39,10,28,48,23,40,22,46,47,36,35,15,42,21,31,22,21,19,35,31,45,43,12,34,12,40,32,33,10,13,30,14,24,31,41,19,34,41,49,36,47,23,31,14,33,23,17,34,38,38,40,23,46,22,50,23,50,25,38,26,23,34,38,21,45,41,42,12,20,34,48,12,19,38,31,32,17,50,49,43,15,48,49,40,30,36,33,49,43,31,30,13,28,24,14,41,11,40,12,34,45,45,31,45,23,37,26,50,49,38,10,41,26,33,14,35,32,35,47,39,17,35,36,28,34,34,34,35,24,13,14,44,50,24,30,38,44,42,46,45,32,39,29,16,28,49,44,48,26,10,27,33,12,44,40,46,29,39,12,14,23,36,31,26,39,13,15,14,48,21,16,40,25,25,21,19,42,42,47,30,48,12,44,42,34,18,13,47,40,49,39,41,10,41,14,40,19,19,28,48,17,40,15,47,31,44,33,16,47,22,26,42,41,21,28,20,28,38,41,37,12,27,39,11,28,29,40,24,33,37,44,46,12,39
21,21,47,12,16,45,24,37,18,45,48,31,17,38,22,46,26,17,43,22,12,13,46,32,43,12,16,44,15,16,31,14,49,40,48,37,45,13,23,31,31,16,41,34,18,29,32,17,36,15,17,28,27,12,32,21,12,15,32,21,40,20,43,14,16,24,47,31,37,41,27,22,17,25,24,25,46,33,33,25,14,33,15,13,16,35,31,16,35,44,33,32,36,39,14,13,15,39,41,17,29,38,26,38,24,14,24,42,26,41,48,23,19,33,44,20,14,48,44,14,16,31,34,46,31,19,41,20,36,12,25,31,16,38,38,21,49,26,45,45,30,10,17,42,15,45,40,13,43,11,23,27,43,14,24,11,38,12,50,25,11,26,30,45,10,34,50,15,17,41,23,29,37,40,20,12,18,40,38,41,31,30,48,43,41,28,20,29,47,34,38,25,28,14,12,36,26,21,10,11,37,37,20,16,21,12,10,12,19,20,32,20,40,39,18,35,41,15,26,47,43,24,33,47,10,10,42,48,36,31,31,26,13,34,47,28,21,27,21,40,46,23,35,49,44,33,19,44,40,23,39,10,37,39,33,31,25,15,36,28,21,37,26,26,33,49,33,31,24,15,41,36,15,21,11,15,19,17,21,23,22,26,26,39,14,40,25,13,46,31,35,20,24,36,17,32,11,24,49,18
12,43,16,18,13,16,17,27,34,11,29,35,20,14,23,16,14,15,41,21,14,34,40,44,29,27,33,48,31,10,43,48,17,21,38,18,24,14,13,11,18,29,11,47,48,48,38,31,46,35,25,43,14,13,24,13,32,41,17,29,17,29,26,18,33,24,42,21,46,29,32,18,39,41,31,45,41,38,42,43,11,49,36,46,16,47,39,24,39,32,43,45,48,32,31,42,20,46,44,34,12,13,44,48,34,37,43,47,34,22,44,39,47,41,46,47,18,26,36,11,22,17,28,30,34,47,38,14,45,43,18,31,14,14,25,49,45,38,41,21,17,21,43,43,11,35,42,27,26,39,41,27,17,19,38,13,29,45,23,40,18,25,30,49,23,40,19,16,30,41,12,37,21,40,23,43,26,12,27,40,41,27,32,48,44,36,14,28,17,28,47,44,37,11,20,31,35,18,21,19,28,31,38,21,18,17,27,24,50,13,17,11,45,19,14,23,15,20,24,25,13,19,48,15,28,23,48,28,47,11,38,49,13,25,34,22,28,48,44,18,12,24,33,22,15,35,12,13,30,24,42,40,29,31,10,15,15,30,34,46,45,48,19,38,20,24,31,31,26,15,39,18,43,43,44,39,29,46,31,28,26,30,25,27,31,30,22,39,11,40,21,34,17,29,23,38,41,23,26,45
34,21,32,47,43,26,38,18,24,31,29,24,32,21,27,50,21,48,10,28,33,19,22,12,44,49,38,16,12,35,30,33,49,14,16,31,21,37,36,14,45,27,25,22,49,20,11,12,40,29,40,23,14,12,17,40,50,17,34,38,28,19,26,24,49,18,17,24,23,49,47,19,23,42,39,19,43,25,44,19,43,23,18,23,16,36,38,31,21,38,20,28,42,20,40,24,38,18,40,38,36,26,13,45,19,26,16,33,10,18,41,39,12,43,32,12,34,19,40,42,42,10,28,24,18,21,31,45,31,48,41,14,35,33,33,14,31,49,17,44,33,24,11,13,14,27,20,35,15,43,42,32,28,46,33,30,22,16,13,24,46,29,15,35,25,32,39,28,24,39,45,24,36,37,20,10,32,22,29,24,39,11,37,47,40,26,29,26,13,27,34,36,49,39,45,42,39,41,16,49,13,46,35,35,34,28,43,19,33,40,45,47,34,39,42,23,24,23,40,48,24,39,26,26,45,27,27,11,38,20,15,15,16,30,46,24,28,42,31,39,19,26,25,42,17,32,28,32,43,27,15,44,37,19,12,28,14,39,38,14,33,15,27,23,18,46,47,23,40,37,23,35,25,19,44,33,29,44,32,30,14,34,25,26,39,27,16,48,46,23,42,34,28,37,47,47,33,15,19,24
28,27,24,23,46,48,44,44,10,40,26,22,39,46,30,35,46,22,42,14,25,15,46,12,15,38,33,39,19,42,11,14,23,25,30,27,28,35,37,46,39,39,30,30,19,39,12,32,40,22,21,45,22,34,43,23,13,19,36,24,35,24,28,24,34,22,44,48,41,28,46,39,15,36,32,14,40,32,25,33,40,44,27,37,35,21,49,42,11,22,10,15,18,25,29,48,45,43,16,30,15,45,24,19,49,11,42,12,47,16,24,19,20,35,34,24,44,40,30,23,28,24,42,44,38,39,21,31,33,14,27,47,27,19,23,43,43,42,45,37,41,35,23,19,14,27,26,25,13,22,49,36,14,40,21,15,35,14,39,46,12,15,28,12,17,40,32,12,22,26,48,29,48,29,15,15,13,31,35,19,41,20,23,28,46,39,34,11,31,20,18,40,20,48,33,41,12,46,41,50,46,13,23,45,37,20,35,18,48,42,31,26,40,26,43,20,28,16,45,21,30,17,38,19,13,23,37,22,17,11,19,34,14,46,48,20,42,23,45,15,49,30,31,31,22,44,38,13,19,23,35,37,23,36,35,35,15,45,48,11,15,20,13,48,11,29,47,35,48,42,35,29,32,19,12,27,48,48,39,25,17,46,48,37,41,33,28,15,12,42,24,23,35,25,36,25,37,11,40,39
14,20,48,26,18,12,28,40,35,21,33,13,18,13,15,10,49,14,18,41,15,25,40,44,37,18,11,16,28,15,31,15,11,33,32,21,44,22,45,44,28,18,48,22,38,41,36,19,40,21,30,19,10,49,50,17,44,30,42,23,41,25,44,35,20,30,47,33,49,40,13,39,27,30,22,11,32,16,23,12,45,38,47,31,16,39,17,36,37,36,30,25,41,48,16,41,26,43,49,36,14,14,22,25,18,37,15,32,21,49,21,40,22,10,22,37,28,12,34,39,48,11,17,16,32,50,42,14,23,24,19,47,23,33,20,46,30,25,12,25,40,40,34,29,32,48,47,48,28,17,22,28,31,24,48,32,28,24,27,30,45,20,41,42,26,28,40,44,35,40,23,26,33,10,32,24,45,33,45,11,13,29,42,42,21,24,32,30,22,22,42,14,37,40,46,22,35,23,25,43,31,38,21,15,47,19,34,40,40,24,20,32,15,22,13,10,17,49,42,30,26,25,34,38,24,30,29,48,22,37,37,18,21,22,14,16,48,33,16,31,11,14,45,25,17,16,30,42,34,29,40,12,13,42,26,44,13,25,23,36,35,36,48,41,44,45,12,49,49,13,35,35,16,23,31,31,32,36,38,12,46,37,27,24,20,26,27,19,25,28,49,41,22,42,48,13,40,22,16,40
32,46,11,17,31,17,49,28,33,31,12,44,14,35,50,39,45,49,43,10,49,49,14,49,47,14,23,35,16,35,36,22,21,21,40,28,11,45,42,20,28,33,44,24,25,41,43,28,25,15,48,45,35,15,23,40,26,43,36,29,50,46,27,26,25,13,27,44,21,44,30,30,22,33,21,30,19,35,32,50,45,44,30,17,43,33,43,20,46,39,23,41,35,21,14,46,13,36,35,35,31,46,45,21,38,30,48,25,42,50,49,28,43,27,33,30,24,30,44,17,48,35,29,24,46,11,20,34,34,12,37,26,28,28,11,12,30,15,35,17,18,47,18,23,44,27,24,22,25,33,23,42,29,40,46,36,46,17,33,27,34,28,43,11,46,12,46,40,16,34,44,18,19,23,41,41,22,27,37,11,31,43,20,30,34,39,25,34,11,11,42,50,50,29,47,49,21,15,31,40,32,34,23,44,26,33,13,24,45,17,38,47,23,50,20,50,27,30,20,13,42,18,25,24,25,19,44,19,25,26,43,28,47,31,34,37,37,38,18,16,38,32,35,41,25,43,25,12,37,41,14,15,28,11,32,36,29,37,44,24,29,14,45,37,27,30,16,14,23,44,25,17,18,41,47,27,13,33,33,33,49,22,31,18,37,11,34,11,29,29,39,13,44,15,50,26,20,29,20,23
41,28,39,24,12,13,19,14,41,24,32,45,38,23,14,38,10,17,33,42,28,23,18,13,15,30,27,40,27,35,18,45,27,44,20,20,24,20,16,13,32,13,36,22,46,39,22,12,46,22,20,46,25,17,15,33,32,26,34,47,28,28,16,28,37,38,19,21,14,16,18,50,39,21,19,21,20,11,37,16,49,13,18,20,49,31,16,10,32,24,19,15,19,37,44,25,48,34,46,38,19,29,32,22,39,33,30,29,12,27,16,27,29,43,10,28,33,44,45,45,35,15,39,45,23,46,31,43,32,30,25,21,17,48,26,13,27,11,14,21,45,48,31,18,25,29,15,45,49,50,39,27,14,31,11,31,47,21,30,20,40,38,32,28,38,38,40,29,36,22,22,41,17,16,47,38,28,29,29,31,10,34,12,42,18,18,37,16,12,20,43,47,14,32,27,50,24,12,25,38,38,16,14,43,32,32,16,44,31,48,15,10,38,45,23,43,39,40,49,15,19,43,16,18,38,21,41,40,39,21,35,22,36,41,26,41,39,50,35,25,23,21,46,29,19,48,15,13,48,19,31,50,12,40,30,34,35,19,48,50,15,42,23,10,30,48,25,46,46,33,41,13,40,26,44,25,41,17,11,34,30,25,39,13,49,47,41,44,13,47,16,30,24,23,17,35,45,16,20,13
13,43,23,36,22,32,14,12,29,20,21,48,30,12,27,10,35,38,44,30,42,40,28,18,16,23,32,14,49,31,11,48,46,20,42,10,46,13,32,35,10,10,28,30,20,39,30,36,43,42,12,26,18,37,39,25,40,25,50,31,42,41,50,34,43,37,42,16,21,34,39,31,30,13,26,19,50,18,47,47,15,33,45,43,50,14,32,32,23,32,39,41,24,43,25,33,38,12,37,48,33,39,43,45,47,21,44,27,14,27,44,44,30,14,18,37,38,43,26,43,31,47,14,50,50,30,26,25,15,30,34,45,43,39,39,40,19,36,28,28,27,46,47,17,47,12,14,16,28,48,45,30,48,47,20,23,44,36,30,26,23,48,17,17,34,50,14,45,44,16,18,25,30,17,38,34,18,12,16,18,22,33,20,26,37,44,21,16,22,26,38,28,30,27,23,44,48,42,37,24,38,13,48,28,26,20,49,40,23,39,41,19,38,30,25,28,40,49,38,47,23,17,17,15,20,12,47,49,28,38,38,48,39,49,44,22,23,30,40,42,41,20,13,20,21,26,23,17,22,24,19,14,35,45,31,31,29,10,50,30,21,20,33,46,17,16,27,16,10,23,43,20,50,43,10,31,22,31,23,50,41,30,40,46,36,36,36,18,32,40,31,15,17,21,11,13,31,16,20,25
21,16,20,47,42,11,28,14,32,43,29,21,34,20,26,45,23,36,25,48,36,30,44,32,23,30,43,40,44,29,16,18,43,27,33,12,16,22,18,12,21,22,33,41,40,34,27,43,12,18,19,33,14,46,40,41,29,42,11,11,24,24,43,14,26,27,17,25,16,44,10,38,28,20,49,12,45,17,43,28,39,33,31,39,28,13,42,23,45,25,28,15,24,10,22,18,46,31,37,11,23,38,42,43,12,26,29,16,36,31,30,11,40,13,48,46,29,47,33,33,44,11,41,15,44,48,31,32,28,33,39,12,19,32,12,21,12,33,11,47,33,33,14,19,43,36,27,31,36,40,49,15,16,33,39,42,42,14,14,17,47,24,10,45,18,49,26,33,28,28,22,23,27,11,29,27,29,19,49,34,45,37,42,38,39,12,48,22,34,42,30,43,29,46,37,43,19,21,25,36,49,31,43,19,33,43,44,42,29,37,23,14,17,24,23,28,15,36,22,26,16,22,34,38,43,20,41,13,24,48,20,18,22,14,43,34,24,47,48,25,17,33,49,47,31,19,12,28,33,13,20,41,17,29,34,50,40,15,38,14,31,36,31,17,32,39,27,15,36,25,18,47,38,21,25,31,17,31,41,47,16,28,31,48,17,49,45,40,29,32,47,12,32,49,23,19,33,27,48,36
14,11,20,37,31,36,49,35,44,32,41,25,40,49,37,16,19,21,26,49,32,47,43,11,16,24,26,46,20,16,30,15,37,14,10,26,25,23,17,39,40,11,42,47,43,33,40,28,14,10,32,44,15,28,11,11,38,42,15,23,32,36,45,36,30,41,14,44,33,49,20,26,26,13,30,42,33,25,47,20,26,32,28,49,33,23,33,50,12,45,19,47,41,39,15,17,11,17,29,37,43,46,13,14,45,21,36,44,46,45,48,19,30,15,42,48,47,14,12,47,41,36,15,44,14,15,48,18,22,28,24,18,30,47,16,17,14,42,28,40,23,16,23,18,28,45,17,20,38,48,33,17,40,31,17,12,31,28,36,44,16,21,49,42,32,15,35,28,34,22,43,16,30,46,29,16,10,32,34,47,15,41,26,29,16,44,44,43,47,34,35,16,17,35,17,36,33,30,33,12,33,32,28,26,24,24,42,17,37,27,34,47,17,11,21,29,43,42,42,20,39,43,39,18,34,32,49,49,50,40,40,44,44,48,26,40,35,36,11,21,22,20,16,44,12,19,33,24,11,21,38,22,26,40,34,44,22,30,24,33,49,34,20,47,12,16,34,24,47,25,33,22,48,43,25,41,38,32,38,29,13,43,28,19,35,36,33,34,37,32,20,22,32,28,36,11,16,17,49,10
40,13,44,23,12,14,14,44,10,47,26,39,46,19,34,24,38,40,12,28,15,14,44,49,49,19,30,26,21,16,20,34,14,25,30,19,20,21,23,44,46,22,15,46,30,40,16,39,25,13,29,47,48,24,21,40,31,31,31,11,13,35,38,38,37,20,15,30,22,17,34,21,32,39,24,28,14,11,32,12,20,46,19,35,12,21,32,12,16,31,13,32,44,49,41,35,49,30,48,29,14,30,16,12,12,27,12,29,15,36,30,47,38,11,29,38,35,16,48,41,36,30,21,18,18,45,40,25,46,42,38,38,19,38,23,35,30,28,41,31,30,41,22,25,28,15,20,13,35,33,20,43,27,36,41,15,34,39,22,31,12,48,29,22,31,40,12,43,49,10,18,42,13,24,20,35,21,25,17,36,49,31,34,21,32,37,17,39,45,12,19,40,11,41,31,19,36,21,23,21,36,39,20,22,10,20,35,48,24,48,24,50,31,39,36,37,43,27,22,27,17,13,38,38,33,32,46,35,48,16,36,13,35,14,42,49,49,28,32,13,26,44,47,47,16,43,42,15,45,23,39,25,15,14,35,13,29,47,14,14,49,20,16,34,32,43,46,41,16,19,50,29,10,24,22,29,25,21,11,31,45,45,31,23,39,50,18,23,16,13,26,20,21,14,16,17,40,22,23,17
20,38,20,40,28,44,15,15,42,11,14,14,13,45,28,31,13,25,38,31,44,15,26,39,28,23,17,34,16,33,38,35,43,48,28,50,21,38,14,13,49,29,14,29,44,20,13,13,10,35,31,40,12,12,23,26,22,22,14,24,11,43,12,47,35,27,44,23,33,26,23,15,33,32,17,22,24,43,33,34,14,23,15,27,27,42,43,12,18,47,20,37,34,38,19,22,13,16,28,30,38,33,10,16,26,35,32,47,29,43,36,18,44,32,46,41,41,15,47,38,36,20,13,10,50,12,34,15,40,14,10,32,26,46,10,48,41,11,39,49,46,19,31,46,29,44,28,41,29,19,29,26,18,18,26,27,11,48,40,40,32,24,38,32,38,50,20,22,37,25,19,23,39,38,26,38,19,48,33,29,25,39,30,46,22,45,43,17,25,32,16,35,48,37,45,30,37,44,12,21,17,13,40,15,35,38,41,39,43,25,38,29,47,28,36,18,36,28,36,35,31,43,24,40,31,38,24,11,25,13,36,23,48,38,17,37,12,47,44,48,24,42,21,25,46,48,49,15,35,11,43,47,39,14,14,47,47,13,47,48,36,43,10,49,38,20,13,30,49,39,38,35,19,22,39,36,27,13,29,23,46,24,44,40,18,28,13,31,21,13,50,12,21,10,23,25,38,19,36,41
42,47,29,50,36,32,32,43,16,38,22,16,12,36,45,48,34,19,38,25,49,13,50,16,39,26,25,15,39,46,38,11,17,17,39,17,15,27,45,21,14,14,26,24,42,30,11,28,23,31,47,19,43,48,11,19,34,42,38,19,31,31,15,22,36,39,30,46,42,41,16,40,44,23,35,17,25,41,21,44,44,19,48,38,49,15,20,42,17,25,28,20,36,22,45,42,35,39,11,25,24,26,20,27,23,18,44,49,39,20,25,27,31,13,28,31,14,29,44,45,35,38,22,49,32,48,29,26,16,43,41,26,32,33,20,14,23,39,10,33,11,30,45,13,30,49,46,35,33,15,40,12,26,18,15,11,31,17,12,26,47,43,29,49,21,23,49,43,34,41,35,39,39,25,43,45,38,25,25,12,33,34,38,29,42,14,42,23,23,45,49,10,30,41,42,22,12,15,12,14,29,25,25,14,25,35,14,38,16,35,10,22,48,35,12,45,43,13,37,25,39,48,23,40,31,42,42,29,10,24,20,14,25,21,33,21,37,27,42,40,46,15,15,38,38,14,20,20,49,23,15,16,38,49,17,35,44,38,50,41,43,15,27,11,30,25,41,19,39,39,14,15,11,40,47,31,28,20,43,23,43,13,42,45,22,44,39,24,41,16,20,10,42,40,39,41,14,42,43,30
19,29,44,33,43,41,17,28,47,24,46,16,42,11,30,30,18,25,17,30,35,41,10,23,25,26,10,36,12,31,30,28,20,27,44,45,28,21,13,21,17,12,20,45,16,24,22,43,18,21,17,47,32,22,31,35,16,35,41,33,39,18,11,37,46,18,35,24,32,29,12,44,42,29,21,27,46,12,12,14,20,10,14,43,17,25,16,43,41,49,42,41,27,41,22,31,37,11,42,43,26,31,48,26,16,46,41,39,45,30,39,15,25,47,27,46,30,31,31,41,23,18,30,15,36,44,27,23,49,44,11,26,17,30,26,26,37,46,47,35,28,16,48,11,20,29,33,24,40,27,22,43,25,32,43,44,41,38,33,40,28,11,19,33,29,11,48,40,35,46,48,37,31,44,41,34,13,20,34,42,37,33,45,20,47,32,11,15,26,26,11,20,28,44,48,35,17,28,48,37,45,49,47,16,17,34,46,34,46,16,24,18,22,33,11,13,47,44,32,30,12,32,18,39,24,34,27,45,36,37,30,28,34,35,16,31,12,50,25,29,50,41,19,44,13,36,27,48,12,15,31,15,38,29,11,21,41,48,17,17,20,12,46,28,16,40,34,17,41,31,36,12,37,46,37,15,49,38,43,20,30,10,18,46,13,44,14,36,45,50,13,37,30,49,29,28,31,43,24,44
13,46,12,47,21,16,39,26,31,32,35,43,39,26,17,38,31,50,40,34,35,26,15,28,18,45,22,35,15,18,36,33,33,40,25,28,26,19,15,47,38,24,10,31,22,37,20,29,40,41,46,18,28,47,15,41,35,36,16,16,29,30,48,13,37,18,13,43,27,40,47,19,45,24,46,10,18,13,42,46,19,25,23,44,30,47,21,17,41,24,37,14,22,35,36,36,25,30,43,47,17,31,17,11,23,10,36,15,29,37,13,45,13,13,24,38,22,45,50,39,17,33,19,40,24,14,14,20,17,44,48,48,34,22,29,40,25,49,21,20,34,30,13,38,11,18,37,39,39,39,35,11,26,33,29,37,46,28,17,16,16,42,33,13,39,14,16,17,12,36,19,25,27,13,42,17,25,13,24,45,40,33,34,46,32,24,45,40,36,25,39,21,39,27,25,36,28,37,44,39,44,49,25,25,24,50,13,19,48,35,47,46,29,48,25,29,10,17,12,21,11,13,22,38,23,31,46,18,14,31,48,15,42,48,46,24,32,36,12,37,19,29,48,28,16,40,29,31,13,40,39,16,37,42,44,43,50,31,38,34,40,24,10,47,50,14,48,43,32,15,25,37,45,21,16,13,32,47,16,24,48,49,33,41,30,29,49,20,48,13,46,41,34,30,25,27,49,49,21,26
49,32,44,44,46,12,39,37,16,40,48,34,35,12,14,40,34,16,35,38,25,29,19,37,27,13,47,20,21,17,36,28,14,33,19,49,37,23,26,42,42,21,25,23,25,29,47,20,27,16,31,47,13,24,11,10,15,27,33,43,37,16,17,47,33,13,14,18,24,36,33,29,44,19,32,11,47,24,37,36,24,11,32,28,15,41,41,23,24,23,47,43,28,14,29,11,17,41,45,50,47,40,21,15,26,28,10,42,40,45,49,34,37,31,40,45,49,33,21,25,12,47,17,24,28,41,14,16,48,40,28,45,11,19,14,40,26,39,12,36,41,26,32,27,33,17,14,31,39,25,20,20,11,34,12,31,28,40,48,15,47,13,34,11,19,48,42,45,13,36,15,24,11,25,16,43,40,20,37,20,36,25,37,49,33,36,40,16,42,43,46,50,31,16,37,33,16,12,49,38,28,25,26,27,15,46,29,26,26,23,30,20,20,21,48,23,11,42,21,46,15,26,46,30,32,39,18,19,43,30,31,21,13,45,20,17,21,25,12,34,42,12,50,11,44,48,26,49,29,19,19,48,24,21,44,25,47,35,19,32,32,16,17,30,24,38,16,16,41,12,16,32,36,13,26,30,16,45,36,22,50,10,12,13,44,27,35,42,49,16,37,17,24,47,29,35,39,48,15,11
16,36,44,21,24,11,36,30,18,48,21,32,27,39,41,44,18,41,48,17,44,21,25,45,25,35,24,14,49,44,14,48,22,31,46,44,23,36,16,22,33,10,40,17,31,32,30,30,27,29,24,45,20,37,38,34,42,45,32,50,36,17,38,33,34,12,31,45,35,13,49,34,15,22,40,34,29,36,37,21,30,12,28,42,43,25,32,38,22,45,12,36,46,26,20,46,19,29,13,17,20,14,31,15,42,32,29,29,14,37,41,12,47,38,40,18,25,11,15,36,46,20,40,31,14,13,43,35,15,46,40,30,21,22,44,40,29,33,28,39,31,16,32,19,25,10,31,16,24,24,40,13,46,45,28,26,39,33,20,42,48,36,24,25,36,49,15,31,34,45,24,22,19,15,22,12,30,18,41,22,34,15,20,33,49,20,27,13,19,38,48,48,39,37,45,47,42,45,41,33,22,32,13,11,29,27,22,12,36,35,48,25,19,13,50,21,11,29,25,44,30,27,26,32,48,34,29,46,16,46,14,27,24,18,31,14,24,19,19,28,23,18,48,16,13,42,46,30,46,24,14,21,29,24,24,49,45,21,40,28,37,38,14,21,25,38,48,50,31,37,49,37,34,14,39,39,46,44,41,20,38,49,31,36,43,13,27,14,24,37,49,43,17,18,26,14,28,14,41,17
37,26,40,40,28,20,49,35,46,14,13,14,35,48,17,46,11,15,15,15,41,33,33,20,20,40,29,34,11,24,35,34,41,13,48,43,29,48,17,22,24,27,12,48,41,45,48,41,28,17,34,19,11,11,11,27,44,43,37,16,24,33,34,15,27,32,44,30,44,36,11,38,31,24,32,30,44,20,22,45,43,21,14,27,35,40,28,33,29,13,40,23,28,34,23,48,48,36,24,29,39,23,11,26,16,40,43,34,22,17,25,20,41,34,23,41,37,22,26,40,48,22,22,14,23,39,19,35,45,22,24,19,22,33,20,48,20,11,15,30,37,40,46,31,20,22,40,25,14,11,24,37,36,19,18,26,25,20,15,45,41,40,24,40,11,18,33,35,13,17,26,45,28,46,30,47,27,38,32,47,37,12,25,45,22,14,37,26,22,15,37,44,38,29,34,17,12,50,45,26,18,25,50,46,32,27,13,11,11,34,30,28,19,25,28,29,33,11,32,46,43,44,40,39,42,14,12,21,29,13,26,33,33,32,35,24,27,35,36,20,38,42,46,20,44,21,39,40,38,21,14,22,48,21,16,38,15,23,38,16,13,18,30,15,25,38,42,10,42,20,39,13,38,41,46,20,50,13,28,28,25,40,44,41,41,32,18,18,50,22,50,16,21,18,44,31,44,27,27,37
32,32,37,13,25,44,34,33,14,50,32,37,14,23,34,35,24,45,33,37,45,40,43,41,26,25,26,23,30,11,12,35,44,42,43,47,32,18,17,16,16,25,11,39,27,33,23,16,40,12,13,16,41,46,48,38,31,25,49,19,47,38,37,29,44,42,19,15,40,11,46,30,30,28,28,30,18,26,30,11,12,17,35,48,29,18,39,39,23,38,28,38,13,35,27,32,22,50,29,32,41,21,41,44,19,22,45,46,27,23,21,10,46,22,20,24,26,24,41,41,45,44,11,45,46,33,19,23,42,25,41,41,33,37,39,34,43,15,24,40,11,28,31,32,42,25,11,33,22,16,21,13,46,29,18,33,40,16,44,18,41,34,32,30,28,44,40,38,42,32,35,35,10,42,13,38,40,45,48,40,26,26,20,47,32,19,19,28,31,23,35,23,14,45,47,25,19,40,15,17,44,19,31,20,48,11,30,11,35,37,27,17,33,35,22,22,23,36,32,14,32,30,38,28,47,49,23,11,17,13,47,15,27,14,47,44,16,11,45,14,14,26,24,37,48,47,19,28,11,43,15,18,37,24,37,29,16,18,23,17,48,21,48,25,29,49,13,15,29,43,47,46,36,15,49,28,29,14,31,40,17,43,42,28,31,26,25,27,44,43,24,17,29,19,28,31,26,19,15,40
11,16,46,37,36,38,42,50,18,11,22,43,35,43,37,20,35,42,36,22,14,33,12,42,20,35,12,38,15,34,17,22,12,27,49,39,26,14,31,34,17,22,21,27,47,25,30,25,20,22,50,30,44,18,38,46,47,33,14,36,43,19,35,31,26,34,37,32,38,20,38,31,23,15,19,12,43,41,21,27,35,18,27,32,20,29,41,34,13,11,11,22,45,36,32,30,48,13,40,47,19,26,32,37,38,38,50,41,22,24,20,11,45,46,43,49,43,17,33,32,10,11,31,12,33,47,18,46,14,39,22,25,43,24,31,48,40,14,30,49,28,21,40,18,13,38,48,27,42,34,28,33,28,34,42,18,17,33,17,16,46,36,35,15,13,35,20,32,35,28,37,46,32,28,29,23,28,16,47,50,29,34,27,19,38,27,49,16,40,25,43,23,43,49,41,39,12,49,41,38,39,26,19,14,25,17,15,32,12,23,41,30,28,28,21,35,15,44,29,34,48,41,48,13,26,14,15,13,42,34,12,47,12,40,31,19,42,21,25,25,40,26,39,18,30,18,15,34,49,11,21,12,24,28,11,46,49,49,49,44,41,41,14,38,44,41,46,49,41,35,27,18,26,13,44,40,36,35,20,28,22,28,48,44,37,45,49,38,37,48,46,43,33,48,32,31,18,40,18,43
34,39,12,25,16,11,19,47,13,11,36,26,26,45,33,43,44,34,42,34,33,13,38,17,29,24,32,23,33,11,31,29,18,32,37,35,12,39,21,29,40,36,27,12,22,29,33,25,38,15,42,30,48,29,39,26,39,21,26,29,19,22,45,39,20,14,27,21,18,16,13,26,50,39,45,40,36,11,18,49,48,24,47,17,29,28,35,44,46,33,24,28,41,39,14,49,33,30,21,13,34,21,36,11,47,47,14,36,36,42,32,28,46,27,12,21,33,11,36,38,26,19,15,34,27,24,42,18,48,50,34,14,18,14,21,35,44,22,42,27,25,22,34,19,46,15,21,38,48,30,29,32,13,45,16,39,28,46,42,14,46,37,17,28,18,41,28,28,24,46,20,32,41,44,25,44,42,48,40,42,41,34,19,20,17,14,13,16,26,26,37,10,10,35,19,41,13,20,33,30,49,36,44,30,29,49,10,44,23,14,39,28,17,46,29,14,14,13,18,19,26,11,45,37,22,26,48,36,48,37,14,22,29,42,31,14,17,45,38,34,25,37,43,38,41,24,41,11,29,16,46,40,29,23,22,33,38,49,12,16,45,38,15,47,43,36,17,15,12,42,50,40,38,47,35,18,24,26,43,38,20,15,31,25,39,12,22,20,29,44,15,34,36,50,25,39,12,12,30,19
28,41,39,24,25,14,21,44,29,14,26,41,24,41,15,36,47,32,31,24,35,37,29,11,16,27,43,17,11,16,49,29,14,18,31,25,28,39,41,25,20,11,15,26,38,24,26,18,21,13,33,33,22,18,19,45,15,34,15,45,25,16,25,24,38,37,44,30,31,47,38,22,16,15,48,48,23,31,28,37,36,41,39,41,39,40,27,14,28,21,25,47,22,47,36,49,32,10,18,25,42,19,43,18,47,35,17,44,27,47,29,17,44,37,50,38,46,45,13,22,10,14,40,29,33,26,38,16,46,37,28,16,17,31,30,21,28,45,23,16,24,27,22,35,17,15,11,45,39,39,10,40,14,42,36,12,22,19,38,43,34,16,41,38,44,34,34,16,30,11,20,47,46,23,31,13,24,25,15,40,16,47,28,30,24,44,20,20,44,23,32,45,46,45,48,43,13,40,33,22,12,36,40,34,22,33,23,30,24,21,23,21,30,47,48,16,21,31,19,36,41,32,36,30,44,44,43,42,39,20,34,35,27,10,41,37,18,14,39,50,16,25,20,33,40,10,30,41,44,19,38,23,12,42,32,26,18,16,44,47,30,13,16,20,11,47,24,31,24,26,15,29,34,43,23,27,29,29,48,37,25,48,23,41,27,14,30,47,29,32,12,14,43,14,28,46,50,32,17,11
32,21,19,16,22,37,40,32,32,40,20,36,25,36,10,31,49,13,47,20,21,40,21,37,11,35,15,13,23,47,12,36,15,34,28,40,29,38,47,26,31,24,30,45,18,15,30,20,41,32,32,43,38,16,33,49,24,14,47,40,25,16,36,46,23,11,20,16,34,49,38,20,45,36,32,10,19,22,26,24,18,17,48,47,39,10,18,40,13,22,13,46,41,31,38,13,12,41,11,23,45,42,28,43,32,23,34,24,38,28,45,45,45,12,16,13,19,41,18,41,43,17,46,37,46,47,43,30,48,41,27,42,46,11,38,11,24,19,46,47,45,26,25,13,36,40,47,27,28,14,18,45,47,34,25,16,46,30,32,18,22,28,11,46,43,43,11,32,29,10,47,27,36,35,38,21,14,26,30,22,44,23,34,48,20,25,27,24,40,17,45,43,20,41,46,40,40,40,13,45,17,22,24,26,47,42,46,50,31,31,27,17,32,42,47,30,44,47,40,37,33,11,15,47,39,19,41,16,17,26,38,24,33,35,17,13,44,19,28,20,45,31,28,11,15,36,50,10,18,48,49,48,14,45,29,14,18,30,21,35,25,42,16,17,34,35,21,19,43,29,25,16,19,10,17,26,14,20,26,17,18,49,17,14,32,35,24,30,18,29,28,37,34,36,50,39,42,16,48,11
47,48,10,34,26,25,32,17,35,16,10,14,21,25,14,25,33,27,35,24,23,45,23,18,30,25,35,40,40,17,19,34,21,41,45,33,48,37,36,23,21,12,26,46,25,49,40,20,29,12,40,13,43,44,44,37,40,47,35,50,36,49,13,21,18,48,11,35,37,43,46,28,11,45,24,41,16,22,34,35,41,12,31,38,42,16,43,18,21,44,11,41,47,36,42,38,38,31,36,35,10,30,36,12,33,36,40,40,16,12,33,33,34,35,37,14,12,35,41,46,30,46,25,15,18,21,25,19,22,44,35,42,40,38,10,19,41,38,36,32,13,48,22,31,26,36,24,49,31,48,42,11,10,35,35,14,28,21,39,30,19,15,33,28,24,44,36,48,17,45,19,28,34,36,29,13,35,45,43,41,36,49,28,25,37,36,41,39,46,32,28,24,26,30,21,21,32,48,18,50,30,41,44,21,34,44,15,19,12,14,40,27,25,26,35,24,44,43,14,42,30,36,29,18,46,43,37,24,36,41,14,32,44,38,18,24,44,24,28,47,11,48,44,34,15,48,49,47,34,34,40,42,27,16,27,11,35,33,33,31,21,11,26,47,30,17,41,11,11,32,25,36,13,48,21,22,39,43,18,36,23,23,32,39,41,22,38,40,30,35,33,11,21,31,15,48,34,35,40,12
43,47,19,18,16,14,19,31,25,43,25,37,35,13,23,43,42,48,43,41,29,28,15,16,14,34,33,44,42,28,25,45,45,20,41,12,21,35,13,23,47,41,14,43,48,29,31,12,20,23,14,20,14,12,43,21,27,44,36,42,24,12,29,17,39,11,36,15,12,25,43,47,12,30,16,11,29,22,49,43,43,22,48,10,13,33,25,28,14,16,24,26,16,15,28,33,10,20,25,45,15,47,47,42,48,35,40,47,32,39,41,49,13,29,35,21,13,34,38,32,45,33,19,26,31,15,27,19,40,15,49,40,13,49,46,29,48,25,13,29,32,27,12,23,42,41,26,10,27,49,47,31,14,33,45,13,34,18,39,10,23,45,22,21,23,36,27,23,43,43,48,23,12,21,20,31,36,42,17,33,40,36,14,28,29,14,35,45,19,19,14,19,40,24,23,14,15,15,49,15,42,26,23,28,31,17,49,19,16,48,16,31,50,50,43,46,34,11,44,28,32,38,46,44,31,11,29,23,42,36,19,27,15,24,43,42,29,29,22,41,46,14,16,30,34,40,44,26,35,35,11,17,49,12,29,44,37,42,21,29,35,34,38,38,23,40,22,21,43,44,17,41,37,30,28,44,13,30,30,37,38,29,11,46,33,21,49,35,17,18,45,11,20,20,19,37,34,50,14,18
29,26,33,47,44,49,22,34,20,33,33,42,50,19,30,39,26,20,36,30,45,20,16,10,16,32,44,49,38,11,34,33,43,44,38,31,49,31,45,34,42,14,48,34,47,26,43,25,37,47,26,23,30,12,30,49,21,37,17,50,15,50,45,44,46,26,33,44,24,42,14,45,50,34,35,24,20,36,39,22,27,16,46,31,32,43,23,44,43,15,23,30,49,42,13,41,39,27,26,38,44,18,40,15,44,13,38,17,32,18,33,21,15,16,27,29,36,50,38,49,22,40,32,28,21,37,10,20,12,45,32,48,30,17,29,39,37,39,45,38,34,19,11,16,39,17,43,48,30,39,27,44,32,22,28,17,21,34,38,39,33,36,30,41,30,14,25,19,42,15,29,47,35,47,18,40,12,26,13,30,21,12,26,26,42,23,41,40,17,39,13,48,34,21,49,24,29,16,31,42,47,25,47,28,11,13,19,24,26,48,18,38,28,28,13,26,48,38,36,29,15,17,50,31,13,19,26,23,25,17,40,10,48,24,19,21,41,38,29,19,15,36,29,36,24,28,22,49,29,43,20,32,26,21,19,18,43,25,35,20,29,48,14,41,43,20,23,11,17,41,17,46,16,12,42,29,16,37,49,45,25,47,14,23,29,23,16,25,12,20,21,28,13,36,24,11,24,44,21,28
12,34,26,47,11,28,37,32,14,25,24,28,25,21,17,23,32,11,28,20,50,38,23,46,28,39,44,30,40,45,24,18,38,12,28,26,41,11,48,30,48,26,30,40,37,36,31,15,23,46,13,36,14,27,20,35,14,43,35,13,30,34,12,27,39,13,14,47,42,11,36,25,37,41,33,10,20,19,11,20,10,21,47,44,47,24,44,49,28,24,25,17,23,39,40,23,27,40,13,44,43,30,23,12,29,20,14,26,22,17,38,28,27,20,37,28,24,17,39,26,49,31,23,35,35,30,10,20,15,31,23,48,50,26,20,10,17,29,25,41,48,25,38,24,24,32,35,32,37,48,38,20,24,35,44,37,39,39,17,49,47,16,11,42,22,38,17,26,40,40,18,13,39,48,37,47,13,17,32,46,49,20,29,44,20,32,18,35,25,29,16,33,49,24,14,37,20,41,11,29,12,33,19,25,43,22,36,12,42,48,39,18,16,33,42,11,32,21,35,41,37,21,21,34,19,26,44,26,17,27,15,11,40,24,28,38,23,48,50,31,48,26,15,46,10,31,34,49,12,24,22,28,23,28,33,23,34,49,14,39,28,24,26,17,24,29,36,23,10,20,36,11,49,12,12,37,27,29,39,21,13,17,28,27,31,40,26,36,30,12,49,11,12,32,40,20,39,44,44,24
20,27,36,39,49,40,33,41,39,39,43,23,11,37,25,50,49,21,42,28,39,46,35,27,15,36,23,16,16,24,15,42,14,34,22,49,46,24,25,14,43,20,44,48,26,45,47,30,15,31,15,47,24,16,40,50,25,43,32,48,36,30,28,41,32,32,25,48,34,33,31,25,14,12,38,25,28,21,23,45,22,21,43,25,29,28,15,24,11,23,29,26,28,23,22,35,26,20,36,23,20,40,19,30,30,30,46,50,43,18,45,11,32,16,42,22,39,49,17,38,38,50,46,48,27,12,18,11,11,21,10,34,28,31,36,35,39,45,16,30,41,44,40,18,13,34,48,16,49,35,18,42,50,28,43,27,25,33,36,42,46,29,16,13,16,39,22,23,34,25,43,19,37,42,43,49,26,38,17,50,49,48,32,17,27,50,31,30,20,42,39,24,34,23,43,41,46,45,20,47,28,37,18,27,30,33,44,22,13,21,37,36,47,29,15,36,15,42,34,32,47,22,19,30,44,30,17,17,38,42,15,36,18,35,26,43,43,33,14,23,25,36,18,25,38,21,38,26,37,24,14,45,23,16,41,33,24,39,32,21,21,20,40,48,40,15,46,24,40,15,44,29,32,29,12,26,40,39,26,13,41,27,37,26,16,18,45,33,20,19,27,14,22,14,29,21,30,24,44,10
22,16,12,49,33,44,35,31,47,29,29,43,44,19,45,21,23,29,15,39,33,43,21,17,40,26,12,17,34,27,49,41,19,11,22,24,49,26,24,22,45,41,11,25,36,28,19,31,37,31,36,19,49,37,42,40,46,41,39,33,30,24,46,26,47,41,33,19,17,18,14,29,18,42,28,41,39,48,23,13,41,15,21,40,14,18,46,43,49,42,23,12,27,37,13,41,30,24,10,15,47,13,19,19,22,30,30,16,19,14,10,49,35,24,15,17,36,34,38,40,27,21,26,13,43,24,46,48,24,38,38,48,17,19,35,41,43,12,20,13,21,18,33,43,30,46,39,32,26,47,10,22,43,35,25,34,13,19,11,33,40,21,42,34,31,40,22,26,45,47,17,15,27,38,39,17,16,26,28,25,18,34,36,24,37,30,38,42,23,49,31,35,34,40,12,31,18,43,24,21,27,31,12,11,39,35,14,23,24,29,15,28,13,45,24,18,17,21,15,24,16,16,13,16,37,13,32,41,31,13,35,42,13,44,35,14,35,39,12,25,22,16,36,27,48,11,21,18,21,23,15,12,34,16,43,20,38,44,45,29,28,31,29,14,30,42,25,13,12,25,27,45,25,29,46,40,31,45,24,31,23,15,12,49,20,36,19,38,36,43,31,23,36,47,29,14,45,26,25,27
33,21,47,39,47,31,32,18,16,37,45,22,47,24,23,47,42,46,33,37,42,26,40,41,20,11,27,12,15,21,27,23,13,20,34,11,37,24,41,42,27,32,34,19,24,45,13,41,19,24,19,22,18,27,46,41,34,11,20,41,46,11,19,38,35,24,43,22,29,19,31,25,42,26,47,13,22,32,40,39,33,12,18,49,47,30,36,27,40,15,26,40,29,46,43,36,26,24,41,18,40,38,13,37,23,18,22,21,33,21,41,40,47,47,44,43,16,14,22,42,46,49,41,23,33,17,13,42,30,22,39,10,30,45,19,32,45,10,12,40,42,35,33,35,37,23,29,15,46,35,10,22,39,32,31,33,37,24,28,35,30,36,23,38,48,38,41,31,10,14,46,16,20,20,40,17,18,35,25,35,25,12,33,23,30,26,43,20,19,22,25,33,30,45,20,49,46,14,23,17,33,26,49,48,11,16,46,24,32,49,32,12,43,30,42,35,44,36,46,26,27,20,34,14,42,22,33,15,30,15,22,44,17,44,41,28,39,18,42,20,33,24,37,10,19,12,19,46,39,21,24,14,33,48,44,11,30,48,23,42,18,19,30,50,11,17,49,29,48,12,26,16,12,10,41,23,31,20,42,32,18,49,26,22,41,44,27,27,47,40,19,14,32,49,45,12,34,24,16,40
31,43,15,40,12,14,49,16,28,41,29,24,47,26,12,44,12,48,32,49,30,10,19,44,49,42,45,36,17,16,42,41,24,48,26,32,42,21,43,37,41,23,30,12,40,25,21,13,15,42,31,18,33,21,20,16,16,31,19,12,38,20,17,49,41,43,14,15,17,23,16,28,25,36,34,27,11,27,27,47,23,10,30,19,38,35,37,41,39,33,24,27,16,32,39,21,27,14,34,44,23,11,21,19,11,27,11,29,45,48,48,17,41,33,16,38,43,32,36,19,21,16,13,29,43,29,40,18,37,39,40,33,17,45,38,35,27,50,45,47,40,44,43,11,10,14,10,42,44,24,35,39,44,20,44,19,44,47,17,22,15,23,40,20,18,39,45,47,20,26,16,50,16,34,13,23,44,22,33,36,48,18,37,26,24,47,40,29,13,28,30,46,44,48,43,31,42,34,23,43,38,48,49,29,13,29,30,39,17,15,35,21,27,36,43,38,12,16,27,42,20,22,42,17,20,21,27,34,40,20,28,49,32,15,19,37,33,25,49,16,38,15,14,40,25,14,43,38,12,49,25,36,44,47,22,25,42,15,45,28,10,47,41,26,33,32,12,23,42,32,16,15,39,41,49,32,39,44,46,46,26,27,29,13,28,28,49,37,33,48,38,33,30,40,46,24,26,17,15,12
15,27,47,41,35,34,43,43,36,48,32,19,31,47,48,20,35,30,14,23,15,46,44,12,17,23,17,33,32,37,23,28,22,46,44,43,47,37,32,48,44,35,45,11,41,49,24,44,21,36,35,33,14,25,23,14,18,37,32,26,32,27,18,27,13,27,29,47,27,26,31,27,37,24,34,31,10,18,42,41,50,15,35,33,37,15,45,39,15,11,15,31,22,22,25,36,27,48,10,22,38,49,40,47,46,32,48,45,48,49,36,40,15,20,29,16,12,45,40,37,49,29,28,36,25,17,48,16,38,37,45,37,28,39,50,27,43,39,39,19,29,32,47,10,40,29,30,28,43,37,21,19,32,28,30,19,24,29,25,42,46,44,14,22,40,35,45,31,49,23,33,26,25,45,41,49,37,33,37,46,36,32,40,40,32,38,25,48,33,44,18,40,13,42,48,36,37,44,26,46,39,26,24,27,12,37,24,47,46,21,42,23,16,22,22,15,27,47,22,37,17,35,16,39,16,27,20,47,31,45,11,21,39,43,43,37,13,44,20,22,39,17,34,33,19,39,25,28,12,17,33,23,37,33,17,27,43,29,48,25,45,33,49,42,47,17,20,28,12,43,14,19,42,22,44,23,11,25,20,21,12,19,27,34,45,48,47,34,14,15,22,20,20,45,46,12,31,44,28,41
29,24,32,34,47,30,27,21,14,34,18,22,36,16,30,11,34,29,16,46,22,24,22,30,21,41,40,32,37,11,40,20,24,26,33,29,29,14,14,24,22,47,45,47,46,23,40,15,45,20,21,21,19,39,28,13,37,46,48,31,20,37,18,44,33,45,36,14,27,38,29,37,33,18,18,26,30,31,17,23,19,38,23,16,39,27,27,23,31,36,22,43,19,40,32,28,23,20,31,41,36,43,34,15,43,16,42,10,48,29,27,30,44,31,24,32,29,48,43,19,19,23,22,35,25,46,38,17,48,41,27,43,37,31,38,20,16,22,12,48,44,12,31,17,37,40,44,31,42,44,22,43,29,24,20,31,35,14,22,32,27,14,42,31,39,32,33,49,32,36,20,12,22,29,16,48,39,46,24,26,20,44,31,41,13,48,47,44,26,12,46,33,37,27,19,25,19,33,15,37,30,13,25,23,21,28,32,21,19,14,44,32,28,35,30,15,44,37,38,20,15,29,27,23,29,41,13,21,48,45,48,48,30,34,21,44,34,19,27,45,29,20,26,17,49,29,10,29,21,45,26,26,31,30,40,29,11,17,21,20,27,28,16,37,46,10,35,42,34,47,25,35,28,21,26,30,12,39,43,29,20,27,12,14,36,21,37,47,18,15,43,30,46,40,20,24,10,12,48,16
14,27,41,34,39,25,44,11,44,35,42,33,46,21,33,24,41,45,12,50,47,48,29,45,10,27,40,14,41,34,33,28,36,21,26,13,23,23,30,15,42,15,13,40,24,50,43,32,14,45,17,39,13,37,44,19,21,42,24,12,40,13,36,22,24,31,21,43,19,35,34,17,16,27,22,31,39,47,11,42,31,23,23,37,22,34,23,44,44,20,35,41,36,19,13,43,34,40,49,19,34,45,14,24,26,23,40,28,16,48,30,40,32,26,19,37,41,32,48,44,25,33,17,48,21,37,28,49,16,12,49,25,48,14,49,35,22,33,31,49,32,49,17,40,17,28,33,34,36,17,19,18,14,47,19,28,43,27,39,19,41,40,40,35,16,11,21,27,49,41,15,39,41,37,28,13,12,45,31,27,40,16,49,49,49,28,15,20,44,26,31,12,48,12,30,41,32,15,11,21,31,14,33,25,45,36,12,42,18,40,37,46,41,42,49,39,43,45,29,37,43,45,47,28,41,46,21,23,41,25,12,37,42,32,43,20,14,25,12,13,28,16,29,26,15,48,34,10,43,30,40,22,12,24,33,45,24,50,34,15,46,46,49,22,31,40,25,27,43,20,13,25,29,25,30,40,45,13,21,12,45,37,11,49,19,30,12,28,26,31,36,46,22,31,39,47,49,49,42,25
11,18,33,21,17,13,23,19,48,24,38,13,47,37,40,41,49,28,27,38,16,40,17,28,13,13,23,38,11,46,20,34,46,17,11,24,29,11,37,43,16,11,19,16,43,44,38,49,11,18,39,23,43,37,25,39,46,30,39,31,35,25,47,30,40,45,17,17,24,18,34,29,20,29,31,40,24,48,32,40,17,23,49,29,45,44,27,13,29,25,14,42,20,19,12,21,39,16,26,34,50,29,34,26,20,17,17,43,22,38,39,15,40,18,23,17,11,49,46,10,44,29,21,47,45,17,33,12,28,26,28,46,47,24,18,45,25,33,44,45,46,36,50,27,21,21,43,32,14,13,44,11,26,22,18,44,11,22,42,15,24,46,10,42,40,22,24,44,13,40,21,40,20,20,38,37,29,49,24,23,48,23,43,31,29,41,45,24,35,36,45,47,20,47,13,32,43,39,25,42,19,31,14,37,46,28,23,19,40,20,23,19,46,36,33,40,33,21,41,41,14,41,11,12,43,16,44,14,48,40,21,44,16,47,29,14,40,25,38,11,35,46,27,13,39,32,32,24,33,18,24,13,21,32,49,48,14,26,31,30,38,44,48,32,49,35,35,41,38,11,15,38,45,31,26,24,49,10,17,13,28,22,24,41,23,35,38,46,36,39,28,47,10,36,25,46,36,17,22,12
32,43,32,16,24,47,36,11,32,31,30,46,11,30,21,17,24,36,22,43,27,13,15,35,28,19,37,46,38,27,28,48,28,33,29,32,33,15,24,21,28,34,28,36,50,34,19,33,42,20,37,32,26,46,39,11,13,45,24,20,33,24,20,35,13,29,20,17,10,31,20,44,40,39,29,22,15,20,23,35,28,14,35,39,30,14,16,44,42,39,13,41,27,34,42,45,49,43,30,29,24,30,40,26,42,20,13,46,20,30,50,12,23,11,33,29,39,39,41,49,21,17,48,25,41,36,41,21,34,29,50,46,20,30,20,31,31,11,29,44,31,45,29,25,14,34,28,39,29,20,42,17,19,16,50,18,28,24,31,40,50,42,26,17,17,35,40,11,34,23,16,10,21,42,15,14,34,46,31,11,30,30,43,38,24,22,35,44,11,23,22,12,18,47,34,37,28,37,35,37,42,11,28,12,36,10,34,39,12,33,13,13,42,21,41,18,18,35,46,33,26,29,47,50,49,23,19,29,48,13,34,47,17,34,27,25,36,37,16,41,35,23,18,34,35,19,46,38,28,15,30,16,21,21,21,43,50,23,14,32,33,16,42,20,39,32,50,17,46,12,40,25,19,10,31,29,49,46,27,12,36,50,25,39,30,38,11,35,19,17,26,21,44,29,32,36,25,22,15,45
44,40,40,44,14,32,27,48,48,46,10,33,35,45,17,19,21,25,17,44,31,39,19,38,39,27,23,35,31,14,30,33,14,27,44,50,21,43,14,18,26,48,26,18,45,16,46,11,39,23,22,35,26,28,23,29,50,35,26,37,35,25,45,38,19,38,15,28,30,21,26,34,26,12,18,48,47,22,16,17,43,30,20,44,48,47,40,50,49,11,21,46,35,16,36,43,41,25,19,18,20,11,28,23,16,39,39,18,13,42,45,29,40,49,16,19,23,11,36,12,39,23,36,41,34,45,36,11,32,47,45,19,35,28,41,20,19,16,11,19,46,27,32,32,11,29,38,29,35,40,31,32,25,31,13,21,47,43,43,50,18,45,30,12,33,32,14,48,27,43,25,31,47,43,16,21,40,44,16,14,45,14,13,36,41,39,48,49,20,12,45,19,38,21,28,20,18,30,47,35,23,44,15,47,47,38,21,18,36,36,33,15,41,14,17,19,25,48,11,24,31,29,22,20,37,48,27,37,37,15,38,35,25,47,32,24,34,20,26,19,39,14,32,50,38,26,49,26,22,42,49,26,27,16,15,43,24,47,17,30,40,36,41,12,42,44,19,18,18,20,31,11,44,29,40,45,33,43,30,26,23,49,31,21,18,37,35,29,35,37,45,33,24,14,29,25,49,46,31,49
22,18,39,42,40,16,44,23,15,40,14,46,23,42,16,44,42,41,28,18,32,42,50,14,27,29,16,31,42,37,45,23,29,14,31,32,14,43,15,35,10,31,19,21,12,21,38,22,33,34,16,29,18,24,36,44,35,42,28,23,47,49,36,15,31,33,11,47,11,18,28,40,31,15,19,23,15,15,35,39,39,33,29,47,13,33,26,40,41,23,42,41,39,46,29,34,34,43,37,18,49,49,17,18,44,20,38,15,36,29,25,18,32,47,14,29,27,39,29,39,26,36,36,31,23,40,26,17,37,28,34,31,35,25,18,36,39,12,30,21,24,15,23,29,46,20,25,33,45,26,48,48,10,44,22,35,25,27,19,46,43,40,28,48,31,50,21,23,22,47,49,23,27,13,44,13,35,46,18,28,28,15,33,13,41,12,29,14,35,40,14,34,12,31,34,13,41,17,34,31,39,14,40,38,25,41,28,38,50,15,49,21,38,15,43,27,30,18,36,18,17,22,17,38,35,15,34,33,23,20,39,17,16,40,49,43,27,19,22,49,28,21,40,33,41,49,11,40,28,35,47,34,29,28,13,32,18,38,18,27,43,20,49,31,17,18,33,28,32,19,38,32,35,37,12,42,44,21,43,27,33,27,38,49,45,19,29,33,20,21,37,42,28,18,23,34,33,40,14,19
