The number of jobs:
1500

The number of machines:
10


The power of each machine at differnt speed levers:

(where rows denote machines: 1 to 10 and columns denote speeds levels: v1 to v4)


12,17,31,43
5,15,32,45
12,24,33,40
11,16,32,45
19,25,34,44
19,25,37,45
5,24,32,44
11,20,36,44
19,28,36,45
11,20,25,44

The basic processing time of jobs processed on different machines:
(where rows denote machines: 1 to 10 and columns denote jobs: 1 to 1500)
29,36,17,25,40,37,49,42,21,14,31,25,36,33,43,47,20,24,11,27,32,15,33,36,14,33,19,23,22,37,12,17,47,31,12,10,41,49,31,44,25,17,48,22,46,28,33,43,30,47,33,16,39,22,50,41,15,39,10,28,27,27,43,47,44,46,43,15,38,36,26,21,48,13,38,48,45,30,39,45,18,42,21,19,33,31,33,48,28,18,12,35,45,41,32,41,15,12,15,46,26,18,29,31,34,18,44,48,19,24,20,49,25,34,42,30,25,40,45,15,30,18,16,25,16,46,46,20,26,21,38,19,43,20,34,25,42,17,30,32,28,38,42,28,24,41,32,50,14,42,26,17,20,19,12,21,33,36,23,39,28,19,17,41,48,19,44,48,47,13,43,34,43,32,36,37,18,14,19,33,18,43,38,31,42,23,16,42,36,22,25,31,42,17,20,39,31,14,20,37,44,45,32,24,18,49,39,45,30,29,34,46,13,20,20,41,30,49,46,40,38,21,35,43,39,29,26,20,39,27,48,42,42,14,35,34,19,41,39,13,36,13,29,47,36,12,15,13,39,38,43,38,37,22,27,10,14,48,37,41,12,46,34,46,35,25,30,29,49,32,30,17,17,28,43,32,24,47,13,42,34,38,19,15,45,48,40,25,47,49,25,22,28,19,45,34,35,19,39,11,20,42,45,41,19,13,43,11,21,11,39,28,24,47,41,36,10,19,17,35,21,14,23,48,25,15,19,29,23,42,28,49,27,13,40,33,19,38,31,21,13,23,30,24,25,24,25,26,43,34,42,48,49,27,46,22,22,49,47,32,38,45,27,28,14,14,11,12,30,29,41,36,31,46,38,41,28,24,21,43,20,37,26,50,49,50,34,30,36,43,25,16,36,30,42,18,24,24,12,40,44,26,37,30,19,26,36,34,15,49,26,11,28,34,48,24,13,47,23,45,26,35,35,36,26,22,27,36,24,39,41,44,46,18,25,35,36,19,21,28,22,23,22,32,50,21,49,49,14,22,10,19,21,30,34,11,35,23,39,39,19,36,47,15,13,40,32,30,50,38,22,48,40,50,41,10,24,48,15,48,41,29,17,11,31,15,45,32,15,45,34,29,18,25,11,18,33,34,12,17,21,16,23,45,29,17,25,24,29,23,12,40,40,43,41,21,47,30,39,44,28,25,24,15,36,12,42,21,18,26,39,12,48,35,11,36,12,29,22,15,26,26,17,37,35,34,32,13,46,45,14,42,12,25,21,19,32,36,23,38,35,13,26,22,43,11,29,12,26,42,39,22,34,44,11,26,11,42,13,13,49,32,50,43,35,34,48,35,30,20,14,14,48,25,44,35,11,29,22,29,27,30,45,16,44,16,47,21,37,23,31,10,24,13,25,35,44,11,49,34,33,30,16,40,43,39,12,23,39,38,36,25,39,32,30,41,42,48,24,45,43,27,11,11,47,23,31,17,37,33,32,11,21,50,42,16,20,10,18,13,24,19,48,25,48,14,38,36,49,19,18,45,30,38,31,36,22,22,25,30,25,39,44,22,13,43,45,43,30,16,12,22,21,23,27,13,14,43,21,13,21,47,25,45,21,44,15,24,12,38,12,37,23,28,24,38,48,35,28,35,39,39,15,42,47,22,43,47,21,38,17,41,45,33,40,36,28,36,33,29,11,47,17,22,35,37,28,46,46,28,23,14,49,35,25,17,12,49,33,20,30,14,47,28,44,49,33,49,48,20,20,44,44,25,19,11,19,17,13,40,14,13,44,18,49,16,40,49,20,38,39,47,21,30,40,34,16,17,31,34,40,23,14,10,36,24,49,37,30,38,49,28,15,29,19,19,43,40,45,18,10,48,33,41,17,40,15,12,22,34,15,11,14,19,21,10,31,48,32,18,40,40,45,14,39,36,26,33,38,25,15,43,11,33,11,40,17,19,18,42,45,45,45,17,28,47,11,28,31,24,43,37,31,30,49,29,16,44,41,11,26,43,38,28,23,35,38,34,32,46,36,28,35,24,36,45,37,43,46,28,18,18,10,16,34,39,48,29,20,30,35,32,43,45,15,45,29,19,47,22,22,25,44,41,49,37,31,11,28,23,37,34,32,33,24,22,38,33,27,49,33,21,37,18,50,18,23,22,27,23,23,35,48,27,46,44,18,45,20,19,28,11,20,34,31,40,27,29,24,40,29,13,28,29,39,39,48,42,15,44,48,42,13,17,11,30,28,12,49,32,24,29,50,39,22,18,43,30,27,25,43,13,45,28,32,10,36,24,34,31,32,30,24,25,16,23,23,32,28,47,33,48,44,29,12,24,29,48,13,25,30,20,11,11,31,31,22,16,17,36,15,16,31,40,48,39,21,14,37,20,25,39,18,29,18,14,38,46,49,16,43,46,37,49,31,47,25,18,29,16,29,13,20,12,22,25,35,15,39,22,44,18,42,39,27,16,37,46,45,26,23,38,39,46,14,46,24,39,48,36,28,32,13,36,16,15,33,26,19,46,28,39,37,28,49,37,40,47,33,48,13,40,43,16,47,34,23,43,27,18,14,14,19,39,43,39,49,42,12,46,23,16,14,30,30,44,37,12,40,26,50,41,37,46,31,13,38,43,18,38,20,38,17,43,33,40,20,39,27,47,25,40,30,25,19,24,21,19,36,34,39,34,43,17,12,17,34,11,13,27,41,43,18,49,42,45,15,31,11,43,33,23,18,25,46,37,35,46,46,45,41,39,39,49,41,16,26,42,36,25,29,19,47,40,42,40,50,40,20,30,25,31,39,31,20,31,41,49,47,36,34,43,49,43,32,39,31,44,18,33,22,33,50,39,37,36,17,47,11,47,14,29,17,10,38,18,32,48,34,39,33,36,43,50,36,28,26,15,36,42,29,39,35,50,35,17,34,42,33,27,27,29,29,44,14,50,50,17,24,17,31,30,30,47,11,24,31,19,50,31,42,47,44,20,47,33,14,18,41,36,22,14,44,31,14,32,46,25,17,28,32,47,26,27,44,25,12,35,28,14,45,18,25,13,20,32,38,44,32,20,33,22,45,15,11,15,47,17,36,23,33,15,39,25,42,27,10,32,41,33,34,11,11,23,46,27,49,10,23,37,14,20,39,41,14,47,42,21,11,29,13,44,31,33,45,50,34,27,13,23,43,12,45,40,24,17,35,42,43,27,13,27,34,39,24,42,19,37,28,48,19,15,40,43,48,32,36,41,20,19,22,37,28,24,26,43,44,27,37,49,22,21,35,16,15,12,27,23,48,26,41,18,11,35,16,44,47,23,12,25,11,30,42,20,38,29,43,34,46,38,19,32,18,49,46,42,27,31,38,15,26,15,41,30,47,31,29,27,32,44,18,37,34,18,34,20,19,38,50,36
19,46,50,49,28,12,20,17,39,44,31,46,36,20,37,43,17,40,10,16,49,40,37,29,41,21,48,35,39,50,13,38,50,22,41,37,43,33,22,20,46,27,17,35,15,43,14,38,18,17,39,46,28,26,26,28,26,24,37,50,19,23,17,24,21,36,42,14,36,24,47,33,31,29,14,32,20,16,15,26,15,37,16,33,37,30,10,39,46,40,38,28,17,25,48,41,17,18,34,23,20,37,12,21,40,22,17,21,19,11,19,41,42,16,30,26,48,12,27,20,22,40,40,27,10,46,42,34,15,25,15,42,35,36,32,37,15,23,43,22,32,46,43,41,26,18,18,25,36,46,14,28,12,18,25,46,37,48,38,42,40,35,35,35,24,14,23,11,27,29,43,44,24,37,38,16,45,16,35,21,49,27,12,49,42,27,40,29,42,20,37,20,11,24,29,44,21,21,35,33,24,18,35,41,40,39,13,39,36,21,10,21,46,43,23,41,16,30,32,30,15,27,39,13,37,33,17,46,30,37,12,16,26,33,36,21,13,29,26,36,16,43,50,34,23,11,38,22,28,45,12,35,42,50,35,21,35,12,45,15,33,23,10,30,42,40,16,18,35,35,29,12,41,47,26,48,33,39,14,11,12,42,31,34,18,39,47,36,27,29,14,22,50,47,19,16,13,41,16,31,50,27,27,15,45,19,12,49,22,23,44,37,50,31,43,32,27,16,11,43,27,43,31,25,11,22,49,46,44,44,28,19,45,31,13,21,34,41,24,32,10,25,31,23,41,44,25,30,30,34,27,48,39,27,46,47,28,13,19,10,49,36,44,17,10,18,48,39,35,25,28,30,18,21,49,14,37,40,43,18,48,16,26,46,48,17,40,39,12,48,27,18,35,13,15,45,41,42,45,11,22,40,19,42,13,37,35,40,40,27,16,16,46,37,40,34,46,29,12,40,39,31,13,15,38,10,42,48,38,32,13,41,49,42,27,34,14,39,13,42,46,46,39,34,20,40,39,22,30,14,20,46,29,20,21,39,34,46,17,21,11,30,38,29,30,33,20,35,25,20,43,36,31,48,48,18,28,30,12,49,34,33,32,23,40,12,44,11,20,43,33,36,42,12,35,49,32,21,24,25,42,28,34,18,19,45,28,43,39,14,23,26,35,38,43,32,14,44,12,33,44,40,31,44,27,37,46,14,24,31,36,15,22,16,11,15,37,48,44,49,15,32,49,25,38,22,33,30,43,21,46,45,35,45,12,17,24,32,14,24,45,46,37,19,10,42,19,19,45,27,24,49,33,42,29,17,48,43,49,48,50,19,30,16,14,22,23,36,15,41,42,31,44,47,30,17,25,42,32,32,33,12,22,39,41,15,39,39,23,45,50,44,49,19,21,26,44,12,25,48,22,39,26,27,43,10,49,26,46,50,12,24,44,49,11,18,21,24,19,29,35,40,41,25,21,40,29,33,12,15,24,40,17,19,49,23,46,30,26,24,19,49,21,24,23,12,23,47,40,36,42,25,20,49,32,19,19,38,40,23,10,35,31,48,45,20,43,20,48,49,31,15,31,30,35,37,21,15,22,12,26,36,15,47,40,28,13,48,23,24,38,36,13,36,19,42,12,36,47,43,27,24,46,28,24,26,40,43,38,24,11,25,16,34,47,38,11,41,47,41,21,49,15,16,13,46,46,34,22,20,29,36,21,18,42,11,31,13,47,39,13,37,27,25,27,34,34,41,18,14,35,15,35,21,17,26,18,19,33,34,38,30,17,29,19,18,41,37,30,12,49,18,30,15,17,44,40,42,11,36,49,19,32,33,47,20,16,21,42,36,50,47,39,42,32,24,31,45,16,20,17,23,48,47,27,26,37,16,22,45,47,33,16,19,47,16,11,40,19,17,35,26,45,11,43,28,16,26,11,41,14,35,13,15,19,30,22,27,40,25,38,49,23,44,49,18,26,38,29,46,46,23,18,42,49,14,19,37,30,28,10,33,45,34,33,35,20,11,38,32,33,33,21,31,22,27,45,11,33,38,49,42,15,18,42,17,14,38,43,35,22,20,24,48,11,25,30,36,10,47,35,44,25,34,19,40,47,20,38,47,30,14,13,13,20,27,22,37,11,19,16,34,11,36,44,12,11,38,39,12,12,32,36,19,24,28,42,37,20,37,18,20,28,21,36,21,36,42,36,34,19,30,24,32,24,26,41,36,26,45,48,15,45,31,35,26,50,37,33,14,38,15,15,15,16,36,22,30,19,42,48,10,14,29,30,12,36,14,34,31,13,19,24,34,48,21,32,15,17,35,42,32,49,34,27,27,33,14,29,41,33,41,22,31,14,35,25,14,22,31,33,32,10,43,10,19,26,39,39,46,20,38,17,34,47,50,38,47,13,34,43,31,28,18,38,32,27,22,19,17,48,34,48,12,34,48,19,22,28,37,16,23,37,41,49,30,24,32,47,27,44,41,21,27,46,50,48,46,17,12,26,18,22,33,33,49,31,27,11,40,37,27,31,12,46,48,36,19,33,37,44,34,29,31,36,28,27,12,46,46,12,39,15,25,30,42,30,36,46,31,22,36,49,16,35,10,18,41,45,25,32,28,12,32,29,36,16,26,45,19,47,50,40,23,50,22,43,42,14,40,20,26,45,47,34,49,22,16,37,24,22,33,25,38,21,24,44,48,23,43,49,13,40,21,34,43,15,22,14,15,13,19,24,45,22,24,30,13,23,45,15,23,16,23,42,11,40,22,39,41,31,12,16,23,16,41,22,41,36,35,33,43,26,29,17,29,32,38,30,37,43,46,43,26,44,13,17,36,45,22,47,20,28,49,43,40,38,35,30,43,29,49,43,39,50,32,18,15,49,16,16,34,48,17,19,23,48,44,24,32,21,34,27,47,27,10,41,50,11,42,44,37,44,42,33,31,15,34,42,21,48,21,45,19,32,18,38,33,40,37,29,43,21,44,33,16,37,25,41,41,14,32,38,23,44,39,12,45,19,17,19,39,30,44,44,40,38,26,14,15,15,33,26,38,40,18,29,20,18,27,42,25,28,18,23,45,45,48,39,26,35,24,36,12,48,18,12,38,38,42,32,28,10,34,14,49,41,30,38,30,14,32,15,45,27,22,32,37,39,42,29,14,48,14,34,48,27,41,19,18,34,12,26,50,44,39,39,18,36,27,25,12,44,17,14,24,48,22,18,48,16,13,43,47,49,43,31,41,19,32,42,24,23,33,23,48,30,26,22,46,40,25,34,21,41,48,22,17,46,41,33,15,43,19,23,28,30,39,37,40,22,44,22,24,38,32,16,32,37,48,28,17,33,30,24,26,43,22,15,49,44,21,39,41,13,19,37,14,20,25,15,26,20,40,20,12,21,30,10,42
41,47,46,23,29,44,35,26,13,39,19,45,50,28,12,26,33,39,33,25,11,24,46,48,30,11,17,37,31,22,36,35,50,19,20,19,21,41,33,18,20,35,20,27,40,43,29,14,33,24,20,49,38,22,21,12,21,49,14,24,34,23,49,21,47,39,32,22,21,31,42,35,41,39,38,25,47,13,25,24,25,19,19,24,23,24,23,39,36,17,13,45,16,27,34,39,40,25,41,12,23,24,21,22,20,36,27,16,29,22,36,47,16,25,49,15,33,33,31,14,41,11,40,22,16,45,11,14,32,21,42,42,37,28,46,28,13,34,44,41,20,16,18,16,11,24,27,36,19,49,17,49,38,41,18,23,38,15,16,32,11,28,45,40,16,22,15,37,28,12,18,18,49,15,39,15,44,11,43,26,33,20,37,35,27,18,46,50,39,43,47,20,48,11,41,27,18,12,38,33,17,41,41,21,45,25,11,22,40,17,39,18,23,37,15,49,25,26,50,19,42,30,43,21,33,20,35,42,23,25,46,20,45,22,39,27,23,34,39,16,48,17,15,30,22,40,31,25,16,28,24,13,48,49,41,40,37,23,17,41,16,34,48,22,25,25,25,40,40,15,34,24,44,34,36,50,13,19,15,47,29,28,46,16,36,19,23,13,32,16,16,42,46,16,22,44,37,34,20,19,13,15,49,26,49,28,37,37,14,39,43,25,23,33,36,21,49,21,24,16,14,45,45,31,46,23,14,45,17,42,12,28,14,15,11,15,26,14,27,34,14,14,47,41,16,22,18,17,11,41,27,19,19,36,26,17,17,17,40,31,47,43,30,41,27,13,41,43,24,17,12,17,38,28,11,41,35,18,38,38,23,12,16,30,34,23,37,46,17,22,34,18,14,46,25,23,42,19,10,23,38,45,15,37,47,33,20,18,11,14,13,40,40,37,50,45,49,31,29,19,11,35,20,17,29,28,42,23,11,31,45,22,34,45,43,35,19,36,34,22,34,20,16,45,40,11,32,27,36,11,49,41,32,41,20,40,37,32,25,28,35,50,50,44,35,42,41,41,18,30,21,20,43,40,11,27,43,26,21,42,40,23,36,37,17,12,27,16,28,11,33,12,37,32,33,33,28,19,17,12,19,27,30,21,26,33,11,26,39,33,42,14,12,35,13,33,25,15,45,45,24,30,42,22,23,13,48,36,35,47,33,43,11,25,31,40,29,36,23,42,20,24,10,17,35,48,44,11,27,44,28,40,32,29,33,47,26,47,10,33,19,15,47,40,25,29,17,17,14,47,33,21,44,37,42,31,20,45,29,25,49,41,38,37,28,26,19,32,21,20,16,11,42,20,38,36,23,18,13,20,45,40,19,44,38,22,46,46,13,20,37,27,46,39,46,20,12,29,34,15,44,44,33,46,39,26,28,26,27,41,15,18,39,32,28,25,48,30,15,39,21,35,17,11,49,44,28,18,11,10,42,36,48,47,28,31,17,20,39,28,13,41,50,28,34,27,28,19,44,31,31,35,12,29,41,23,11,25,18,28,27,11,36,19,39,29,40,26,29,32,29,24,29,40,29,48,20,18,11,47,13,14,42,47,39,11,38,41,24,28,49,38,19,14,25,34,13,36,22,19,15,29,41,39,39,40,27,44,24,17,27,14,42,17,31,19,34,49,18,22,37,15,13,16,30,45,49,43,28,15,49,49,29,29,15,48,28,36,47,29,35,15,14,18,46,20,36,36,45,47,28,29,48,31,44,44,16,49,12,45,33,47,33,41,47,32,46,15,48,45,32,46,32,38,21,21,24,40,38,15,12,31,25,17,39,27,41,42,24,15,20,34,33,24,37,31,29,32,16,12,20,44,38,31,20,14,39,43,24,39,14,26,25,25,14,18,27,23,36,16,20,24,18,13,20,33,47,24,23,41,49,36,26,48,50,44,42,27,24,32,25,22,14,26,43,38,40,46,34,38,39,25,49,33,12,15,21,37,23,50,49,47,43,22,36,41,28,12,35,23,21,48,26,14,38,10,21,37,40,36,21,18,13,42,22,22,13,15,16,47,27,23,47,18,49,19,13,34,36,49,41,28,45,24,45,14,18,29,46,38,17,40,27,32,18,29,23,38,37,45,48,30,22,34,44,23,24,20,16,26,22,49,42,44,28,20,34,13,41,32,41,12,13,12,38,37,30,17,48,42,19,45,23,45,20,33,24,41,32,36,21,20,37,32,38,21,40,28,32,45,50,29,21,16,11,41,11,48,27,18,15,14,35,14,39,18,31,28,21,11,30,47,25,21,23,18,31,22,41,11,23,27,46,38,37,41,10,40,17,18,30,28,21,29,22,14,30,20,41,11,48,20,44,34,49,10,23,22,11,19,39,41,18,13,43,16,18,20,45,37,34,25,29,31,34,47,24,43,33,26,45,20,23,23,38,25,12,30,38,46,28,49,43,20,46,15,44,24,12,37,32,28,11,47,17,12,14,41,43,14,15,41,34,32,37,49,12,30,37,12,24,22,24,34,42,18,35,47,20,24,37,26,44,26,18,48,31,10,20,14,12,12,11,16,48,28,38,14,40,37,43,49,35,39,30,27,15,33,33,48,46,39,28,13,20,23,35,18,41,25,45,24,40,47,16,33,47,30,29,48,28,22,32,28,10,47,14,21,41,40,28,26,35,27,32,37,16,36,46,40,40,15,13,10,26,48,26,42,43,45,27,11,18,14,23,33,47,37,47,47,11,41,45,38,34,13,40,14,35,27,33,47,20,15,14,37,48,43,17,23,47,46,15,36,37,33,32,17,44,30,27,26,34,43,46,41,34,47,11,35,39,34,12,21,17,13,28,45,36,35,24,42,12,32,40,33,39,31,50,42,26,20,48,14,37,39,17,45,22,37,23,39,48,32,43,14,21,47,31,27,15,11,42,30,39,44,46,47,40,40,16,50,45,31,31,26,12,44,23,29,27,15,27,12,43,25,21,13,42,45,16,38,24,16,46,22,13,15,24,20,31,31,41,35,17,20,43,13,13,26,48,24,41,41,29,24,22,25,38,36,13,27,37,39,44,39,38,17,42,13,42,23,26,33,35,25,44,30,44,37,11,16,20,24,19,15,22,38,22,31,38,18,13,32,40,14,35,19,27,24,31,22,48,42,45,12,30,16,22,49,34,13,45,43,13,47,13,25,27,15,15,12,40,44,40,30,46,41,32,16,26,40,32,25,50,37,28,24,41,15,33,11,46,41,20,24,49,47,29,24,15,40,41,49,18,44,21,18,41,18,33,33,27,28,44,28,45,41,42,32,47,43,24,39,23,36,13,32,34,40,33,16,34,31,49,42,34,46,41,20,36,46,16,24,16,12,33,37,12,48,47,13,13,37,14,49,15,43,48,45
14,30,43,34,10,47,29,30,11,19,32,47,26,50,46,27,41,40,12,24,13,23,15,43,16,10,13,49,21,12,21,40,17,21,17,47,46,47,44,20,19,44,24,29,12,32,38,23,49,22,15,46,13,49,36,29,38,22,38,16,39,28,42,16,14,44,25,18,36,18,23,24,31,10,12,13,31,27,33,40,42,17,40,41,28,47,47,44,24,30,36,30,37,47,13,50,49,28,21,21,18,37,50,37,36,28,34,12,44,36,22,30,45,49,23,14,16,22,20,28,31,30,26,24,29,48,29,28,22,18,15,47,29,16,30,22,31,38,20,42,17,18,16,17,47,28,30,20,19,34,50,44,35,46,34,15,41,23,15,24,34,25,25,45,28,46,49,13,34,19,12,42,25,49,44,13,43,20,25,14,28,16,32,24,36,25,41,32,12,40,18,23,34,17,24,16,46,36,22,38,44,35,46,49,43,38,15,34,36,48,37,26,45,14,41,16,35,37,25,28,39,19,18,14,17,36,34,27,17,27,18,47,30,14,23,26,14,28,44,48,23,47,18,33,32,21,39,23,32,46,45,35,47,13,44,32,44,12,32,48,39,21,30,32,33,22,48,36,19,48,20,12,11,33,38,48,34,17,27,34,10,41,44,22,39,27,38,38,42,27,18,12,45,40,48,12,34,31,27,49,12,35,22,21,13,10,38,26,13,28,46,11,41,12,18,41,32,44,31,46,19,16,36,26,10,12,46,40,28,22,47,50,22,26,22,44,13,41,47,48,43,47,32,11,33,22,11,15,40,39,35,23,45,27,24,33,48,24,37,32,48,28,16,17,23,50,11,13,30,34,50,43,48,21,10,22,27,15,48,49,27,28,15,27,37,39,31,49,49,20,49,30,35,41,18,45,20,14,26,42,44,11,11,32,19,17,28,32,48,46,39,27,47,26,38,44,15,39,36,31,20,38,14,50,38,19,47,42,38,36,29,25,37,12,22,11,30,12,48,22,35,24,26,17,44,18,32,44,41,37,11,44,32,34,35,49,48,42,32,21,45,33,13,41,14,35,20,31,49,46,21,42,46,33,48,34,48,47,34,15,34,27,10,19,18,35,29,22,16,15,33,40,45,16,24,27,28,25,50,18,41,12,43,34,14,37,22,38,30,44,16,39,28,11,41,37,48,21,43,38,17,14,29,17,34,29,43,23,31,18,24,46,42,36,22,42,37,21,17,50,14,25,30,27,39,36,39,26,13,40,23,15,23,49,29,15,44,12,18,40,33,22,18,21,35,44,43,20,18,40,30,43,38,15,49,24,25,23,31,21,18,14,35,45,30,26,12,49,36,21,36,47,43,17,37,41,24,21,37,29,25,29,49,25,39,20,19,17,45,42,48,34,49,21,16,28,38,11,28,35,26,20,47,29,16,41,45,38,20,18,13,31,36,50,19,11,21,26,42,34,16,13,32,14,49,46,28,21,16,28,20,37,22,16,36,43,27,12,43,21,36,42,45,39,48,48,27,18,16,19,13,23,36,23,14,46,16,25,49,43,29,48,22,20,12,42,10,24,30,42,37,38,48,41,11,41,50,46,23,30,15,14,25,35,38,45,47,34,21,23,43,33,26,18,29,46,11,33,42,33,17,15,11,14,22,37,38,41,23,16,41,32,14,24,38,26,30,42,42,30,23,27,38,39,45,45,30,45,35,41,34,42,47,16,29,32,43,46,27,18,40,42,40,16,14,32,37,49,22,45,37,23,42,30,50,43,49,22,30,11,37,49,40,11,12,13,19,35,12,42,16,13,47,22,26,13,39,38,25,48,34,13,14,36,15,16,25,33,36,44,36,18,17,32,11,23,25,15,30,20,37,41,13,15,40,27,21,40,40,37,49,46,11,43,38,29,28,25,27,21,25,14,30,37,43,28,45,48,13,20,45,49,46,14,44,42,24,34,37,48,12,12,21,34,17,10,34,33,38,47,41,32,28,31,46,24,10,16,40,25,47,24,37,30,37,12,14,11,32,31,37,24,43,32,29,27,44,26,47,31,15,37,35,47,32,28,37,16,15,49,37,47,29,43,50,24,28,22,22,41,28,45,24,21,26,29,18,29,30,43,25,40,50,19,43,36,27,14,41,18,36,30,13,34,30,23,32,28,24,37,18,36,19,41,20,10,41,18,37,42,11,25,47,26,28,43,45,44,49,45,21,47,37,12,36,20,39,44,46,10,20,25,30,38,26,32,24,15,39,42,37,27,17,30,30,46,33,14,42,37,31,45,37,32,36,41,38,47,16,39,14,48,24,11,18,43,12,13,21,43,29,12,22,41,18,18,45,32,17,27,20,11,44,11,13,18,25,34,37,28,32,48,50,29,26,15,22,19,25,27,39,41,34,12,16,32,23,31,49,48,20,45,42,37,48,20,34,24,26,28,41,32,35,44,24,44,30,13,16,31,23,31,22,47,48,41,30,17,32,25,43,16,37,44,38,28,33,44,16,42,26,18,34,22,11,49,31,29,44,26,15,28,28,48,39,40,12,32,16,47,19,18,39,46,45,31,34,32,31,42,31,26,49,46,39,22,19,46,38,16,22,49,15,50,49,20,42,48,17,19,20,49,35,18,27,38,31,37,36,33,39,12,48,29,41,44,19,23,33,18,31,20,22,14,41,42,46,34,17,16,19,12,35,39,28,23,16,39,24,24,18,34,25,30,31,35,29,36,26,49,13,24,18,38,27,27,30,14,48,18,21,26,28,38,11,37,24,49,22,24,41,23,38,44,47,11,27,40,30,20,29,15,11,49,36,14,32,16,39,29,14,25,41,11,35,28,20,12,27,15,19,10,18,36,16,22,16,10,31,38,45,13,39,48,38,25,22,44,27,24,13,35,24,46,14,16,42,43,18,40,24,33,42,26,40,43,27,27,47,28,21,15,23,25,26,21,22,11,42,33,41,18,23,28,47,31,12,15,34,14,50,23,40,35,23,14,45,12,14,21,24,40,25,13,13,25,33,33,26,11,29,28,36,43,38,28,13,17,48,46,32,48,16,18,28,30,36,40,16,34,44,31,21,36,19,16,29,38,14,39,19,22,23,41,21,13,41,43,30,49,46,14,45,49,28,50,13,39,20,17,26,47,44,41,25,35,21,47,16,44,45,47,21,33,18,38,47,14,15,14,33,50,26,47,44,26,21,37,27,47,43,46,39,28,39,42,24,23,34,29,27,33,48,46,20,14,21,45,37,37,21,30,12,41,25,20,13,42,14,31,43,33,40,17,35,20,23,41,49,37,22,44,49,36,31,15,36,10,45,39,27,23,12,46,23,16,18,30,23,30,27,12,21,11,44,25,43,39,32,13,26,31,10,49,29,44,32,18,23,30,45,11,31,50,38,36,37,32,20,33
37,31,49,18,18,30,33,19,35,14,31,32,33,16,13,39,25,15,32,36,22,42,18,19,15,30,46,30,34,41,21,46,30,25,34,23,17,46,31,34,15,13,35,40,19,48,29,42,49,32,20,47,47,43,22,46,18,17,14,26,20,44,12,34,35,35,49,35,29,34,15,38,32,12,40,49,12,29,43,37,29,49,50,45,38,26,40,12,17,20,14,31,29,13,23,27,31,12,27,25,22,11,32,40,31,45,18,43,28,15,13,12,19,34,48,12,40,37,41,24,42,42,29,47,41,12,14,18,22,16,36,48,25,13,27,40,46,31,26,49,15,42,43,45,43,49,36,48,24,36,22,45,18,22,43,30,12,47,28,15,38,35,31,10,12,44,48,38,17,48,24,18,12,48,13,30,11,44,25,27,41,12,42,18,25,11,42,18,41,48,38,50,47,40,48,39,38,41,36,13,41,11,24,41,32,17,37,24,44,34,28,42,43,36,21,21,40,32,48,18,44,43,11,18,20,30,41,34,37,38,16,49,23,32,44,13,39,16,44,14,21,32,45,31,20,37,42,39,27,25,27,21,35,15,38,42,44,11,13,17,21,25,37,18,18,45,20,41,50,16,34,42,43,25,28,21,15,10,12,43,12,33,15,21,42,39,49,30,17,40,43,12,33,26,35,13,40,31,23,19,30,33,40,12,15,43,45,39,14,12,39,17,35,28,40,15,20,19,33,11,11,15,43,41,42,31,31,40,40,33,46,29,33,18,35,18,33,31,47,38,48,27,33,42,18,31,32,32,45,12,16,49,24,32,43,34,35,12,21,25,30,48,34,11,30,37,30,45,26,29,26,48,26,14,16,21,13,47,33,20,11,48,44,40,50,14,28,12,12,33,41,11,38,40,17,37,38,48,45,26,42,22,46,44,13,37,30,35,41,19,21,28,48,35,33,34,23,43,15,16,14,38,11,33,36,20,37,45,45,40,24,11,17,24,20,49,16,26,36,17,10,12,13,46,34,25,26,11,39,32,43,16,33,14,39,39,30,42,14,28,40,46,19,15,12,28,31,42,23,15,18,35,23,45,23,27,11,30,34,34,21,33,10,42,34,19,45,25,25,14,27,46,14,24,25,44,33,20,20,18,27,49,46,14,49,12,33,11,39,22,24,49,39,42,21,18,48,15,31,36,36,11,46,27,33,26,50,43,43,22,41,45,13,44,30,44,20,49,11,18,11,12,32,27,39,39,39,43,15,24,41,16,14,28,44,30,37,35,23,25,43,47,40,21,45,45,45,32,43,31,16,16,34,49,34,42,45,39,42,42,31,30,21,38,44,46,29,18,35,37,39,30,39,31,26,18,14,30,16,27,47,12,48,14,15,24,16,47,24,43,21,21,40,12,26,23,20,47,22,14,16,35,44,47,35,38,48,37,14,42,32,20,45,25,19,43,32,41,20,16,24,39,28,14,22,35,23,15,39,17,27,29,18,48,28,37,49,25,29,46,16,30,26,42,29,20,33,11,19,10,33,20,19,15,17,13,46,10,50,12,23,45,41,46,50,22,35,15,48,24,42,38,37,36,12,39,29,13,30,13,46,45,49,29,44,38,44,19,29,22,40,25,23,32,35,26,19,37,34,17,28,47,15,48,23,48,32,24,45,24,13,37,20,38,16,33,20,45,23,21,23,25,21,25,20,29,25,46,11,31,41,31,29,49,25,17,31,10,22,44,47,37,48,45,32,25,31,30,17,19,20,12,41,30,48,42,37,42,42,20,39,32,11,20,48,13,37,31,30,29,43,26,37,11,14,46,22,18,17,44,28,44,13,16,19,38,13,27,10,43,46,28,34,11,23,29,31,34,21,39,35,10,22,27,35,45,22,32,35,40,31,19,34,26,20,38,46,24,26,40,38,16,25,44,36,30,35,14,41,17,20,48,38,40,23,45,17,33,36,29,18,10,36,45,47,30,23,45,50,19,40,40,50,22,22,27,39,40,49,41,19,37,18,18,16,43,22,21,14,35,42,50,27,14,23,25,46,32,11,13,47,12,43,22,32,25,31,19,31,10,35,33,36,23,35,29,14,13,13,33,50,21,26,46,13,15,14,37,12,44,19,49,46,15,43,48,48,25,46,11,15,12,49,32,17,46,14,20,23,42,14,26,25,42,50,14,35,28,29,17,38,18,11,27,31,17,47,15,22,23,33,16,31,20,13,44,18,30,48,23,21,18,30,20,47,30,28,47,42,48,18,17,14,24,25,23,18,43,48,26,14,22,27,49,13,19,22,35,12,42,44,32,12,28,23,27,41,14,30,18,25,39,28,16,14,15,43,13,20,23,27,12,24,26,37,29,43,13,46,18,39,37,49,32,11,40,30,27,31,40,23,11,44,15,33,16,40,31,13,43,41,39,40,32,13,24,30,21,44,30,29,47,12,38,44,35,33,10,18,43,13,17,48,48,13,19,40,46,31,45,37,14,21,49,17,27,42,28,41,42,14,40,45,36,46,29,43,16,24,40,31,15,10,29,15,39,13,12,22,47,47,13,26,22,33,47,35,17,22,32,44,14,26,13,24,24,36,47,40,42,46,16,10,49,49,49,17,34,16,41,35,44,46,17,20,39,34,20,23,11,45,31,38,14,39,46,16,15,38,14,35,44,24,42,39,35,47,44,44,15,20,35,12,43,39,35,44,22,40,36,11,28,20,11,18,26,42,12,47,16,49,14,50,19,44,26,18,13,33,50,22,29,16,27,47,41,45,39,47,44,32,27,32,15,21,29,11,27,44,50,20,17,32,17,29,30,23,17,41,37,16,49,26,44,29,29,23,21,27,38,27,31,23,23,17,23,11,40,36,42,11,18,29,22,35,20,27,42,37,46,38,42,18,45,35,36,40,46,14,14,46,44,37,41,14,36,40,35,23,24,35,20,44,16,32,20,47,42,34,21,36,28,33,15,39,25,37,13,18,10,40,41,26,20,37,49,37,22,27,22,15,43,21,37,30,38,31,20,34,25,36,33,44,20,11,42,18,20,23,38,42,25,19,49,49,41,37,32,18,38,16,27,16,28,27,20,48,13,47,46,15,12,15,36,17,23,29,42,37,48,44,45,17,47,39,35,43,44,26,20,31,46,21,38,45,21,42,18,11,30,23,45,21,12,34,42,20,12,33,22,23,25,43,13,24,10,16,18,36,46,14,19,41,15,23,29,40,46,42,32,11,40,45,18,18,27,45,18,17,46,25,20,17,17,21,48,37,33,31,34,12,43,39,41,22,30,47,46,11,11,26,28,46,43,42,39,49,31,16,20,36,18,30,21,26,20,19,15,10,40,18,36,28,29,40,34,44,41,11,37,19,23,22,29,47,48,33,24,18,15,45,29,19,30,19,20,50,41,12,17
22,24,42,28,41,37,15,13,34,49,35,42,36,39,36,22,43,11,43,41,43,43,19,12,27,11,14,36,25,46,20,19,44,16,19,11,18,50,13,43,42,44,12,20,46,18,30,39,31,32,17,18,38,35,32,49,23,46,20,16,32,13,43,44,40,24,25,46,28,19,13,36,35,29,30,22,39,21,37,35,24,28,38,18,23,18,43,38,21,11,12,45,46,23,48,31,31,10,16,32,15,11,13,20,28,21,50,38,14,13,39,12,34,20,17,38,16,28,47,36,34,34,26,43,26,46,45,32,32,12,17,41,35,19,23,46,15,16,19,21,15,13,30,30,36,21,14,30,48,27,41,41,23,31,11,14,34,12,20,22,37,35,35,33,32,15,22,29,26,30,10,13,44,34,32,45,27,44,29,30,35,12,37,30,39,35,13,45,41,28,40,33,23,48,31,21,11,27,21,39,43,49,32,34,46,32,29,35,16,13,45,47,44,34,35,20,26,36,13,24,48,15,20,23,25,19,11,24,31,24,11,25,26,47,25,20,49,17,13,24,23,15,39,47,15,18,26,43,24,20,43,36,15,20,18,44,17,20,34,29,36,32,37,36,33,40,11,12,47,31,47,44,12,31,35,14,16,18,45,17,21,21,14,46,17,22,12,41,29,44,10,29,15,40,40,20,28,12,32,13,17,47,28,40,49,31,43,30,42,13,41,24,40,15,22,19,14,21,23,46,33,30,26,13,14,12,32,46,17,30,18,44,20,25,34,42,29,31,10,42,17,28,50,37,31,20,47,26,41,12,30,25,15,25,46,23,35,16,36,28,47,25,42,12,38,27,44,45,47,44,35,32,17,38,44,40,43,44,33,37,24,48,27,41,12,38,30,36,44,20,43,25,44,32,24,20,40,21,48,40,40,42,16,27,27,15,26,23,39,31,42,27,40,43,44,44,35,39,17,47,19,32,42,42,49,11,17,46,18,30,42,35,30,16,16,28,43,15,25,13,35,13,27,23,26,13,15,43,36,17,22,28,38,39,12,28,30,21,12,13,12,22,22,40,19,19,39,14,20,23,12,11,28,32,34,11,37,46,19,25,28,39,22,30,39,27,11,23,35,12,31,31,26,49,32,31,47,44,29,20,11,13,15,31,46,40,10,13,35,47,30,17,28,25,12,14,50,20,13,32,35,19,46,14,31,34,13,30,20,32,25,25,37,31,12,24,21,44,43,38,11,37,14,39,46,39,34,36,48,29,35,36,30,42,42,14,36,33,19,48,42,46,12,11,42,25,31,40,47,35,21,17,39,24,13,24,49,49,46,43,21,10,23,31,34,22,23,38,11,15,24,11,41,34,17,29,47,21,16,25,38,35,32,40,38,47,19,42,26,25,44,44,15,18,27,25,24,43,39,49,45,35,44,38,15,37,29,20,31,15,41,31,41,13,24,35,27,31,48,15,12,28,19,37,40,37,20,42,21,37,48,39,46,22,25,43,13,24,43,12,38,25,20,50,47,30,16,25,43,31,48,37,30,33,10,27,16,41,28,31,14,36,37,42,15,22,25,44,45,34,49,44,16,44,36,42,16,21,47,19,13,17,31,42,44,42,47,34,20,28,15,42,15,25,15,27,31,33,17,11,39,49,11,20,27,20,21,45,31,44,33,31,49,26,28,19,48,25,23,39,25,14,33,36,33,46,13,19,22,24,36,15,20,40,40,38,35,40,19,14,34,49,49,45,21,26,37,14,35,44,43,17,45,32,46,15,39,35,24,35,11,23,14,24,38,31,17,32,24,12,31,23,40,14,10,28,18,26,43,10,29,39,24,14,34,16,20,16,23,17,20,40,33,48,40,45,30,27,17,34,15,27,35,31,48,30,30,41,21,28,44,37,31,47,11,11,11,22,43,49,48,38,40,16,48,26,45,15,27,36,47,39,11,50,15,23,14,15,48,21,15,35,13,18,17,28,17,49,31,48,38,50,24,31,39,27,13,11,41,40,17,37,28,24,21,47,35,44,26,44,43,27,30,29,48,24,19,32,16,16,19,11,50,50,42,38,14,23,11,29,41,41,23,21,40,48,25,38,34,39,27,42,32,41,49,23,12,38,39,27,49,10,43,41,40,24,28,25,49,41,41,49,14,24,25,30,37,29,48,33,10,21,45,37,11,30,44,19,33,17,26,13,44,26,25,13,48,33,30,10,29,24,23,40,26,38,34,13,22,11,42,35,31,13,11,13,31,15,29,25,24,41,27,36,27,26,22,32,39,32,40,32,14,23,41,46,41,14,25,37,47,29,25,32,26,12,46,42,13,24,22,35,28,32,36,40,40,38,34,29,36,24,21,20,28,33,49,25,39,29,14,19,12,39,40,37,44,33,26,38,37,35,48,24,42,32,18,25,39,25,21,17,37,39,42,22,49,40,47,12,37,25,41,36,22,19,19,23,15,24,24,13,38,38,29,49,47,28,41,49,24,31,48,34,41,19,29,11,14,34,42,29,15,29,46,45,21,37,42,24,20,36,21,38,45,27,21,19,23,45,26,45,18,15,20,16,19,40,31,46,49,14,37,31,38,40,35,41,12,19,39,45,35,37,26,13,18,11,21,34,27,37,40,39,15,27,36,45,40,26,39,32,18,27,41,34,35,14,18,47,24,16,35,46,46,49,36,48,30,34,26,19,33,46,42,36,13,49,17,26,30,16,15,44,29,13,35,47,44,35,46,21,39,30,18,28,44,14,27,27,10,11,25,18,45,32,19,25,11,39,16,23,13,15,49,39,44,22,17,43,29,25,21,34,44,38,40,38,31,16,23,49,31,20,15,15,13,26,46,18,28,43,18,23,26,35,23,35,17,33,38,44,36,40,19,30,16,45,37,45,30,16,22,44,22,25,43,21,39,31,24,43,26,36,12,34,15,45,33,36,36,30,28,14,34,16,20,14,33,40,23,10,37,38,27,37,25,24,16,31,46,35,21,42,32,34,14,39,46,27,17,29,32,48,25,20,42,32,12,24,34,36,42,36,15,26,17,49,19,35,26,34,28,47,42,28,24,21,25,47,14,25,44,10,46,41,11,48,13,45,16,33,26,34,38,17,26,50,24,19,26,32,47,23,18,37,28,14,31,29,29,17,29,20,30,32,14,49,47,27,45,22,35,12,16,29,24,19,38,22,38,30,40,13,34,39,44,47,24,34,49,35,19,20,23,33,20,23,11,18,47,14,16,41,14,44,36,37,41,43,19,39,24,45,40,11,26,21,30,36,22,31,45,46,25,31,35,27,30,47,41,13,17,21,16,23,48,23,20,43,24,42,18,39,13,47,42,26,30,41,22,33,14,23,13,13,27,47,25,37,45,22,40,18,28,47,27,18,37,47,12,48,34,44,12,44,27,19,30,33
21,33,16,35,38,17,13,10,49,26,44,37,46,28,22,48,29,39,28,44,40,41,25,27,46,34,45,28,44,46,45,29,18,38,45,41,45,28,41,26,28,25,45,31,40,34,48,43,15,30,45,40,36,19,14,28,27,15,47,16,19,28,33,10,24,50,31,26,28,24,35,35,26,45,38,30,17,15,30,39,22,45,18,45,18,14,12,11,18,27,26,20,47,42,38,35,23,30,33,11,40,16,39,15,45,21,31,43,42,17,32,44,49,50,50,20,31,46,39,12,31,31,14,19,28,18,36,20,35,36,10,18,26,27,49,19,29,23,16,39,29,39,18,40,30,48,46,23,15,37,48,24,38,41,22,50,13,37,22,25,12,27,27,45,42,18,41,31,45,41,43,17,30,25,27,38,16,41,25,45,39,15,34,24,37,37,25,10,10,31,34,41,36,35,19,12,46,48,38,38,48,28,30,24,20,35,41,18,15,22,23,30,10,38,19,24,42,32,37,34,33,39,28,46,46,37,31,45,14,49,45,22,20,41,12,19,41,34,15,12,20,31,41,42,15,41,14,20,27,22,10,45,21,18,27,23,12,37,12,22,30,15,38,37,49,13,29,24,20,17,10,42,39,42,32,45,34,35,48,47,38,43,13,17,13,24,41,11,32,32,37,36,28,24,41,48,36,30,12,40,49,27,16,44,44,41,28,38,27,22,39,13,30,14,48,49,34,17,37,11,32,16,48,22,25,12,45,28,31,26,11,25,41,49,20,16,26,34,21,26,12,50,49,36,34,15,33,42,27,19,19,15,28,10,32,11,35,26,26,31,36,34,43,46,48,29,28,21,18,17,11,18,40,30,30,26,45,39,25,24,41,27,31,43,47,31,30,16,41,42,24,19,19,34,42,23,14,30,34,46,21,16,26,48,45,49,41,38,12,41,34,30,38,31,24,22,36,21,17,39,13,39,12,37,33,39,44,48,40,16,20,24,47,43,42,11,32,17,40,44,46,17,44,12,15,48,37,43,14,48,36,25,42,16,34,33,23,14,31,20,17,28,12,18,36,34,16,30,17,36,27,15,27,30,41,24,20,18,28,38,47,32,31,19,17,23,31,49,49,40,46,46,14,29,41,15,22,11,42,15,34,40,44,29,15,24,32,21,47,48,12,39,13,23,12,46,41,12,15,35,49,50,31,22,22,34,23,39,24,41,11,49,29,24,23,40,45,36,23,44,32,15,37,21,17,11,43,41,28,18,27,48,36,17,43,48,15,15,17,20,28,35,25,12,12,42,37,33,47,29,37,12,34,13,42,15,10,48,32,33,32,20,24,39,26,19,12,15,20,16,33,29,35,32,25,14,18,27,38,45,13,17,13,38,13,22,28,17,29,34,40,41,22,46,47,41,18,29,20,11,38,43,15,41,26,49,15,38,39,36,41,37,14,21,32,40,10,21,29,41,29,40,39,44,23,34,50,35,48,12,30,40,21,38,21,28,31,27,25,44,11,40,45,19,45,22,46,36,27,30,43,50,27,13,36,30,46,30,37,27,47,49,42,22,20,35,21,47,46,19,38,37,18,38,47,21,14,13,33,16,27,49,15,31,32,16,27,28,40,24,20,45,38,40,44,26,39,21,27,12,13,18,11,11,47,42,33,20,23,41,41,41,38,24,17,48,34,46,16,38,39,40,27,12,21,30,47,39,33,36,46,41,43,31,31,26,47,43,48,48,20,31,12,14,11,13,36,44,19,30,46,36,13,42,50,30,41,40,11,37,18,43,45,33,30,45,30,25,35,25,36,47,24,24,48,33,19,16,27,34,46,35,20,47,40,19,39,23,45,13,18,40,17,44,36,47,20,12,27,35,29,12,14,26,37,16,30,16,36,18,24,15,17,43,13,44,11,27,44,28,27,23,18,31,31,31,36,12,14,13,30,47,19,45,30,43,28,16,43,32,30,20,45,19,26,14,46,44,25,47,32,11,34,29,20,19,12,13,26,28,33,26,39,24,37,47,18,14,32,37,37,23,46,27,33,22,16,25,26,28,29,45,46,46,12,23,20,29,16,48,43,37,29,27,49,39,14,46,48,31,35,10,27,44,44,27,31,17,10,46,18,16,45,35,33,28,38,31,50,17,21,33,26,11,34,49,30,43,31,21,49,45,18,34,35,36,16,27,15,50,33,12,26,20,40,25,39,34,13,29,22,40,28,13,50,47,20,25,45,34,20,30,35,40,24,32,17,50,49,14,18,41,35,28,13,20,32,34,50,10,26,22,39,22,19,23,11,34,36,26,14,28,48,24,29,29,19,45,40,18,11,36,18,39,35,36,39,20,14,46,21,47,19,29,14,37,36,40,33,23,24,30,20,18,29,23,23,46,40,38,33,27,38,10,39,44,25,40,32,29,40,28,41,12,42,38,34,37,31,33,39,45,42,38,24,41,24,12,23,22,34,22,41,33,28,35,13,11,17,22,11,44,48,10,47,20,47,12,47,24,20,21,37,40,34,42,33,30,32,18,29,33,11,48,15,39,23,22,20,47,24,35,26,23,25,46,34,34,22,25,38,17,46,41,48,38,12,25,44,34,16,12,40,28,44,22,21,49,22,39,42,34,49,27,13,44,12,45,33,47,32,12,12,19,19,30,15,29,31,43,39,47,25,14,31,32,41,17,45,14,36,28,13,31,45,36,29,48,26,50,38,41,28,43,30,30,14,34,34,45,45,24,46,49,26,14,48,43,19,21,15,37,37,12,48,13,30,26,40,21,37,45,47,45,35,20,17,20,17,35,37,49,35,12,25,33,26,17,47,28,46,11,42,22,22,24,24,28,11,33,44,48,37,49,18,14,22,17,11,47,25,47,26,23,15,27,30,31,21,31,13,11,45,24,46,41,38,35,14,38,34,35,13,15,43,39,47,47,21,44,26,27,25,24,36,43,27,48,18,16,15,17,27,48,43,44,44,25,11,36,19,23,18,20,20,25,34,33,14,48,50,16,17,25,46,35,43,38,43,48,27,40,11,41,18,18,30,21,33,34,24,49,33,40,42,15,29,29,36,20,39,19,33,50,33,21,10,44,35,43,38,33,12,12,43,28,39,18,47,44,27,21,36,46,26,30,48,35,36,34,45,33,35,33,24,34,27,20,32,48,29,26,15,20,39,38,28,36,36,13,30,26,16,45,27,14,28,44,24,19,45,20,44,31,31,29,45,13,49,48,16,44,45,43,37,28,42,40,24,48,38,41,46,34,46,11,16,30,32,38,10,14,31,10,10,34,43,17,35,28,21,29,37,37,29,30,49,25,32,25,41,32,29,19,18,42,39,11,34,16,23,44,47,36,45,22,50,14,32,47,24,19,19,33,17,16,25,18,26,49,45,38,47,38,30,21,45,17,34,20
38,41,31,15,48,35,35,40,11,49,22,18,13,48,50,15,31,22,49,29,16,43,15,44,18,41,39,44,31,13,40,19,19,15,42,41,36,22,40,41,32,15,19,19,19,22,13,35,45,28,37,39,13,13,16,31,13,19,36,49,20,34,41,37,17,22,45,11,14,34,46,34,49,18,24,36,34,48,35,10,43,16,11,21,35,22,37,41,47,29,35,32,12,14,24,40,14,12,19,49,37,34,18,26,27,29,22,44,25,15,26,23,16,42,11,28,33,35,17,32,44,29,36,21,26,41,28,47,16,35,15,45,40,38,11,27,35,27,27,10,17,23,24,20,15,31,43,23,17,13,24,24,39,39,38,25,30,19,40,31,25,35,34,39,32,43,13,49,28,30,30,43,32,47,37,11,29,40,30,46,47,20,31,10,13,45,20,46,28,21,13,10,44,23,34,42,11,29,39,39,14,42,35,36,43,44,22,28,15,16,12,24,21,49,17,15,30,17,41,21,27,42,23,23,10,36,22,37,43,44,37,27,46,26,12,49,32,28,38,26,18,16,20,43,21,19,11,41,20,32,20,14,20,12,48,27,26,41,45,45,48,13,47,33,23,31,37,10,20,46,11,33,14,38,35,45,49,40,50,31,25,50,48,37,25,15,28,46,27,21,40,40,23,19,37,17,17,31,45,42,14,18,25,33,48,34,19,18,32,37,25,30,33,47,28,28,25,27,29,45,48,18,14,41,44,22,43,15,24,40,48,46,39,18,24,15,41,35,46,20,29,39,35,42,47,28,20,40,16,34,16,42,42,33,25,30,48,40,48,49,24,48,19,26,30,22,41,16,49,38,34,33,41,32,29,23,13,35,18,13,31,49,22,11,11,46,23,12,35,30,45,38,17,19,50,18,15,23,27,46,30,47,42,34,28,40,23,19,49,29,19,21,15,29,28,48,30,43,20,14,31,35,39,25,29,19,19,26,35,25,15,26,50,15,33,25,14,18,41,46,39,16,30,33,43,44,21,35,34,38,13,17,22,48,24,48,13,18,13,15,48,32,33,28,40,28,31,44,38,29,38,48,16,11,16,14,30,20,32,27,33,33,28,20,30,31,25,32,22,12,37,36,24,23,17,22,28,37,45,35,22,20,29,15,11,19,15,23,34,11,24,21,44,14,40,24,15,17,47,26,18,16,11,45,25,42,35,47,36,45,32,35,40,35,20,31,49,33,22,22,47,45,19,16,26,27,12,27,39,41,39,47,38,17,39,17,15,15,14,16,15,29,20,40,36,16,38,21,28,46,25,30,28,12,24,27,49,17,19,40,37,33,44,35,14,32,31,22,33,48,45,34,34,43,33,48,40,25,47,30,24,23,45,15,11,11,15,35,24,38,22,27,33,37,43,42,18,25,12,24,50,22,40,17,42,23,45,24,38,39,29,22,32,17,48,34,32,32,22,22,15,21,20,49,33,48,29,24,37,50,37,11,45,39,48,12,12,25,47,29,12,47,28,24,13,31,35,17,37,46,30,11,36,20,40,26,21,27,35,16,48,11,39,10,16,14,33,12,47,24,25,46,14,26,19,17,44,25,21,44,20,26,31,16,18,17,24,38,18,30,37,32,45,24,28,23,24,48,28,49,30,27,45,29,18,28,25,44,11,28,35,38,26,16,22,17,24,16,29,46,14,49,16,32,39,11,15,47,27,21,21,49,36,22,19,37,19,31,24,43,11,45,40,47,36,15,23,40,14,29,29,43,29,42,44,16,47,20,24,44,15,40,24,23,41,31,22,22,19,39,25,17,40,44,41,17,22,44,33,26,31,44,33,12,30,43,24,10,32,36,16,35,30,32,15,48,25,45,30,27,44,21,40,24,48,19,30,19,34,42,23,18,32,30,11,31,42,26,47,34,36,19,24,46,30,45,22,25,24,29,48,37,25,35,40,40,40,24,31,39,16,44,48,37,34,12,31,40,23,45,44,20,42,36,16,19,38,35,28,18,49,50,35,49,21,27,14,24,17,37,47,12,38,32,42,23,33,39,29,17,20,43,22,41,38,17,26,37,17,13,49,15,40,33,27,27,25,44,46,11,12,36,42,13,48,41,10,47,47,47,48,47,25,16,24,30,17,11,10,46,29,35,48,50,21,12,29,48,18,32,41,20,11,17,22,22,32,20,23,48,46,35,37,16,26,49,24,36,48,34,19,18,49,49,48,37,40,36,39,14,16,36,47,11,22,45,29,19,31,19,19,22,11,19,41,38,47,15,34,17,45,17,23,32,40,28,44,20,14,42,25,38,16,20,28,19,47,13,35,43,35,39,30,34,24,17,23,22,32,11,46,15,19,18,28,36,20,44,29,37,30,28,21,29,21,41,10,42,47,14,10,38,22,42,18,33,14,41,27,16,16,29,31,46,42,35,10,12,21,19,28,47,40,21,39,37,40,12,16,37,18,50,21,22,23,11,27,24,14,25,29,15,18,34,31,21,21,39,35,24,35,18,42,18,40,47,38,49,42,23,32,44,40,12,38,24,43,33,34,39,23,49,17,19,39,14,41,39,22,36,47,36,26,47,36,34,15,11,36,17,29,39,45,34,32,29,12,36,35,14,23,37,27,34,22,27,25,33,22,32,27,35,39,49,12,12,33,35,22,39,15,33,38,30,12,17,37,46,31,48,10,48,35,50,20,17,28,42,16,47,37,46,39,43,23,29,26,34,30,17,22,32,41,16,33,19,20,44,28,44,18,29,18,18,47,28,21,33,26,22,38,28,49,25,28,12,40,50,26,47,16,39,27,22,17,33,35,25,14,46,47,47,39,48,19,41,50,35,35,13,35,47,22,11,21,29,31,40,22,20,38,46,30,42,23,44,17,40,33,21,31,40,30,39,41,41,32,18,21,24,37,30,37,26,14,34,28,33,25,50,29,21,48,44,25,12,13,13,32,34,35,14,21,43,21,27,43,16,18,45,39,17,12,25,19,23,18,34,32,38,39,11,34,16,37,16,11,37,27,20,16,17,28,35,48,16,23,26,37,48,22,34,34,37,38,40,22,19,34,50,38,31,17,24,19,31,17,34,26,29,19,11,36,46,16,17,26,14,18,33,11,15,29,26,15,18,40,26,11,47,28,41,31,46,46,25,37,24,24,18,37,39,16,47,49,42,50,49,37,24,39,31,20,23,41,40,34,11,42,35,31,40,44,28,37,34,38,48,46,15,18,38,31,40,23,10,34,27,30,15,20,22,16,36,13,15,47,22,23,17,40,21,26,18,39,11,33,34,27,24,22,17,31,14,14,21,41,23,11,30,44,11,26,39,19,16,18,13,11,44,49,33,23,26,41,22,17,35,13,27,40,37,46,25,33,37,44,31,29,35,33,35,15,44,43,26,33,43,25,41
11,15,35,19,32,39,44,50,30,42,46,47,24,29,20,31,29,48,48,18,20,25,33,49,16,29,45,20,30,36,42,42,44,43,14,37,30,17,35,49,24,28,22,11,11,17,45,33,45,22,14,45,36,24,36,17,23,43,49,25,20,39,47,16,44,14,20,37,17,30,30,25,48,28,30,23,32,25,26,32,31,32,40,29,46,22,48,27,32,33,49,40,43,21,15,21,39,32,47,35,49,29,40,14,11,32,12,16,20,35,40,44,11,30,30,23,37,21,34,27,20,41,25,19,11,32,30,36,16,12,21,14,10,14,30,47,38,20,43,31,22,16,41,13,24,13,16,34,34,10,39,44,24,43,16,15,28,35,40,50,23,36,33,13,16,50,22,26,30,13,38,45,32,35,41,28,24,26,38,46,18,40,35,22,43,14,25,38,30,23,25,22,19,23,13,37,33,42,29,47,15,11,28,42,47,18,27,26,27,44,48,15,35,20,32,18,11,46,13,20,24,46,42,17,26,18,47,36,40,45,36,17,30,15,34,37,13,23,33,49,46,38,24,18,21,20,29,17,41,45,46,41,41,47,37,33,20,27,11,31,10,22,26,13,50,27,12,38,22,48,41,34,39,47,30,12,33,21,21,25,11,46,15,12,15,27,18,45,22,38,12,17,43,42,11,12,11,40,50,11,16,28,26,24,50,46,39,19,50,33,43,39,19,30,48,12,29,17,34,44,43,29,39,15,11,30,17,10,34,15,38,43,45,46,16,27,47,46,18,49,47,15,43,47,40,21,14,31,27,25,13,43,40,31,38,31,32,28,15,40,13,14,22,11,44,30,19,13,15,29,27,12,39,42,22,24,40,14,20,30,25,20,26,33,15,11,10,33,32,48,46,26,42,33,21,19,11,35,49,34,29,16,37,10,17,19,24,38,16,37,14,44,23,48,47,12,12,24,21,16,35,27,13,32,32,36,26,38,30,30,29,41,23,39,35,41,49,49,12,29,43,11,44,45,29,36,14,14,21,34,43,23,11,37,21,16,15,18,15,46,34,32,33,31,10,38,29,25,40,15,33,35,13,17,34,42,50,28,24,13,34,38,36,49,20,41,15,40,11,45,36,32,35,17,33,14,17,43,12,37,42,28,27,17,14,35,31,13,49,30,16,37,42,45,47,33,25,35,27,33,34,45,45,22,29,15,44,12,14,31,35,47,35,38,12,47,35,41,42,27,27,48,28,13,12,40,44,33,19,14,38,24,21,44,35,19,39,45,21,37,48,22,15,14,17,14,48,43,13,16,18,39,23,21,14,21,25,48,14,19,50,19,26,34,41,36,48,30,41,37,13,40,38,29,40,30,32,49,33,46,12,39,50,26,29,22,47,46,28,42,15,10,14,16,26,17,17,46,28,43,44,46,43,21,41,33,21,33,31,49,10,19,17,14,45,27,32,12,33,17,14,42,23,14,30,19,46,29,19,40,44,24,22,19,38,19,39,37,19,14,35,49,15,24,21,32,44,22,24,43,43,20,44,17,16,41,23,33,30,41,22,48,50,34,38,11,33,24,25,31,13,46,11,22,41,20,20,34,36,50,31,49,19,38,50,11,31,11,18,11,30,38,45,17,23,38,44,35,40,34,26,40,30,34,43,50,50,33,20,42,35,37,16,15,28,27,24,14,40,19,39,30,28,12,11,28,11,32,47,46,34,22,32,40,18,46,43,18,40,11,42,17,10,28,48,17,41,50,44,35,41,45,37,19,22,34,33,27,49,43,28,26,50,15,13,31,23,40,37,45,22,27,33,22,48,10,10,39,32,33,22,28,47,12,21,45,32,16,24,35,40,49,22,27,14,21,47,47,26,18,33,30,43,18,31,22,48,22,35,11,35,46,43,22,16,28,46,32,31,12,17,39,28,33,31,22,38,25,38,33,37,37,38,20,48,27,16,35,14,45,47,20,42,35,28,26,15,33,31,30,15,37,14,40,44,19,33,16,30,29,24,39,39,45,16,33,20,46,27,19,40,30,34,45,27,25,35,41,48,40,22,42,35,13,44,21,27,30,18,16,34,38,40,33,15,41,47,49,34,33,47,29,40,40,48,16,34,23,17,37,43,38,49,50,11,21,18,14,21,40,41,25,49,13,28,29,48,21,20,17,19,13,33,31,12,17,36,43,18,26,29,26,41,46,22,16,25,12,22,49,28,19,27,11,13,46,21,44,23,15,36,49,10,31,40,27,36,16,21,48,18,36,29,33,25,30,35,42,40,47,22,47,10,16,37,47,29,34,35,13,44,28,43,31,45,44,34,39,23,20,15,40,42,49,47,34,35,45,23,45,28,48,39,31,29,16,36,37,19,11,13,15,10,25,46,16,16,47,38,46,39,13,29,16,12,23,24,50,24,27,32,26,30,31,39,33,28,17,34,19,24,43,35,21,12,44,49,35,26,33,11,27,23,14,28,39,39,11,31,41,48,11,36,12,40,17,44,34,41,50,48,14,50,37,27,37,13,25,21,37,39,46,14,36,20,30,36,36,32,26,33,13,21,14,22,46,16,35,32,14,11,34,16,39,24,24,43,48,31,26,46,47,43,40,42,14,28,35,45,22,49,41,28,20,11,40,49,35,38,41,23,37,31,24,24,36,32,37,41,14,29,46,16,44,36,41,41,34,27,45,19,39,37,29,44,42,30,18,25,19,40,20,12,49,43,31,31,18,50,25,32,28,36,28,37,40,18,13,13,24,15,42,36,15,15,22,37,49,11,43,10,21,35,50,28,12,37,42,33,39,19,42,22,18,26,40,35,17,30,29,19,31,48,47,12,37,44,11,16,42,35,35,13,23,33,12,17,29,40,47,30,45,26,40,11,12,10,24,16,19,45,27,31,40,40,28,44,38,25,13,41,42,20,13,17,33,25,20,18,35,21,12,12,33,24,49,22,31,45,18,40,23,25,39,10,23,16,45,20,47,39,26,28,37,18,39,33,36,47,20,38,20,25,34,39,11,13,48,15,17,39,14,13,14,31,46,38,43,11,18,44,19,45,48,13,46,35,20,19,30,36,34,49,23,35,16,33,30,23,44,35,22,22,31,24,45,29,17,39,12,23,12,17,38,23,22,42,42,17,30,39,22,47,34,49,23,31,22,31,20,42,46,20,23,30,11,43,23,28,34,43,36,33,15,21,15,32,50,33,37,50,42,31,47,13,45,47,39,14,23,33,45,47,11,33,13,33,35,23,29,25,34,29,18,34,41,46,43,29,49,32,25,47,13,13,20,29,50,29,16,14,37,41,43,22,29,37,35,45,30,45,28,15,15,49,27,10,46,28,29,13,38,13,48,14,30,39,26,26,44,33,44,28,46,12,13,43,26,45,48,36,15,28,42,12,31,19,41,17,19
13,31,25,33,28,48,49,46,16,16,49,27,37,46,26,16,40,17,42,16,42,36,39,35,29,14,47,35,44,22,24,10,32,23,49,18,35,23,49,49,31,45,32,26,12,42,25,24,11,36,35,10,44,38,15,50,24,45,31,12,43,18,47,23,21,18,22,42,14,21,31,22,47,16,28,42,20,17,12,48,36,41,34,42,30,28,31,22,47,12,41,26,44,48,34,29,50,14,20,25,34,48,44,27,47,23,37,48,16,44,36,46,16,19,30,33,34,34,32,26,48,39,38,14,11,40,14,26,49,10,13,43,46,15,25,11,40,15,42,39,23,37,38,15,43,25,15,21,30,25,41,36,36,32,42,34,40,47,40,21,38,39,12,13,44,46,16,12,31,34,48,14,48,11,18,20,35,23,28,42,46,18,10,42,13,15,22,40,17,30,16,31,30,27,28,35,48,19,30,37,50,27,12,37,44,29,41,37,45,19,16,30,22,16,28,45,15,32,49,33,27,44,15,15,29,42,37,47,17,27,26,42,16,41,13,25,50,41,13,45,15,27,20,39,32,45,25,20,25,40,35,36,47,49,38,44,29,22,25,14,48,49,47,47,35,48,46,27,39,39,16,28,32,27,12,35,45,18,12,14,17,41,38,39,36,12,23,47,29,18,28,10,28,41,16,24,18,29,18,16,32,35,21,26,30,25,32,38,49,21,13,17,33,46,26,22,45,11,20,42,29,23,26,47,25,28,35,23,38,41,13,19,43,15,31,21,34,32,44,25,30,24,41,43,23,24,19,36,36,38,29,18,42,16,37,28,15,38,13,14,26,26,21,19,15,38,28,15,14,40,27,49,29,49,15,47,22,28,14,38,11,18,16,39,45,47,22,44,42,14,47,46,28,49,14,17,45,14,40,22,39,27,40,47,38,43,40,18,41,30,46,34,30,20,34,33,29,42,31,47,40,39,38,47,15,17,24,22,14,14,43,20,24,15,31,14,37,49,46,20,33,15,39,35,44,14,13,20,20,30,35,34,35,13,18,15,47,34,10,39,17,15,21,31,24,21,40,29,29,14,49,48,38,20,44,23,11,39,19,11,42,23,45,26,31,19,35,31,31,16,49,29,42,49,47,24,23,12,22,22,38,35,17,44,45,11,24,18,20,15,18,33,19,40,20,44,49,32,28,24,26,39,12,34,20,40,30,14,27,17,12,15,47,25,30,28,36,24,20,23,19,38,23,28,45,40,20,19,19,42,20,13,41,19,41,18,27,28,12,30,19,21,34,40,43,13,49,35,50,30,25,50,48,11,45,48,16,44,46,49,17,40,20,14,39,46,33,13,24,32,25,17,39,29,15,35,11,19,10,30,20,24,24,34,46,17,40,23,15,28,32,42,15,37,33,24,14,33,43,37,48,47,39,18,39,30,11,33,18,26,30,29,45,36,34,27,34,31,28,12,34,13,16,26,47,28,23,44,11,49,18,17,43,50,39,48,31,42,35,16,26,40,27,14,48,10,34,16,19,34,29,13,33,48,17,26,42,42,14,16,44,29,39,19,17,46,40,46,40,39,21,26,21,34,45,16,17,21,25,47,40,47,50,14,12,41,41,35,29,25,45,48,24,32,11,26,34,19,17,44,31,24,39,18,32,40,49,46,28,44,17,39,17,34,28,25,42,13,28,13,22,48,17,48,42,17,31,19,29,35,42,42,22,34,23,40,42,13,45,24,29,33,45,34,47,41,18,27,27,17,24,42,35,49,36,36,44,29,45,19,34,19,28,12,34,35,47,15,44,20,48,16,41,49,29,42,23,42,18,20,45,17,34,48,39,13,44,18,34,18,23,40,20,29,17,45,15,16,40,38,35,49,38,31,23,28,16,14,11,33,38,12,37,33,21,19,24,27,48,12,20,14,34,44,12,15,42,34,43,24,43,30,43,42,46,50,16,22,48,13,43,15,11,12,23,12,39,18,27,34,22,20,36,26,36,29,49,39,30,44,37,14,34,39,35,21,15,25,11,40,29,43,27,15,40,21,40,36,38,31,39,44,14,37,35,13,45,47,42,37,13,40,21,18,22,26,30,25,45,18,25,49,36,14,29,18,25,44,14,27,23,22,38,39,41,28,23,47,18,49,28,50,17,17,46,34,27,19,32,34,30,15,10,29,41,32,42,38,46,50,39,15,48,14,42,45,34,13,37,24,12,35,15,16,12,13,42,30,24,20,33,33,28,46,31,28,19,16,17,45,31,43,46,47,22,16,28,21,36,24,24,33,16,47,44,34,22,41,18,23,40,15,49,26,19,21,19,26,18,48,21,34,29,11,45,15,20,17,32,49,48,29,48,44,33,10,23,46,47,28,16,28,18,27,14,35,40,35,32,23,12,46,27,33,49,27,21,19,41,44,41,30,15,18,11,20,16,22,32,41,14,49,32,40,35,32,11,10,22,45,14,27,23,38,37,48,35,45,17,24,41,48,50,36,21,38,30,37,12,17,31,49,45,13,38,17,47,33,19,49,46,12,17,35,21,26,34,18,33,28,26,22,33,11,46,23,27,46,34,48,45,32,21,13,24,41,26,11,41,30,31,49,17,44,13,43,21,36,14,42,47,37,45,24,11,36,23,15,27,16,29,35,48,42,25,50,15,12,31,43,33,17,47,19,13,14,24,32,16,20,34,26,42,32,30,41,26,42,35,14,17,42,13,13,19,34,34,12,43,38,49,31,23,16,24,31,27,32,16,11,45,27,22,47,26,31,37,11,49,16,22,44,36,14,39,45,14,49,16,28,19,49,24,25,23,40,45,36,47,39,31,22,22,36,36,11,21,42,22,16,36,20,17,29,49,12,44,42,12,13,27,28,34,27,45,10,28,46,12,40,17,29,41,16,46,33,25,42,43,15,18,27,27,13,28,43,44,40,33,32,40,25,27,13,30,29,33,45,39,14,44,47,19,39,44,22,27,43,16,40,49,30,12,43,39,27,33,38,49,10,10,15,18,15,18,20,48,27,13,17,18,33,31,12,35,36,32,24,46,20,44,20,30,25,18,23,27,39,17,31,37,21,25,29,36,43,35,26,10,14,13,13,17,37,35,21,28,43,20,22,28,15,22,29,13,43,36,16,22,31,15,38,49,42,30,46,28,12,45,15,45,10,36,18,32,11,14,23,42,15,48,43,34,35,13,20,13,33,45,17,32,18,38,36,18,17,32,35,27,16,12,40,22,17,16,31,37,21,48,11,30,45,23,24,25,44,35,27,21,40,15,17,39,39,26,38,25,49,15,44,30,20,45,35,14,49,47,48,12,33,14,23,10,43,17,35,19,26,12,21,19,47,42,48,23,15,45,27,44,36,49,25,47,34,37,33,33,35,50,21,25,38,29,22,12,11,32,19,15,49
