The number of jobs:
300

The number of machines:
50


The power of each machine at differnt speed levers:

(where rows denote machines: 1 to 50 and columns denote speeds levels: v1 to v4)


18,25,35,42
13,29,36,43
12,19,38,45
11,30,38,45
10,22,36,44
19,25,31,44
14,23,36,43
17,26,33,44
20,26,36,44
19,28,36,45
11,17,28,35
14,30,38,45
8,24,33,41
18,29,36,43
16,21,35,42
16,27,37,45
10,30,37,45
13,18,35,44
17,28,36,43
18,24,31,40
11,16,22,32
18,24,33,42
14,20,29,38
15,24,35,42
7,20,31,39
15,24,34,42
17,26,37,45
17,23,36,45
15,27,34,45
6,19,24,32
5,26,37,45
5,28,36,44
17,25,35,44
8,18,35,43
11,20,25,39
11,26,37,45
9,24,36,45
8,14,20,45
5,11,37,45
15,24,35,43
15,27,35,43
16,26,35,42
19,30,37,45
17,28,35,44
9,17,33,42
6,15,33,43
20,29,36,45
10,26,33,40
17,25,31,43
6,28,35,44

The basic processing time of jobs processed on different machines:
(where rows denote machines: 1 to 50 and columns denote jobs: 1 to 300)
17,16,31,31,20,20,34,40,40,32,25,42,26,13,23,14,49,32,42,49,16,24,32,12,42,22,30,36,16,11,35,46,31,37,38,48,49,48,18,24,45,14,20,18,16,21,28,13,41,23,28,43,24,31,21,44,35,31,13,35,30,30,44,47,48,39,50,13,32,13,31,29,37,49,23,29,33,37,41,19,32,30,20,47,23,37,47,18,27,15,25,44,16,44,18,17,43,11,42,27,32,36,32,48,37,28,38,22,21,31,27,27,32,23,12,40,17,34,45,17,25,45,44,31,50,33,48,13,24,43,28,26,43,18,33,15,39,47,28,15,34,33,15,42,47,27,16,15,47,46,22,26,32,28,47,38,47,45,14,26,46,39,18,21,30,29,17,15,14,16,15,15,48,20,24,43,24,19,20,19,12,22,29,20,33,24,42,26,28,48,12,31,42,18,31,43,36,34,43,40,35,44,46,28,36,12,47,49,49,48,16,45,44,43,26,32,48,47,46,17,24,39,44,12,14,25,21,35,50,20,46,49,41,31,24,26,24,28,16,26,43,40,26,14,35,44,16,39,41,42,22,46,12,17,19,13,40,11,36,33,12,25,48,43,46,30,21,21,16,36,19,19,46,33,28,49,45,19,31,23,35,17,21,17,32,45,20,22,46,25,14,12,34,47,45,17,35,21,27,35
24,43,42,13,35,18,40,12,24,42,26,45,30,49,16,15,14,12,47,28,46,13,16,50,36,43,14,14,48,32,36,19,34,40,12,41,18,45,24,15,48,43,41,31,47,13,33,14,50,19,35,10,48,31,16,23,42,13,30,48,32,10,49,27,43,36,23,25,48,32,28,40,47,39,40,20,43,16,32,24,34,30,13,26,49,18,45,21,10,24,46,50,38,50,43,47,14,23,22,12,38,20,24,46,48,41,18,43,25,18,50,49,13,15,39,33,34,46,27,37,33,25,47,40,28,48,14,25,26,48,36,34,21,14,19,50,18,35,38,33,23,42,10,42,27,30,20,25,43,15,45,21,14,25,46,14,39,12,33,45,21,12,34,41,16,37,47,34,17,28,42,34,25,18,45,48,18,26,21,22,25,21,35,16,16,38,13,34,21,44,39,25,45,14,22,30,22,19,43,27,13,20,44,15,17,43,46,14,16,21,47,44,17,43,15,14,40,41,12,32,37,23,15,13,23,22,28,14,24,47,41,20,12,43,38,28,49,15,10,33,43,37,11,43,10,26,12,15,14,32,37,33,25,12,26,49,28,28,17,46,33,35,21,48,26,14,31,41,36,48,38,17,40,19,37,36,11,21,27,24,45,16,37,39,22,41,35,34,19,17,43,50,18,45,17,43,43,29,37,13
34,48,48,40,40,12,43,23,18,30,36,15,17,34,39,33,15,49,47,48,31,47,24,34,17,20,44,36,28,42,42,33,49,38,23,37,38,24,20,48,39,19,16,15,46,15,34,29,17,41,32,21,39,40,38,43,32,39,50,30,34,42,24,24,48,40,15,22,42,44,48,34,41,34,21,26,34,16,17,25,24,18,21,37,25,38,22,44,19,45,20,12,48,26,16,36,32,41,38,20,16,19,29,45,19,50,19,24,28,32,39,29,19,25,46,26,44,11,44,35,29,11,12,36,29,13,30,38,47,42,44,42,47,17,20,18,26,42,45,11,20,44,33,30,38,13,37,20,47,15,18,40,39,10,11,20,47,27,17,23,49,46,50,10,31,20,18,48,20,19,21,29,47,21,40,23,44,40,24,44,17,40,11,21,11,41,22,40,17,29,18,44,33,25,41,18,20,27,24,20,25,32,33,21,47,11,11,23,37,42,46,38,50,14,39,38,37,25,29,35,25,41,19,36,14,41,22,38,35,30,17,11,21,21,25,33,50,35,47,33,34,48,19,43,43,39,20,45,15,18,27,38,34,11,49,14,26,37,16,36,39,22,29,29,32,22,20,32,39,27,37,19,24,30,21,20,32,44,36,37,14,44,45,12,42,16,18,26,25,38,43,41,35,11,38,19,49,45,34,46
30,33,32,41,16,10,18,49,17,46,36,19,19,27,39,29,46,43,48,25,48,21,32,48,40,33,48,26,37,23,17,21,25,19,40,42,44,41,42,46,24,30,15,35,25,32,22,41,27,25,35,10,12,12,39,49,23,27,29,28,34,37,18,40,31,46,49,39,44,47,13,17,37,48,37,25,21,21,11,46,21,22,40,30,26,35,12,35,19,22,13,42,29,28,44,44,33,47,34,18,27,26,16,46,17,22,20,39,37,34,26,44,27,43,40,22,48,50,41,50,30,31,13,13,46,36,34,49,29,34,30,39,34,38,25,20,30,36,24,26,38,29,33,32,18,22,41,17,46,25,32,49,44,25,29,27,30,23,14,33,22,19,18,11,40,21,14,31,44,16,24,22,36,39,28,13,32,33,22,45,32,19,28,20,48,48,27,33,10,13,49,34,12,37,34,17,22,25,23,23,42,11,29,31,24,37,13,15,23,20,35,44,40,18,26,13,37,17,16,27,33,41,41,45,41,48,28,39,15,33,17,17,33,36,26,24,39,44,45,25,13,37,37,46,26,50,49,44,16,36,28,40,11,40,36,49,44,22,30,18,12,31,14,12,48,33,45,37,48,34,45,20,32,32,37,47,46,40,43,22,34,20,41,23,16,14,17,46,45,38,35,42,46,12,25,20,40,22,28,43
18,34,45,47,17,18,20,39,29,38,35,11,32,19,37,21,22,47,35,39,36,38,11,27,29,49,29,41,40,17,43,24,37,18,13,44,23,21,26,42,37,38,36,38,25,48,45,48,41,29,18,45,20,44,37,16,34,28,13,41,32,43,27,16,17,42,17,49,26,32,16,38,36,36,26,17,26,38,37,37,41,36,37,13,38,30,46,22,47,32,19,18,35,29,49,36,47,45,50,38,35,37,22,38,38,32,35,27,26,18,13,33,36,19,25,45,27,49,19,23,32,46,14,17,20,39,33,45,26,33,28,40,10,39,26,41,23,13,12,38,38,27,21,26,47,27,43,28,34,25,47,22,42,50,15,15,25,21,46,39,20,37,10,44,23,40,31,30,36,44,16,18,42,45,32,24,28,36,40,41,23,39,41,19,14,33,46,44,46,13,16,21,23,39,12,43,33,42,15,45,13,11,12,39,22,22,50,18,47,25,35,46,24,45,17,39,38,33,22,31,28,20,12,30,36,47,31,49,18,43,37,44,23,37,47,42,38,45,42,43,11,15,11,16,33,41,36,28,49,17,17,22,28,50,13,17,16,23,40,17,38,34,35,38,37,35,36,25,37,37,14,15,41,44,17,30,47,26,46,45,40,19,15,22,21,48,24,18,18,22,33,39,37,10,28,47,23,24,23,22
34,45,43,48,36,47,40,40,34,22,49,49,45,46,42,26,20,43,45,18,17,28,28,18,47,24,36,19,14,50,30,50,23,38,45,28,49,39,35,14,30,45,25,20,37,11,47,18,12,33,29,13,41,27,17,33,31,28,15,27,13,31,28,44,46,28,33,49,17,38,17,46,26,43,21,19,34,44,27,29,47,40,17,11,21,39,11,38,33,27,48,13,27,45,26,15,25,36,45,32,28,37,49,40,34,32,24,14,34,41,50,19,30,12,22,47,19,44,11,28,31,30,20,40,26,26,17,27,41,28,23,27,26,24,34,23,41,28,31,14,14,22,22,43,22,49,16,44,49,48,49,25,28,20,40,24,45,39,47,23,41,28,49,42,16,20,12,32,48,36,32,19,25,45,11,36,38,45,36,22,11,11,16,40,10,18,22,25,42,11,23,25,48,46,11,11,30,32,28,35,11,23,44,47,38,50,26,18,18,31,17,38,23,46,35,37,29,14,38,23,33,20,11,11,44,36,33,41,12,50,12,22,19,41,41,27,36,26,20,37,23,32,40,50,15,16,45,23,39,25,36,44,35,37,24,28,43,27,30,21,29,22,28,45,36,19,41,40,34,25,19,34,43,44,33,21,16,11,34,48,25,24,11,49,48,47,21,44,26,32,20,46,21,28,26,10,11,35,34,13
38,38,19,35,30,34,31,46,38,27,39,46,25,18,17,36,43,44,24,18,46,27,30,23,33,41,25,27,16,28,48,39,30,11,23,15,39,12,25,21,33,47,12,14,39,18,24,26,17,11,46,30,17,43,42,26,40,31,19,36,46,44,14,26,11,40,17,17,41,35,19,31,39,31,37,42,24,16,41,40,11,29,40,26,30,33,17,38,32,36,40,38,24,41,16,29,38,47,21,22,40,20,20,31,21,28,41,24,22,32,47,35,21,12,21,18,17,22,40,33,45,24,12,11,16,28,14,45,12,46,22,28,37,11,12,17,40,25,39,46,34,27,25,11,42,16,32,26,31,13,36,30,35,33,38,29,41,15,22,13,39,46,15,16,30,39,15,21,31,36,16,25,12,18,16,11,43,14,34,34,45,22,35,20,33,17,47,34,20,27,42,30,14,42,21,35,33,23,11,48,22,28,15,49,47,26,22,28,46,20,31,20,44,35,28,13,24,26,12,35,36,14,29,45,40,48,24,12,32,40,25,18,30,29,20,23,24,22,12,14,26,43,47,29,43,16,48,50,48,11,25,35,19,24,33,40,33,45,47,17,50,12,33,34,30,41,36,36,26,30,32,48,20,26,33,39,48,45,14,21,27,35,28,24,15,40,12,11,41,25,39,48,20,28,32,48,44,12,30,14
12,49,41,25,21,22,41,29,40,37,32,12,40,23,25,22,42,40,26,28,23,16,34,39,44,14,35,37,43,37,16,44,41,13,45,10,35,40,20,15,10,36,10,14,46,37,43,23,37,44,32,26,47,16,20,35,14,45,22,40,37,43,20,30,17,25,36,34,30,45,15,23,32,46,41,33,47,42,37,21,15,18,35,31,32,24,23,45,16,22,27,46,10,32,24,33,31,19,25,41,19,34,43,41,16,11,13,23,30,36,48,49,38,11,46,41,35,25,50,33,36,24,32,36,23,46,16,46,47,25,30,29,27,29,43,18,46,43,33,25,42,21,38,50,38,26,48,28,27,29,37,21,44,17,33,24,28,44,28,18,33,29,35,37,41,35,22,49,34,33,42,19,40,17,17,46,47,44,41,24,15,14,30,26,19,27,42,45,10,40,46,25,16,45,41,31,24,12,23,23,20,50,33,22,13,28,16,26,14,26,38,23,33,18,26,23,47,24,32,32,31,30,35,26,13,14,11,24,49,11,38,45,46,49,18,41,35,18,33,18,31,34,12,18,18,27,44,34,40,23,15,26,31,27,22,30,21,32,33,28,23,21,36,30,11,23,35,43,31,45,49,32,11,31,33,20,23,21,35,35,16,43,15,28,32,11,30,23,43,40,50,13,16,35,35,19,31,19,12,25
31,33,13,17,29,31,45,28,17,48,32,42,44,43,30,42,47,34,26,31,44,24,43,39,31,22,14,11,34,16,50,30,46,32,46,50,35,40,25,23,42,35,26,35,46,40,43,23,20,22,37,12,27,14,21,44,40,21,23,14,28,22,33,47,45,40,38,25,43,26,33,20,45,12,42,43,38,24,38,43,23,48,12,39,18,10,18,41,29,15,27,21,36,24,38,40,12,17,30,23,18,39,32,28,35,26,27,24,34,13,36,15,21,22,27,37,23,32,26,33,32,24,45,25,23,44,50,37,41,32,48,26,24,17,40,17,35,47,13,12,34,50,43,33,20,48,50,17,22,30,19,32,40,33,47,38,15,40,23,22,40,20,16,35,12,21,34,15,14,39,40,39,49,30,24,11,42,33,27,17,42,26,47,13,27,19,11,38,15,46,14,27,40,46,48,17,13,35,34,13,19,32,44,21,14,42,15,13,30,29,19,39,15,42,45,41,39,39,26,19,22,16,13,15,46,38,42,13,42,45,35,50,40,35,46,21,43,33,25,24,23,37,19,28,49,47,14,44,48,34,33,21,39,18,14,37,16,17,30,11,30,14,47,34,40,44,20,43,11,40,30,18,27,39,14,42,20,44,32,22,24,23,16,21,29,25,28,13,41,38,30,49,35,23,30,43,37,26,41,43
30,14,31,24,21,17,29,15,42,41,42,11,23,29,11,26,28,36,47,42,46,12,14,26,43,16,49,50,39,34,27,44,25,26,42,12,30,33,46,12,26,33,20,48,45,27,45,41,14,15,38,33,33,49,23,18,31,28,24,26,16,32,29,19,47,28,36,41,16,31,26,10,17,24,43,28,43,44,35,28,24,42,33,27,46,24,33,45,36,13,30,46,25,43,27,38,20,15,49,11,42,17,37,41,34,50,37,37,49,32,20,28,25,11,17,45,29,49,36,30,36,34,38,36,46,49,10,41,18,38,14,39,34,20,35,40,37,24,29,16,12,50,18,46,16,13,15,11,32,27,11,16,11,13,45,19,18,42,10,37,16,45,36,13,29,44,48,31,22,44,19,29,33,37,40,18,31,11,47,19,38,13,41,27,31,37,20,40,18,34,30,45,20,42,20,14,41,47,47,14,27,42,20,40,16,21,13,47,28,37,46,47,37,24,15,11,16,42,32,41,32,49,37,38,50,47,29,10,29,28,21,40,27,10,16,22,20,20,21,15,15,23,44,31,36,22,47,45,42,13,13,27,50,39,39,29,46,43,13,30,14,48,46,44,41,32,42,25,25,14,48,24,40,48,30,28,48,29,27,15,20,10,39,11,28,38,15,41,29,34,34,39,36,34,15,35,36,13,41,22
37,38,18,10,39,13,13,21,47,12,33,23,19,33,48,17,16,37,31,15,16,42,31,17,30,27,38,40,31,41,33,27,49,38,10,46,40,39,31,18,37,17,32,39,36,14,43,16,37,45,40,21,41,42,14,41,21,19,11,26,32,47,16,18,32,44,13,10,41,33,27,32,40,25,20,11,46,11,34,44,22,45,41,39,19,36,50,34,20,33,13,40,44,36,21,43,49,36,43,45,34,29,17,21,45,12,19,41,23,25,27,45,30,20,15,14,49,19,40,40,11,24,12,47,36,33,49,12,33,44,35,25,38,32,18,18,28,37,17,40,47,33,31,31,27,20,50,19,44,44,16,27,44,11,38,36,39,22,25,27,34,37,21,44,49,45,41,36,11,19,19,31,49,16,23,11,26,28,46,14,40,16,23,12,31,29,19,48,42,36,35,36,46,43,38,38,29,12,41,42,11,31,39,18,21,27,36,38,22,15,24,36,33,19,38,36,36,37,46,13,28,44,20,40,23,31,33,15,38,19,35,22,25,41,18,42,32,35,37,21,32,45,46,24,34,37,32,44,36,26,23,22,11,11,18,40,21,24,26,26,31,14,25,42,29,41,48,13,50,16,33,15,18,34,31,48,46,19,13,21,33,45,27,49,18,15,40,11,33,22,34,18,47,26,26,37,30,18,17,40
14,18,17,37,25,50,34,47,31,38,39,35,25,36,46,47,16,46,50,15,11,15,38,41,39,12,49,33,39,32,19,23,22,20,23,20,49,37,35,10,25,48,27,31,32,40,24,11,37,12,45,12,46,30,41,15,47,42,21,37,20,24,38,20,46,12,19,24,48,45,24,37,45,33,31,23,21,26,42,19,36,12,33,32,31,41,13,18,12,17,37,47,37,18,40,49,50,47,44,40,10,46,25,14,13,21,48,18,17,15,32,20,37,38,29,26,42,20,10,27,45,36,48,32,23,15,21,44,14,39,28,26,30,36,14,35,28,17,49,39,14,22,45,37,10,30,38,33,24,27,45,49,24,48,24,32,20,18,22,48,49,30,21,22,25,29,20,34,31,47,40,13,16,26,46,10,37,40,33,17,33,20,40,23,34,26,23,24,28,30,36,32,31,28,35,32,23,48,30,48,28,49,21,39,23,14,50,26,40,14,26,40,49,41,22,12,23,35,47,39,30,18,13,40,37,38,34,43,36,43,14,10,24,43,19,21,31,35,38,23,14,29,48,49,49,46,25,16,27,44,26,12,25,47,40,24,36,35,46,31,25,12,31,46,23,27,29,49,40,26,41,40,27,13,38,17,44,27,21,18,21,42,38,48,13,11,18,13,50,42,34,29,11,43,18,40,47,29,30,20
48,37,35,17,29,13,30,45,31,40,22,46,33,32,50,26,30,44,15,43,20,38,25,19,42,46,40,32,16,32,30,12,31,19,37,34,17,49,39,13,43,39,23,25,23,32,40,47,22,50,39,30,31,48,11,26,39,12,41,42,13,45,46,43,26,36,31,31,16,18,21,16,48,36,18,29,18,24,16,47,22,26,18,12,48,45,23,30,47,27,25,12,26,34,31,41,49,27,45,38,36,45,28,17,45,44,37,33,27,12,14,11,49,16,11,45,41,40,39,37,30,35,22,14,16,41,18,45,41,13,44,47,25,10,23,22,26,11,31,49,13,27,17,42,28,48,24,44,34,17,43,21,37,22,43,15,36,26,20,49,43,21,11,38,41,15,39,36,13,27,49,36,48,34,15,30,33,27,42,12,37,13,15,47,32,40,32,43,46,35,25,40,31,34,16,17,37,36,17,27,43,17,36,17,36,33,41,45,40,18,49,45,39,43,47,20,24,31,21,39,37,46,11,19,29,27,24,35,19,47,40,46,23,22,14,46,12,48,47,48,42,29,42,45,15,47,14,24,50,48,15,39,33,33,28,38,47,44,36,31,23,34,21,40,46,22,21,28,32,49,43,49,19,31,45,23,22,18,23,25,21,30,30,25,24,19,18,33,42,16,20,37,41,45,37,19,37,25,34,20
35,28,22,29,48,39,42,39,37,30,21,43,38,41,50,47,21,16,37,30,38,29,37,36,25,17,50,11,40,20,16,30,14,48,18,20,34,46,42,28,37,39,30,23,31,37,21,13,30,27,39,27,31,19,14,33,13,38,12,10,14,10,32,46,40,10,28,20,32,31,39,33,38,45,48,33,49,27,42,29,43,18,25,47,25,17,17,45,29,29,20,30,45,19,24,15,45,36,44,29,49,45,27,36,45,21,24,49,15,17,15,10,21,27,35,27,15,31,36,31,27,28,23,48,30,12,45,15,49,45,32,45,15,49,11,23,14,44,12,14,26,49,20,17,37,29,21,17,20,22,40,39,49,10,23,31,34,40,42,33,46,20,43,30,21,37,36,11,20,28,32,31,33,21,13,44,16,11,32,14,43,34,49,26,17,17,37,15,45,42,12,48,42,19,46,21,26,29,14,33,21,23,37,10,14,40,23,22,47,25,18,45,23,22,14,31,47,31,13,22,39,28,22,42,43,29,41,21,17,12,24,14,15,14,16,28,28,34,44,36,49,43,42,12,34,10,32,25,22,31,25,29,14,40,45,11,25,11,46,36,19,14,47,44,19,27,12,30,26,11,28,42,42,10,16,43,28,25,49,45,22,40,37,18,34,27,24,24,11,45,39,20,39,35,37,14,35,31,11,47
42,22,20,16,12,12,32,44,11,11,33,19,19,45,16,11,45,40,20,46,11,40,36,19,22,33,26,22,22,38,21,33,21,29,32,36,39,16,44,28,25,17,38,46,33,25,30,26,45,39,20,29,11,11,16,20,36,36,30,42,40,45,12,18,42,37,28,50,33,24,12,10,49,16,38,29,43,35,16,14,38,39,26,28,34,33,27,21,50,37,24,11,15,45,43,43,12,18,22,23,20,30,41,28,25,10,45,32,15,30,40,29,20,28,11,22,16,46,17,18,21,24,38,36,47,29,46,17,47,47,42,19,27,10,11,44,36,16,34,14,39,47,22,11,39,11,32,31,24,18,36,25,48,45,50,45,11,43,17,47,38,12,41,15,13,14,46,17,26,44,44,22,15,25,13,16,14,24,36,46,48,19,49,35,33,41,23,45,38,24,44,42,31,49,15,47,27,25,33,11,25,14,16,39,22,36,43,35,45,47,17,33,32,21,37,19,40,50,39,21,25,31,47,18,25,20,32,16,14,10,19,30,29,40,13,24,25,50,37,18,19,36,24,19,22,30,18,39,34,15,34,39,23,49,18,20,35,46,24,45,36,11,37,38,33,25,23,12,39,49,46,15,11,20,48,31,28,18,30,29,16,19,17,45,44,15,31,39,30,15,28,20,16,41,14,27,19,26,45,25
10,31,14,18,24,23,16,25,40,16,40,31,40,29,36,13,33,36,18,22,13,24,33,34,32,32,22,32,48,11,25,15,40,26,39,38,41,35,40,50,20,45,34,42,46,46,30,31,28,36,28,22,40,27,34,46,12,45,31,40,28,32,49,21,16,46,45,47,29,21,19,45,49,16,36,11,34,44,31,40,25,44,44,10,12,27,47,32,19,11,32,10,49,16,24,36,22,40,49,43,36,13,17,21,26,42,49,35,14,42,37,24,46,46,28,19,36,39,12,31,42,31,50,37,32,38,42,20,36,41,17,28,38,27,18,43,27,22,34,33,25,22,35,11,18,20,14,41,20,29,18,16,19,43,31,20,36,37,10,39,12,11,18,30,46,36,17,15,11,26,27,45,49,10,15,29,21,31,34,43,41,43,16,25,45,43,50,43,15,13,10,28,39,42,33,18,26,15,11,27,16,47,19,40,18,42,21,21,37,36,19,44,22,48,24,17,36,40,47,33,22,38,33,29,48,49,13,17,48,42,45,24,30,28,49,14,29,23,17,45,15,34,31,11,43,47,23,20,44,25,41,35,29,17,17,46,26,33,32,11,25,30,24,47,26,39,39,23,46,14,31,23,11,42,40,44,23,45,40,35,21,42,27,44,23,42,41,28,34,31,16,17,38,42,28,14,18,20,44,47
12,16,25,33,15,50,21,41,40,18,39,19,42,15,40,37,45,41,12,23,26,45,29,23,39,38,29,49,23,21,33,45,22,38,24,46,43,12,15,23,26,40,31,27,12,28,43,16,50,44,41,42,26,37,38,45,39,34,28,48,46,35,18,36,24,50,29,38,15,41,25,34,22,15,28,13,20,18,24,16,22,32,50,16,28,11,30,46,41,26,29,30,24,32,32,43,31,49,10,39,36,20,48,47,30,22,43,17,11,11,35,47,14,19,31,43,22,38,17,24,11,12,45,15,14,38,19,42,14,44,41,49,17,29,32,21,40,46,32,37,42,30,48,32,43,28,46,28,33,14,19,31,48,18,19,47,30,40,29,33,21,18,42,33,31,12,16,18,32,40,47,45,48,32,18,12,26,42,28,49,46,18,21,38,16,23,27,30,36,29,27,30,44,24,22,13,35,45,46,35,22,45,43,19,11,36,33,34,20,22,11,34,20,14,44,36,34,45,11,26,42,43,35,41,20,24,17,34,39,14,33,30,10,25,35,24,19,27,13,17,38,36,26,36,36,15,21,28,38,31,15,16,27,11,25,23,44,28,23,46,25,22,40,18,48,22,48,22,30,34,37,39,24,28,45,15,48,28,13,21,17,30,31,36,45,32,47,13,16,19,19,46,35,39,48,11,49,32,24,34
24,37,34,29,28,45,20,44,37,22,30,40,25,35,44,46,39,32,40,20,27,47,43,41,43,48,18,20,28,13,13,39,41,45,38,43,37,47,40,44,14,33,43,20,22,21,36,13,28,47,30,44,32,11,29,23,25,12,15,12,34,39,35,43,42,25,16,23,34,34,48,31,36,41,31,40,33,43,40,46,20,17,36,39,17,12,29,38,15,20,39,36,39,38,34,47,47,12,16,23,11,10,27,49,48,31,21,33,36,47,21,39,20,35,19,29,46,17,19,48,43,40,49,31,50,40,13,14,17,39,15,15,18,28,18,35,26,24,17,16,22,30,19,25,40,43,48,44,10,13,21,40,14,22,34,34,30,28,19,22,46,31,45,12,36,18,36,11,36,13,31,13,27,25,29,49,14,18,40,29,31,23,46,17,37,13,29,24,44,14,32,17,29,39,23,43,26,50,29,26,34,22,26,50,48,23,35,24,24,46,23,29,41,11,23,41,41,50,37,12,29,15,25,34,24,43,42,22,29,27,34,48,33,13,39,47,43,36,21,23,28,41,23,25,16,22,50,14,45,32,17,21,23,47,33,14,11,16,45,38,13,17,21,16,23,49,33,12,33,22,40,19,45,12,20,22,28,48,16,21,28,28,41,19,34,48,41,18,28,19,49,20,13,18,19,45,30,29,22,45
43,47,39,38,29,41,22,15,35,38,18,39,18,16,43,36,13,43,20,25,40,27,46,47,31,39,31,43,34,45,29,15,24,29,42,14,32,13,12,25,31,46,32,30,13,49,17,31,27,42,16,50,32,43,36,13,21,29,18,47,21,16,35,39,50,22,24,30,26,25,21,23,31,13,28,17,25,15,28,34,49,27,48,38,19,20,11,31,33,44,45,36,29,31,39,13,42,37,23,31,28,30,29,13,12,13,22,15,43,24,17,41,39,31,19,38,16,35,32,25,37,14,26,19,24,21,39,47,42,44,24,21,26,26,27,23,20,28,49,16,46,48,42,37,46,25,49,30,36,33,25,17,21,48,23,31,18,48,43,29,29,45,14,22,49,15,27,48,12,24,40,33,26,27,32,46,24,38,18,35,34,30,36,10,20,19,43,19,46,37,33,23,12,16,17,47,41,36,34,41,24,13,27,29,31,42,13,26,19,45,44,35,32,27,44,22,19,22,24,46,45,12,43,33,48,44,24,36,40,35,35,38,21,14,13,16,13,38,32,15,19,31,20,50,32,45,46,18,24,37,27,13,25,32,38,11,22,26,13,18,20,44,20,42,19,28,47,12,24,33,39,31,15,22,15,34,11,11,19,42,40,22,49,31,50,24,16,13,36,19,49,32,29,49,44,46,40,45,45,26
25,34,21,49,37,34,20,35,16,29,19,14,45,11,32,29,26,39,11,14,28,25,37,39,48,46,42,23,22,22,39,42,14,18,47,11,21,34,46,15,28,50,13,49,38,50,15,26,23,48,11,22,16,18,18,30,40,30,11,46,47,34,23,30,21,16,26,18,44,34,43,47,44,39,39,43,46,35,50,32,11,22,35,47,33,20,13,38,28,40,46,44,28,31,26,14,27,25,44,27,23,35,29,44,41,30,41,23,40,12,33,47,34,19,27,47,47,14,36,44,27,45,20,14,47,48,31,47,26,20,49,42,46,18,22,35,20,22,12,31,47,35,33,28,23,18,25,39,32,22,32,13,37,27,22,30,32,34,19,40,33,10,33,12,38,10,18,44,30,48,49,49,38,44,42,21,20,19,43,27,46,30,17,46,46,22,48,48,49,43,42,42,46,31,44,23,47,32,48,37,24,35,46,32,42,34,20,42,39,14,22,39,16,12,17,33,30,47,24,36,42,12,19,44,24,17,36,47,40,45,30,20,40,24,41,35,29,38,25,47,21,34,11,28,29,25,15,34,17,38,36,13,37,25,25,30,10,49,19,12,43,22,18,38,44,29,40,15,45,25,31,28,47,49,41,28,29,35,28,27,27,44,47,45,35,36,46,20,13,38,47,24,38,36,20,17,44,50,27,32
16,15,11,42,13,35,45,40,45,32,28,48,11,46,31,15,22,38,15,16,50,35,36,11,42,21,45,19,39,28,22,25,13,49,31,10,16,47,47,19,38,27,27,29,23,43,38,29,49,14,41,43,17,17,12,29,46,34,21,30,15,26,50,24,39,22,21,47,47,36,34,11,39,10,27,23,46,18,37,34,15,42,29,25,19,34,21,36,20,48,38,32,43,21,26,21,35,38,29,21,24,20,17,34,46,45,50,20,29,44,36,45,26,23,44,19,10,38,31,43,43,44,28,29,25,42,49,38,40,12,24,16,45,24,20,30,15,16,41,19,36,32,37,25,39,49,13,15,12,34,28,44,47,25,11,35,48,27,11,19,39,43,19,26,18,26,49,12,23,37,17,31,42,14,26,43,42,34,25,12,34,48,35,17,15,16,48,23,16,27,22,38,20,23,28,44,27,36,43,16,23,49,42,38,17,38,42,12,38,29,24,48,14,19,13,32,30,16,27,22,18,10,27,36,14,44,50,32,45,18,37,12,10,17,11,46,45,31,36,45,32,17,21,19,37,31,13,27,50,29,15,28,14,33,48,29,14,45,32,47,38,29,44,29,32,46,20,28,12,10,35,23,18,17,18,42,10,38,41,38,41,45,39,23,19,41,19,30,29,19,18,27,16,16,15,33,40,16,44,26
24,27,42,20,33,47,48,29,17,19,30,49,21,25,42,25,33,46,45,19,33,37,43,38,29,18,36,48,15,29,28,28,35,29,33,48,29,17,33,18,31,23,38,46,39,49,12,38,37,20,27,48,13,30,39,37,32,38,24,21,39,13,33,18,48,28,34,41,15,48,20,43,44,15,37,24,22,19,12,37,49,43,21,47,36,45,25,35,40,29,11,30,48,49,27,19,32,43,26,11,19,40,22,14,28,14,27,14,15,49,24,34,25,45,22,36,48,50,35,15,21,29,33,39,37,35,27,17,17,39,17,36,19,49,25,15,41,36,20,11,10,46,20,19,15,37,35,32,49,40,13,47,14,18,41,40,41,43,44,49,39,38,32,12,48,30,40,31,46,37,30,44,32,24,40,23,35,26,11,12,37,39,29,25,17,16,14,17,18,32,26,13,40,48,33,19,39,22,45,42,36,49,38,18,31,41,37,24,26,13,47,28,13,25,25,27,15,35,15,45,20,49,47,44,18,41,14,21,15,19,37,26,37,46,17,42,45,46,34,15,42,41,32,36,24,37,39,32,15,14,32,40,15,29,29,12,23,46,36,48,14,23,37,13,47,36,24,35,26,37,40,15,19,22,49,42,19,44,48,20,20,10,42,20,17,11,30,48,32,11,38,30,34,37,31,49,39,37,42,23
37,47,32,37,28,18,15,33,29,20,24,42,42,31,13,30,15,26,44,49,46,39,42,40,13,28,42,25,34,33,16,37,21,29,17,21,44,47,17,32,37,36,43,20,31,28,22,33,32,11,47,11,42,36,27,39,43,41,18,29,37,39,27,27,24,17,32,38,38,43,22,30,45,43,34,35,13,34,20,14,36,36,37,23,23,41,26,24,35,22,37,11,49,45,23,49,44,14,16,37,47,32,19,12,16,23,35,42,22,48,47,21,38,47,17,13,44,22,11,45,13,45,45,21,21,27,45,16,20,29,19,22,40,17,39,10,45,10,21,43,16,15,28,46,36,16,32,32,21,25,28,11,25,40,14,47,16,49,17,41,27,15,32,25,23,21,47,44,17,26,38,11,22,48,39,27,17,18,15,31,44,25,13,33,31,36,49,13,18,30,42,42,16,33,20,47,44,40,14,15,42,40,14,20,32,26,29,27,18,30,40,48,34,24,45,39,49,17,19,48,48,49,35,43,22,35,33,30,32,48,11,29,36,11,28,14,48,44,30,14,35,27,45,36,31,16,48,21,25,19,38,48,22,45,24,23,22,32,22,17,38,25,22,11,23,44,34,36,46,41,47,20,18,37,22,37,17,21,27,26,42,32,16,45,13,43,23,16,29,47,13,47,22,33,17,37,33,38,28,26
39,29,40,29,19,48,30,49,21,37,49,47,27,42,42,36,19,40,39,15,19,20,40,17,41,25,38,16,31,19,39,38,15,35,49,26,46,16,25,39,43,15,49,47,11,28,43,39,49,13,47,47,19,41,43,37,18,14,37,36,38,38,42,11,18,35,49,40,20,24,37,39,22,39,10,44,16,32,41,48,48,45,12,28,43,34,18,12,13,20,40,23,11,30,47,42,35,19,47,27,41,18,15,11,46,11,17,33,41,40,24,39,15,32,45,27,17,40,24,42,33,32,42,42,43,19,37,27,23,34,10,39,13,42,18,24,44,15,12,25,15,46,39,40,20,20,50,41,38,32,43,21,19,40,45,40,12,15,26,31,26,40,27,17,42,43,17,42,32,19,14,20,19,49,15,19,35,33,19,36,49,49,12,25,18,29,26,17,39,46,49,41,47,46,33,14,18,25,16,43,27,43,22,48,44,46,27,44,25,13,33,40,14,26,22,21,19,27,18,39,32,33,24,17,28,41,15,30,12,22,16,21,29,24,38,27,22,38,13,41,13,13,37,39,12,19,35,35,19,45,31,26,38,25,42,30,41,39,14,42,11,43,43,21,47,38,41,32,50,21,16,10,46,37,47,37,21,39,25,27,47,10,33,45,14,18,27,28,48,43,11,39,34,16,16,22,11,19,30,10
28,41,24,18,46,43,43,18,38,24,24,22,12,36,34,26,10,11,13,25,30,43,40,48,37,46,18,35,24,37,12,13,25,15,15,23,14,29,31,24,29,30,18,18,14,44,44,11,19,17,33,23,25,32,42,18,32,39,37,24,25,45,18,30,29,46,38,42,46,20,39,14,11,21,15,36,13,35,31,24,24,17,11,40,20,25,15,36,50,43,44,32,34,41,43,50,16,29,15,22,32,28,34,33,34,38,22,12,13,43,34,30,49,29,29,13,18,50,46,21,15,31,15,50,22,26,28,49,23,30,42,20,42,39,44,44,18,32,28,25,38,15,21,27,19,23,46,35,37,49,24,39,37,14,25,23,41,48,26,37,38,39,40,12,39,22,27,33,49,29,46,20,48,34,39,28,43,25,27,17,21,46,18,47,22,12,15,25,48,31,42,23,37,40,31,36,39,45,26,17,31,16,40,24,13,25,41,49,21,11,22,43,22,34,13,20,39,32,26,20,12,49,46,29,38,12,48,36,13,15,42,35,38,24,18,41,12,18,24,38,48,31,37,35,49,39,38,15,43,43,42,27,50,27,40,38,25,37,38,38,12,43,27,23,10,26,18,31,10,34,37,48,48,47,19,34,13,41,15,41,39,35,43,21,23,11,34,31,19,46,26,14,32,38,12,32,14,41,41,16
12,45,46,20,24,21,41,13,48,30,41,13,39,41,25,23,14,41,32,13,10,37,22,13,34,10,28,16,32,28,16,50,49,42,14,16,28,44,12,17,43,41,39,27,24,22,15,15,35,21,11,21,22,11,26,26,16,41,45,31,46,36,19,19,14,49,39,22,31,41,16,23,42,36,44,18,45,27,15,25,43,22,45,33,16,37,10,34,44,16,35,46,20,22,49,46,25,14,28,23,45,25,13,17,24,48,44,34,11,46,48,49,38,31,26,34,11,11,22,28,13,42,21,21,27,34,46,27,41,33,43,44,37,19,27,13,12,39,11,15,35,25,23,40,38,38,35,16,12,11,21,31,32,25,28,49,19,38,27,27,46,12,48,32,12,44,10,10,39,24,23,29,26,19,18,37,39,46,44,36,16,18,32,24,32,32,35,49,27,23,25,23,13,31,13,23,36,24,36,29,47,31,37,49,11,47,42,11,34,23,45,41,26,30,14,10,50,50,34,36,23,40,18,18,46,16,41,17,37,38,31,25,18,33,41,36,41,11,42,26,45,27,18,14,30,31,16,34,31,38,46,48,47,45,37,45,36,10,10,30,28,20,22,47,36,26,30,36,10,49,11,41,33,50,48,11,12,31,39,27,21,42,29,22,36,28,27,14,21,37,50,21,30,13,15,49,39,34,41,16
18,46,46,29,47,43,41,46,12,31,14,32,23,43,36,13,12,45,43,20,15,46,36,40,30,12,35,10,49,15,49,18,31,32,25,42,16,49,38,45,29,26,29,20,20,29,24,21,24,40,38,50,35,36,12,44,22,30,47,49,44,26,38,22,20,41,37,19,22,21,32,46,12,27,34,21,24,17,39,42,32,45,29,15,24,47,17,20,33,17,31,49,31,37,43,47,46,42,40,38,45,27,31,25,23,30,26,12,17,36,11,48,33,34,32,30,35,13,38,45,29,21,13,50,48,17,48,47,48,40,21,15,46,36,37,23,23,25,34,12,41,22,11,29,48,27,28,23,29,28,36,21,26,50,36,30,41,16,12,37,45,33,32,37,34,24,26,43,50,35,32,14,35,37,43,16,12,43,17,34,33,19,50,42,17,13,46,31,43,10,43,39,30,15,18,33,39,23,12,46,38,39,39,33,42,42,30,31,35,42,31,34,47,20,11,29,15,45,23,32,20,45,34,46,30,30,43,22,15,19,46,16,44,15,29,31,27,14,18,12,21,33,49,33,10,36,18,41,30,12,45,24,49,48,32,45,27,22,19,29,15,23,13,46,30,12,48,49,20,13,24,36,21,29,21,34,20,27,23,33,24,11,21,46,30,19,17,15,39,23,42,14,22,43,33,27,50,37,30,29
22,26,30,44,14,38,20,32,22,11,45,44,11,10,41,29,38,15,42,35,11,49,43,24,48,12,17,43,26,33,37,30,44,12,13,37,49,17,39,11,34,48,19,49,24,21,25,24,44,36,37,36,17,37,13,16,23,37,32,35,26,46,23,35,32,35,49,19,18,42,11,13,23,11,41,18,39,28,42,48,21,36,25,20,12,18,24,31,15,23,18,12,42,27,43,15,27,12,13,19,33,10,45,40,17,42,48,30,50,31,25,15,15,40,48,12,44,32,38,28,44,29,15,39,18,17,49,22,25,37,22,49,40,38,29,18,18,25,27,22,16,32,30,49,24,26,39,45,37,23,17,25,20,24,45,18,40,29,31,16,35,24,47,15,42,43,17,26,47,40,42,21,12,16,38,28,39,39,46,34,38,42,50,36,20,44,40,48,44,29,22,20,43,42,39,27,14,12,22,50,30,24,21,44,22,36,45,45,30,13,28,15,47,23,11,32,33,26,49,13,33,30,33,12,18,38,36,48,49,34,47,10,13,17,23,24,34,23,12,23,46,50,12,36,33,20,13,25,38,33,11,19,12,15,16,50,48,31,29,38,12,48,39,27,48,49,17,36,36,26,19,32,27,48,45,32,16,11,40,33,41,12,47,37,18,48,23,33,48,31,15,28,14,26,16,19,48,19,26,37
19,13,30,13,26,32,33,34,49,35,43,11,17,39,49,39,15,42,47,17,28,17,16,38,19,45,27,49,32,33,14,18,33,28,16,37,47,18,39,21,22,21,12,28,12,47,24,15,38,20,43,43,50,45,45,19,48,33,41,10,30,27,32,22,36,37,11,36,30,30,33,34,41,41,19,49,44,44,25,20,15,42,45,15,18,43,15,11,43,24,47,49,27,13,25,33,36,25,19,44,18,35,15,25,41,31,28,40,29,50,43,38,37,44,16,15,27,21,14,42,24,29,11,30,16,28,16,18,14,43,47,36,16,36,12,12,19,30,36,16,22,19,19,15,35,18,41,40,23,31,16,32,29,21,16,45,27,43,43,13,39,36,38,21,11,35,41,33,26,18,16,17,49,10,35,15,16,38,38,29,46,36,22,39,15,31,21,29,14,17,15,39,12,11,29,19,12,41,31,26,47,39,35,40,30,47,20,37,46,35,39,44,46,38,38,12,48,24,25,30,29,33,34,33,32,38,26,15,17,36,42,11,35,45,48,37,12,45,42,37,44,31,16,25,30,43,26,13,10,20,49,42,13,45,34,30,26,39,39,43,30,36,33,36,43,17,22,43,41,23,12,31,37,36,29,34,43,46,26,25,45,46,33,42,35,46,19,47,10,28,24,27,37,39,39,10,13,19,27,26
21,36,39,31,42,26,48,34,31,24,12,42,35,16,32,26,13,25,44,40,14,33,26,45,24,47,29,45,26,33,44,27,37,32,44,46,16,13,43,49,40,27,11,24,11,49,26,31,45,45,16,33,20,37,12,41,50,39,43,26,24,31,44,14,15,44,27,19,29,33,44,37,42,24,37,36,36,25,19,49,31,43,44,17,42,22,27,13,17,27,38,11,32,27,41,39,33,44,48,39,39,23,34,29,44,19,12,13,35,48,46,20,28,29,30,41,25,38,13,12,47,43,43,14,13,41,14,25,19,21,38,38,11,38,46,23,21,18,30,44,14,16,40,13,13,40,22,27,25,21,36,32,33,23,26,27,32,41,48,25,50,44,27,34,45,16,45,50,30,28,33,38,21,32,25,18,43,33,45,43,40,12,14,43,30,23,21,16,31,42,11,27,41,46,47,11,38,39,18,45,45,21,47,47,33,35,23,29,36,36,23,41,44,27,12,35,45,49,50,37,20,47,47,13,27,26,24,44,40,23,16,46,43,41,17,25,32,37,26,32,11,13,33,18,48,44,45,45,39,41,29,31,19,37,11,41,35,40,48,20,13,30,13,15,31,20,47,29,22,37,15,37,22,16,28,21,29,33,33,32,16,24,42,47,39,36,39,29,43,48,20,32,15,13,35,44,24,15,35,38
14,36,27,25,48,40,19,41,41,33,32,35,42,49,34,38,41,43,13,41,30,21,41,10,16,38,25,40,20,23,22,44,33,18,23,33,37,50,41,34,26,23,50,42,41,29,39,19,45,34,11,13,17,13,25,26,40,12,11,15,19,13,44,14,44,20,22,19,17,13,23,48,26,42,46,39,26,49,35,29,25,30,15,49,38,37,12,13,14,22,38,20,33,33,17,48,37,36,45,29,41,30,20,19,46,36,22,38,49,18,49,31,43,44,19,48,24,50,28,11,49,12,48,49,11,12,21,29,30,48,43,19,31,44,42,42,13,41,38,45,29,37,39,31,42,49,27,49,24,39,23,34,10,41,38,38,15,44,38,27,38,37,32,33,23,47,32,36,44,24,43,46,45,33,22,33,15,15,18,27,39,36,36,24,14,21,40,29,40,13,50,37,40,50,44,23,49,38,11,23,31,47,25,39,20,45,36,13,33,45,26,29,22,31,27,26,47,18,38,32,17,47,34,10,33,11,48,27,21,26,12,13,34,37,47,45,45,33,47,43,47,28,19,40,37,47,13,27,30,45,21,40,34,38,49,49,16,34,42,43,19,36,21,11,22,48,26,47,34,16,12,49,17,47,45,38,37,17,42,31,15,24,13,44,42,23,23,12,40,25,24,42,32,12,31,15,27,13,14,15
45,28,12,17,38,45,19,24,17,33,23,30,20,34,12,27,29,42,40,49,46,42,41,29,41,13,31,18,10,49,33,31,13,36,30,24,31,25,10,45,33,29,26,23,12,14,24,29,44,44,15,34,20,15,39,28,18,31,45,20,34,14,45,36,22,44,29,27,22,17,27,31,39,30,15,24,35,22,26,46,29,43,21,34,15,20,31,24,42,35,24,32,49,27,24,49,36,15,29,23,25,22,26,15,18,22,32,17,46,18,43,16,13,12,46,48,35,28,36,19,48,48,17,30,48,27,18,45,30,21,41,21,27,48,21,40,46,43,23,22,31,14,32,40,30,47,37,48,46,12,13,25,11,21,39,17,35,18,31,31,13,21,20,41,48,24,21,26,11,46,15,47,48,24,20,41,21,34,29,35,33,45,47,45,27,34,45,41,46,40,28,32,44,46,33,13,16,33,43,24,19,12,44,24,37,18,31,48,41,22,26,43,26,37,48,35,17,29,25,36,34,28,34,28,33,48,47,37,24,47,36,48,48,17,30,43,44,48,23,18,34,42,42,46,43,45,36,21,15,33,41,17,26,43,14,43,36,42,26,13,46,39,12,42,16,43,12,50,22,34,47,45,37,31,16,13,38,40,40,16,13,28,34,42,49,19,31,19,14,39,26,13,32,10,15,30,30,37,16,43
14,50,44,22,35,29,28,42,27,26,10,33,25,48,42,47,49,41,17,21,43,20,28,22,18,48,21,44,10,40,12,35,20,29,41,31,43,30,14,14,45,16,32,12,36,12,34,43,38,44,42,41,12,42,23,20,34,10,19,44,28,27,29,45,44,24,45,21,26,49,22,44,31,46,20,15,21,22,16,11,33,29,36,24,15,35,14,23,31,33,49,10,29,36,30,22,48,28,25,29,17,20,17,46,29,21,11,37,36,46,27,30,16,39,21,43,42,49,43,28,13,19,45,28,29,18,33,20,31,45,40,18,27,50,22,19,17,49,50,32,23,37,41,32,38,29,32,45,45,33,16,13,29,50,29,14,21,35,20,32,35,21,40,41,33,38,17,11,16,36,33,11,28,17,10,39,45,25,33,33,16,40,49,44,21,47,10,33,47,31,19,21,21,48,47,43,17,32,24,20,19,43,50,42,20,16,18,19,43,21,13,18,23,41,26,29,12,32,21,32,15,44,16,26,24,49,13,18,23,31,25,36,17,34,37,23,16,22,20,16,18,26,18,25,36,22,44,39,29,30,35,21,44,17,50,44,25,20,48,43,50,12,35,14,41,36,17,37,46,42,50,37,12,45,41,45,48,39,42,49,14,35,31,10,18,11,19,29,37,45,33,36,15,33,10,48,40,11,17,45
23,19,28,31,36,45,20,37,10,22,43,27,22,16,11,45,36,15,12,21,24,43,49,43,26,14,28,15,12,20,47,42,43,39,48,13,48,46,34,37,30,50,31,30,14,15,16,40,32,37,21,38,12,39,38,26,13,15,16,47,11,23,34,44,41,37,36,41,36,48,22,41,32,22,36,33,37,45,13,32,41,14,17,32,25,25,23,44,49,31,30,49,40,11,21,31,48,35,17,40,35,39,37,26,43,30,48,39,49,13,27,14,41,34,42,33,33,50,36,28,30,34,27,50,26,13,40,14,41,14,27,45,30,28,19,43,17,22,11,39,37,22,14,20,40,48,28,38,20,13,40,14,49,39,32,38,14,20,22,11,25,38,11,46,19,33,39,17,25,33,32,29,39,20,18,45,32,25,23,24,28,24,17,47,34,38,42,14,36,21,48,41,39,29,10,33,15,26,18,35,25,44,25,39,28,44,13,47,33,41,44,19,22,28,20,39,18,12,21,11,24,49,24,43,13,36,43,17,18,36,23,18,25,35,31,32,14,42,34,37,37,32,29,45,46,39,17,31,47,43,35,27,34,14,42,17,47,14,40,27,49,42,10,14,28,13,18,30,23,36,22,43,39,18,20,41,32,45,30,27,16,17,39,15,12,13,19,33,44,27,40,41,25,33,24,31,23,30,33,19
38,32,27,18,42,14,15,11,16,30,11,18,13,22,24,23,30,21,45,16,27,22,17,38,16,42,30,26,26,37,35,40,39,19,18,39,17,41,21,46,39,34,33,19,38,26,10,18,16,46,40,13,33,11,38,23,24,37,23,13,27,27,15,18,50,45,15,37,46,24,26,33,16,11,35,40,41,18,21,41,26,36,43,23,12,14,50,21,36,15,16,39,38,10,39,41,13,24,48,26,15,14,48,32,23,19,13,21,13,11,12,48,35,26,37,50,23,14,13,10,34,18,31,15,33,13,29,49,30,38,24,22,18,27,16,38,37,17,27,24,36,31,19,39,11,20,18,13,22,30,19,45,21,21,29,12,10,20,23,17,48,46,50,29,15,18,43,17,27,47,21,11,32,22,36,34,23,27,37,19,17,24,34,29,19,46,25,31,19,33,31,37,18,50,41,10,44,17,28,21,38,16,24,43,24,27,23,25,17,13,30,34,17,35,13,31,33,46,17,36,22,24,34,20,13,20,44,12,24,18,14,47,31,29,33,30,15,39,20,34,15,21,35,11,14,45,39,33,18,31,23,15,43,11,24,24,30,19,20,16,33,34,48,50,21,15,34,14,15,36,39,44,44,45,33,44,10,38,13,16,16,24,22,33,29,14,31,34,21,14,31,12,20,23,39,25,45,21,32,19
28,20,15,43,18,16,21,38,12,36,32,45,38,19,33,13,38,14,44,24,11,50,11,12,32,43,27,23,24,25,45,30,31,46,32,25,27,50,45,25,24,42,17,43,45,17,46,43,25,44,34,17,20,36,27,25,24,21,15,15,48,19,38,32,27,21,28,18,38,22,48,17,10,20,27,20,49,31,38,30,49,15,17,23,43,36,46,39,22,43,21,35,35,41,44,41,36,22,44,23,29,22,22,22,38,15,47,12,35,26,36,21,48,26,21,17,38,36,35,14,29,15,11,13,21,17,18,15,26,37,37,48,37,42,48,28,33,14,45,32,27,38,16,21,11,16,28,20,13,37,29,22,40,12,47,46,15,46,22,10,41,37,17,38,18,42,15,21,19,44,18,45,12,50,30,27,28,32,49,22,28,18,35,40,16,18,27,18,14,20,35,12,22,24,36,43,15,35,20,22,34,45,32,43,28,32,33,44,38,19,33,27,21,12,38,40,22,33,26,32,43,45,41,49,36,45,40,45,38,12,20,22,35,22,15,25,24,27,49,21,11,20,14,29,25,17,48,46,13,41,16,28,19,46,47,33,39,50,22,31,43,39,45,21,22,44,32,47,46,45,13,44,18,26,37,17,48,44,11,21,12,29,43,43,33,45,30,33,12,30,43,44,31,50,47,41,42,16,40,43
20,23,25,20,15,12,26,24,25,10,10,25,21,46,46,48,40,20,35,47,12,49,15,30,49,21,44,45,18,35,45,15,45,43,12,36,44,48,12,28,11,46,11,30,27,50,42,40,28,26,37,50,29,13,28,30,30,30,39,42,20,13,37,41,48,19,49,25,25,39,19,21,27,38,43,47,10,36,31,11,19,38,15,31,28,33,31,11,28,33,47,16,20,31,18,35,14,38,12,42,41,43,40,14,40,30,48,50,27,40,20,36,44,21,49,42,12,30,31,37,23,47,42,15,35,38,31,35,47,20,43,25,47,32,42,33,20,32,15,36,22,20,31,32,49,49,13,13,23,42,27,17,24,18,25,26,15,28,49,36,11,10,46,36,25,28,11,41,40,46,16,33,26,31,42,41,48,17,29,23,38,12,48,10,40,39,36,37,25,38,22,15,10,23,42,44,40,26,46,21,34,46,46,23,23,23,12,38,43,35,13,21,45,48,46,18,44,13,49,23,31,33,32,23,32,33,26,43,37,50,44,37,12,43,35,38,46,18,43,10,13,47,29,17,26,30,17,14,29,16,36,14,18,34,13,35,20,33,29,26,40,11,21,50,22,18,28,48,27,21,16,11,34,36,17,48,21,29,34,38,11,39,13,42,17,20,25,25,45,29,48,36,16,32,16,39,41,37,15,30
38,46,32,43,22,32,32,12,35,42,14,31,22,46,31,28,49,27,29,23,21,34,22,32,45,26,40,33,34,20,21,11,34,14,14,16,17,29,29,30,20,20,28,13,38,14,15,34,26,41,47,10,29,31,26,48,11,26,50,25,20,44,50,20,49,48,46,26,14,21,43,45,14,11,17,46,31,21,21,28,29,39,15,22,49,25,48,48,45,25,35,14,48,13,31,21,30,35,36,18,33,35,31,32,22,13,36,42,11,26,37,32,28,18,19,20,43,25,42,11,39,47,33,13,12,38,38,39,37,22,24,42,45,32,37,13,24,23,27,12,46,17,36,37,28,14,50,31,14,32,49,37,38,30,30,37,13,16,42,11,47,20,21,44,34,21,45,39,34,23,49,49,16,30,21,23,14,24,22,26,46,12,34,36,34,24,13,12,20,13,41,15,26,50,15,46,31,38,34,37,26,36,26,30,34,20,36,21,25,34,33,11,32,29,43,14,44,11,43,28,15,49,31,33,48,30,18,38,20,39,38,32,41,42,17,44,26,28,25,11,41,30,13,10,23,41,33,47,27,30,36,29,12,16,12,41,30,48,36,44,38,50,21,16,16,33,43,36,32,12,18,47,49,46,21,23,31,23,18,34,46,16,14,37,41,23,14,34,27,33,36,29,24,41,18,21,26,11,39,28
38,13,46,25,50,44,21,36,41,20,17,31,29,14,32,20,12,21,21,47,27,21,18,30,14,30,44,18,35,24,28,41,31,29,14,24,47,21,24,29,38,14,10,44,22,27,49,44,22,36,32,26,23,17,13,18,47,17,45,31,12,16,21,25,42,43,24,27,26,15,30,24,29,40,47,27,40,36,48,36,11,26,47,27,14,10,11,38,14,18,29,43,20,26,33,42,33,33,20,13,43,13,43,21,46,33,17,36,27,28,38,15,35,33,29,32,46,37,38,25,47,41,21,11,39,20,21,48,43,34,11,21,28,42,47,37,15,48,23,18,16,44,39,49,36,45,32,29,10,37,15,41,45,31,47,28,42,47,19,35,38,32,19,32,11,36,29,50,36,17,19,20,27,27,49,22,45,28,40,14,17,27,40,22,49,18,36,31,33,46,47,39,34,22,28,39,30,46,12,39,12,45,26,45,45,16,26,45,34,16,14,24,10,48,27,22,23,34,46,32,22,21,26,39,46,33,36,20,25,43,22,23,50,43,34,28,32,13,12,48,36,11,26,15,40,26,17,18,33,25,31,15,23,50,28,16,47,14,41,24,33,36,48,29,29,43,39,44,42,17,45,32,21,22,14,18,42,41,27,19,30,33,49,33,43,38,12,45,38,37,45,20,32,26,14,18,34,41,31,15
32,11,25,24,43,47,47,22,15,40,39,25,41,19,27,37,21,43,27,22,19,41,30,38,43,48,41,34,20,13,35,41,30,28,30,17,30,37,33,26,46,38,49,21,36,44,30,37,17,39,49,14,35,17,11,30,12,30,25,14,35,26,33,37,21,17,44,11,43,34,23,23,36,22,32,32,22,19,11,36,28,34,14,15,34,41,48,27,15,31,30,26,36,32,46,26,48,22,29,37,27,44,37,12,49,18,24,20,33,38,30,20,21,38,31,34,40,41,14,36,18,40,45,34,17,40,26,40,36,43,25,39,22,26,39,34,25,25,14,43,32,43,31,49,28,32,34,25,43,42,21,32,32,39,36,11,11,40,13,31,50,48,35,14,32,36,41,36,30,40,37,15,36,42,15,21,43,11,50,12,19,13,13,45,30,22,12,30,30,50,27,27,28,20,31,27,48,10,16,35,35,35,41,40,14,12,42,47,33,26,29,38,29,32,49,46,17,28,15,40,40,27,44,34,13,22,12,50,17,27,44,42,33,48,14,19,10,43,42,42,47,14,27,20,33,37,21,37,39,17,29,22,47,13,30,17,42,26,25,29,43,41,24,31,50,40,17,16,18,46,27,44,32,10,42,18,33,25,38,15,23,30,46,40,46,35,20,19,20,31,30,40,19,38,28,26,29,15,14,11
25,49,41,16,13,38,42,21,14,43,23,50,22,42,19,23,12,20,26,31,21,31,12,33,38,25,23,21,16,24,11,39,42,30,35,48,50,49,36,10,41,22,19,19,24,22,41,47,13,18,25,39,28,15,32,26,32,23,46,17,33,44,43,24,41,32,40,14,11,11,37,45,11,34,35,38,23,34,24,19,11,26,32,18,45,45,11,33,41,37,16,43,26,28,15,11,46,19,28,48,44,30,26,31,41,34,38,44,47,12,14,25,41,26,21,33,41,27,39,17,17,15,16,21,21,44,33,30,29,40,10,14,28,38,17,43,16,21,17,29,32,35,32,38,12,15,46,22,47,38,41,14,33,13,10,36,39,41,39,28,23,13,38,43,19,46,49,16,48,21,43,24,19,33,40,32,26,22,39,40,43,18,36,50,40,14,15,20,11,25,28,18,15,25,20,14,25,40,19,29,33,28,17,49,12,29,23,41,11,35,47,49,14,15,38,10,19,29,44,13,29,45,41,22,15,44,18,19,16,34,20,40,26,13,28,21,47,46,46,14,10,30,35,30,31,42,39,27,48,39,17,24,42,31,20,43,11,43,18,24,11,33,39,14,22,27,10,14,10,28,36,29,13,39,21,40,45,32,10,32,30,20,41,47,39,46,50,39,13,39,49,30,46,14,24,41,11,19,19,36
23,44,40,12,40,29,25,22,29,18,33,39,10,41,47,18,12,37,40,42,31,32,46,34,45,23,14,15,43,26,47,21,17,22,46,24,26,25,45,40,44,12,47,29,34,35,11,29,45,15,11,34,17,14,13,44,45,28,40,40,22,12,11,33,22,35,18,19,30,19,47,11,48,22,12,25,34,19,27,41,48,27,17,47,36,11,35,10,31,29,11,37,18,26,13,48,45,35,36,30,17,15,20,34,32,43,42,27,33,45,39,49,33,12,38,35,28,17,46,39,34,23,20,26,39,39,44,40,16,17,39,14,46,40,33,24,34,11,26,23,44,21,38,45,30,43,33,33,17,33,42,50,47,42,21,13,47,46,15,45,19,35,30,29,21,22,30,29,30,20,50,17,33,10,45,28,20,34,26,37,31,30,49,38,10,49,25,33,49,29,31,40,31,21,28,42,25,28,36,40,18,42,38,40,40,13,31,27,10,23,46,30,22,39,49,39,48,40,34,12,48,48,45,11,19,20,10,22,10,44,28,47,11,27,36,21,37,28,17,12,20,48,45,28,36,39,20,22,49,34,25,22,12,19,44,34,42,35,19,19,44,41,49,35,16,42,20,21,12,21,12,44,12,16,37,47,23,13,43,44,42,24,22,39,45,16,24,23,48,46,13,12,36,29,25,27,15,20,24,40
33,49,32,25,26,24,41,49,39,46,23,13,19,48,22,32,35,41,50,48,19,41,15,16,14,41,44,37,27,12,22,11,36,49,21,45,13,31,32,28,12,26,24,43,23,38,49,44,48,15,41,24,12,29,46,24,42,39,46,19,31,41,18,42,14,50,15,36,12,25,25,38,16,28,38,32,33,11,29,13,27,32,27,12,18,14,41,22,16,15,20,19,20,42,41,25,19,10,26,34,45,47,40,12,15,13,11,36,13,24,35,36,26,28,11,20,35,14,33,28,50,23,11,36,43,25,33,39,44,43,31,50,25,39,34,15,41,15,33,45,35,33,33,29,37,37,21,41,17,40,48,46,17,28,29,36,41,38,10,23,39,26,21,49,18,31,27,12,20,17,11,40,18,22,44,29,49,41,36,39,42,27,19,37,24,29,25,41,28,42,26,39,18,34,33,44,27,46,17,31,15,49,41,23,11,28,12,21,29,11,34,37,33,46,43,23,15,30,24,43,13,21,25,10,39,45,22,43,26,38,34,36,42,49,16,41,36,35,17,44,28,14,31,30,31,18,36,28,44,20,49,37,29,37,34,28,21,37,41,10,29,31,38,35,34,46,36,39,43,22,42,43,15,44,12,47,15,38,31,35,43,42,42,12,28,45,49,30,37,48,19,30,24,11,27,19,13,21,15,42
30,15,19,23,39,14,24,49,48,34,20,32,13,16,46,24,24,24,23,30,14,15,15,12,41,45,49,18,20,27,36,38,44,45,14,16,44,35,33,38,15,48,20,42,46,28,38,50,24,17,45,50,17,49,13,22,11,25,24,31,37,14,32,39,20,31,17,11,18,37,17,39,27,18,26,42,22,32,47,19,38,11,30,16,32,30,21,24,22,20,21,15,16,49,22,38,30,47,28,24,17,15,14,21,16,27,44,39,48,34,21,14,40,37,19,31,31,16,14,28,13,36,17,37,16,35,30,33,18,12,37,41,28,24,40,14,27,23,41,42,40,46,21,42,22,33,34,30,24,18,35,26,32,36,11,38,47,22,35,46,43,25,24,25,37,18,30,21,15,43,32,31,31,30,23,15,35,19,48,18,44,47,38,23,44,23,45,37,24,23,18,44,36,48,28,20,29,33,28,16,24,33,40,47,37,44,44,21,17,43,17,46,18,26,44,49,35,19,27,30,43,22,32,27,28,25,30,41,13,46,14,19,49,40,32,10,20,50,29,24,18,37,20,38,21,27,17,40,36,19,40,47,44,39,40,42,33,21,38,49,13,41,18,29,35,47,27,19,35,39,32,22,18,25,48,46,21,12,17,42,20,37,31,28,42,38,35,40,19,24,34,25,24,28,43,21,12,31,38,44
18,34,37,48,29,21,30,29,30,36,25,26,24,34,14,33,28,38,50,35,30,26,21,26,48,15,45,38,19,34,15,27,30,21,38,40,19,42,10,40,11,13,14,24,35,49,41,34,18,16,40,30,19,36,47,37,22,37,29,28,30,13,23,44,36,23,49,21,20,39,21,25,32,24,36,16,36,48,23,11,30,19,10,41,13,32,17,35,32,50,22,36,17,24,48,19,40,28,33,25,30,29,19,45,36,37,10,16,26,39,44,20,45,45,35,35,33,34,29,31,30,19,40,22,34,22,17,46,26,15,23,10,26,20,40,21,50,44,26,24,44,25,30,15,32,39,21,32,21,26,18,22,42,48,17,33,29,48,31,21,43,24,41,17,23,12,35,23,38,47,44,42,41,24,20,40,34,35,42,43,50,19,11,36,40,20,16,33,32,23,48,30,25,48,11,44,16,39,30,22,30,35,26,13,18,49,33,25,22,36,29,42,36,31,10,35,45,33,43,43,32,38,33,48,23,45,27,20,49,32,38,33,18,11,33,34,25,26,39,43,41,15,47,14,24,23,37,39,14,12,11,23,18,40,15,33,41,10,45,35,28,21,39,19,21,31,16,43,17,47,44,13,23,29,20,36,31,36,15,28,33,24,37,45,28,24,47,21,30,50,32,14,33,33,32,47,12,42,10,24
47,34,14,50,16,45,35,38,46,18,42,44,11,41,22,45,47,12,23,12,48,34,26,15,23,20,24,45,37,12,16,33,28,28,50,38,24,48,25,41,41,26,38,17,21,24,37,41,36,37,33,38,14,37,11,42,16,28,32,27,13,38,48,49,50,45,16,38,41,46,30,26,15,11,18,41,35,32,24,31,30,19,43,24,41,45,35,28,19,22,26,34,25,41,26,42,40,19,43,35,18,11,39,33,27,30,45,13,18,13,16,40,24,47,41,21,40,28,48,46,38,41,36,23,31,44,35,49,34,25,42,17,33,16,13,17,22,38,32,29,45,14,15,22,38,28,16,32,49,44,34,36,26,21,36,38,37,24,17,17,27,20,34,42,20,23,30,10,12,12,32,34,16,45,22,46,31,32,31,12,18,47,16,11,44,17,19,12,19,13,44,48,47,12,27,22,37,49,39,28,32,19,27,28,16,48,16,14,47,35,31,36,41,14,16,36,13,22,31,35,15,21,19,25,24,34,46,49,25,13,21,38,49,22,38,45,28,42,45,14,41,25,44,11,50,39,43,17,23,30,14,11,32,14,27,25,15,47,28,11,15,16,15,32,42,25,36,18,40,26,22,30,34,36,37,16,30,39,15,35,16,49,11,24,34,48,15,42,17,32,41,20,33,42,15,27,25,39,28,24
13,46,40,34,28,44,14,17,19,27,38,43,28,25,23,13,15,20,15,15,47,36,21,47,28,33,21,30,30,45,38,22,31,31,34,22,49,35,48,45,46,37,28,23,33,40,44,14,33,37,18,43,11,39,24,28,24,21,29,47,21,23,33,12,36,24,46,12,27,30,47,40,12,37,42,21,41,31,45,36,20,27,40,12,16,13,19,13,37,14,39,35,31,15,49,19,34,32,20,26,49,16,32,48,36,37,28,45,44,27,39,33,22,16,12,27,37,39,18,33,33,33,33,27,34,12,27,44,35,12,41,11,13,44,21,10,36,30,40,15,23,36,34,23,45,23,13,46,16,48,19,47,33,35,12,20,39,38,17,27,32,50,47,35,10,31,39,40,12,32,37,22,36,45,28,13,34,35,41,30,23,50,24,22,12,16,19,48,46,48,47,19,44,44,23,50,21,41,17,22,38,33,36,45,23,19,12,28,14,40,12,38,17,30,41,45,35,38,22,17,22,16,30,47,40,16,23,14,40,23,42,29,43,26,24,22,19,11,13,25,24,33,13,41,29,13,40,20,48,39,24,34,49,18,22,33,12,34,23,22,16,21,40,27,43,23,19,19,22,17,16,46,42,24,32,22,42,16,13,38,29,20,21,14,37,33,20,26,16,28,22,44,49,50,29,29,29,21,16,43
26,46,26,24,10,44,42,39,42,29,38,43,19,29,21,32,23,38,50,43,21,17,47,33,14,46,45,40,47,41,11,27,18,20,39,47,30,40,15,18,41,17,39,10,15,11,14,41,44,13,34,29,44,40,38,28,43,39,17,39,49,46,48,22,50,44,13,14,17,46,33,14,36,15,43,12,28,34,44,47,20,22,21,39,44,11,28,44,34,45,37,43,45,46,11,18,25,31,46,25,30,43,25,28,42,38,38,13,44,19,11,37,14,17,34,23,41,36,49,34,24,34,49,33,40,22,40,17,47,34,30,17,36,41,40,25,38,22,21,43,15,35,39,22,43,25,38,44,35,12,33,32,13,48,23,48,39,47,22,45,26,22,13,26,48,14,28,23,12,44,26,23,47,13,20,48,16,35,11,49,29,47,36,25,27,35,41,49,32,20,13,17,32,32,46,13,22,50,20,33,16,34,25,39,15,14,35,40,16,23,22,34,27,45,31,33,16,27,22,17,37,41,30,50,18,20,40,38,14,19,24,11,36,12,16,15,26,14,13,31,45,19,17,25,28,14,27,35,28,33,14,29,20,42,11,45,42,14,21,13,21,35,26,19,26,16,17,40,17,18,45,14,21,21,26,20,43,35,46,39,34,11,19,21,48,14,26,16,47,40,44,33,28,11,49,39,41,43,49,13
30,31,12,45,48,42,16,19,28,13,22,43,31,22,26,36,27,33,46,22,13,34,48,34,21,49,32,23,42,39,35,35,24,20,38,50,17,15,43,18,48,38,46,22,28,17,40,12,34,35,11,42,11,50,40,49,40,50,39,29,29,47,48,39,47,17,17,39,34,43,45,24,16,40,23,14,33,32,29,38,36,36,41,28,22,38,42,39,26,26,27,43,22,28,32,12,47,14,31,17,19,42,39,19,13,22,34,49,12,20,46,14,46,18,30,33,15,20,39,50,24,11,14,10,39,27,41,47,41,24,17,38,21,12,20,11,10,24,15,34,21,14,13,18,30,19,44,36,11,14,22,28,42,12,18,24,15,23,47,32,40,37,48,28,46,22,43,36,24,29,14,38,40,31,22,38,19,22,32,49,14,26,16,46,31,22,28,15,46,48,18,39,44,37,31,33,38,30,12,24,27,44,45,14,24,30,31,29,35,42,32,32,46,36,39,33,23,46,34,20,34,31,41,47,48,32,15,11,21,49,34,40,18,28,35,49,34,34,12,46,37,23,26,20,48,32,37,50,41,16,31,19,24,45,37,30,35,11,17,42,36,33,29,35,37,31,37,14,44,14,30,36,36,44,36,41,15,31,31,28,47,44,41,34,14,27,48,43,43,26,18,23,26,36,45,39,39,36,31,47
16,39,15,25,48,10,50,50,26,44,50,23,47,37,39,17,25,31,49,22,19,42,23,20,29,11,43,34,22,36,24,13,27,36,31,50,31,21,27,47,30,20,16,47,21,18,34,11,26,17,43,29,39,40,26,35,27,40,35,13,42,44,10,37,37,27,39,16,14,43,11,40,31,46,17,31,41,43,19,43,44,32,38,10,19,13,43,22,49,25,14,40,45,32,17,20,26,14,18,23,21,13,30,23,13,37,43,13,12,45,26,35,33,38,14,44,23,20,37,27,14,21,12,36,11,17,48,23,44,39,49,13,25,28,19,21,26,37,18,42,37,30,26,20,26,15,35,18,32,24,12,45,34,21,30,45,42,15,34,26,45,46,29,38,12,38,37,23,44,11,33,10,14,33,31,30,33,24,15,29,30,13,49,43,20,41,43,40,11,38,17,12,45,39,18,17,17,41,15,23,18,18,26,28,39,22,42,21,35,21,12,49,29,13,23,36,22,31,26,21,28,49,45,12,22,40,19,30,45,24,44,22,43,18,13,22,14,12,45,29,19,32,16,44,27,36,24,45,20,38,42,41,25,38,19,44,16,19,34,49,20,39,34,17,48,26,37,40,42,47,26,49,22,43,23,46,38,19,44,16,16,35,38,43,42,40,39,29,35,48,42,13,38,48,30,50,21,13,26,11
